0.300000 0.000000 0.040000 0.000000 0.000000 0.000000 0.000000 0.000000 0.000000 0.000000 0.000000 0.000000 0.065500 0.065500 0.065500 0.065500
0.300000 0.000000 0.040001 0.000000 0.000000 0.000000 0.000000 0.000000 0.000098 0.000000 0.000000 0.000000 0.065468 0.065468 0.065468 0.065468
0.300000 0.000000 0.040058 0.000023 0.000356 0.000001 -0.000017 0.000001 0.011276 0.000195 0.071685 0.004617 0.075061 0.062281 0.079583 0.062266
0.299998 0.000000 0.040434 0.000176 0.002358 -0.000084 -0.000250 0.000011 0.041426 -0.017147 0.185356 0.016786 0.083279 0.059503 0.085709 0.060845
0.299985 0.000001 0.041359 0.000549 0.005596 -0.000529 -0.001027 0.000033 0.083310 -0.037829 0.235048 0.033502 0.087742 0.058941 0.088236 0.059284
0.299948 0.000003 0.042959 0.001191 0.009175 -0.001102 -0.002495 0.000099 0.130459 -0.033060 0.237198 0.052199 0.089200 0.059224 0.088880 0.058451
0.299870 0.000010 0.045274 0.002116 0.012632 -0.001438 -0.004634 0.000297 0.178157 -0.007021 0.223011 0.071024 0.088655 0.059834 0.088209 0.058376
0.299737 0.000025 0.048288 0.003316 0.015861 -0.001300 -0.007379 0.000737 0.223286 0.029080 0.207939 0.088737 0.086974 0.060558 0.086574 0.058937
0.299539 0.000056 0.051947 0.004769 0.018879 -0.000615 -0.010671 0.001521 0.264094 0.065505 0.194726 0.104586 0.084684 0.061363 0.084307 0.059890
0.299265 0.000111 0.056177 0.006443 0.021707 0.000579 -0.014452 0.002712 0.299777 0.097095 0.182311 0.118167 0.082079 0.062246 0.081680 0.061042
0.298908 0.000199 0.060901 0.008303 0.024348 0.002192 -0.018669 0.004343 0.330143 0.122214 0.169678 0.129314 0.079351 0.063183 0.078910 0.062255
0.298462 0.000328 0.066038 0.010312 0.026794 0.004131 -0.023265 0.006421 0.355370 0.141068 0.156394 0.138018 0.076622 0.064145 0.076130 0.063461
0.297924 0.000506 0.071513 0.012433 0.029036 0.006306 -0.028185 0.008940 0.375846 0.154496 0.142529 0.144369 0.073979 0.065096 0.073447 0.064611
0.297291 0.000743 0.077259 0.014633 0.031068 0.008644 -0.033380 0.011883 0.392062 0.163375 0.128461 0.148518 0.071473 0.066011 0.070917 0.065693
0.296561 0.001045 0.083213 0.016881 0.032889 0.011084 -0.038804 0.015229 0.404542 0.168477 0.114455 0.150649 0.069152 0.066870 0.068578 0.066687
0.295733 0.001419 0.089324 0.019146 0.034501 0.013573 -0.044415 0.018953 0.413804 0.170455 0.100639 0.150958 0.067030 0.067667 0.066444 0.067596
0.294809 0.001870 0.095547 0.021404 0.035908 0.016069 -0.050178 0.023032 0.420334 0.169855 0.087177 0.149645 0.065116 0.068393 0.064532 0.068412
0.293788 0.002404 0.101843 0.023631 0.037117 0.018539 -0.056060 0.027438 0.424577 0.167209 0.074209 0.146905 0.063416 0.069048 0.062840 0.069137
0.292671 0.003025 0.108180 0.025808 0.038134 0.020955 -0.062034 0.032149 0.426929 0.162955 0.061778 0.142921 0.061924 0.069632 0.061360 0.069777
0.291461 0.003737 0.114533 0.027917 0.038970 0.023297 -0.068075 0.037139 0.427737 0.157441 0.049973 0.137865 0.060628 0.070148 0.060086 0.070336
0.290158 0.004543 0.120880 0.029943 0.039634 0.025547 -0.074161 0.042386 0.427305 0.150985 0.038921 0.131894 0.059520 0.070598 0.059007 0.070817
0.288764 0.005446 0.127205 0.031873 0.040138 0.027696 -0.080274 0.047868 0.425890 0.143860 0.028584 0.125153 0.058589 0.070985 0.058102 0.071227
0.287280 0.006449 0.133494 0.033697 0.040491 0.029734 -0.086396 0.053563 0.423712 0.136286 0.018916 0.117773 0.057821 0.071312 0.057365 0.071569
0.285709 0.007553 0.139736 0.035406 0.040705 0.031657 -0.092512 0.059452 0.420958 0.128429 0.009940 0.109872 0.057200 0.071583 0.056776 0.071850
0.284051 0.008761 0.145925 0.036994 0.040789 0.033461 -0.098609 0.065514 0.417782 0.120398 0.001681 0.101557 0.056710 0.071803 0.056322 0.072076
0.282310 0.010074 0.152055 0.038454 0.040754 0.035146 -0.104675 0.071729 0.414311 0.112309 -0.005860 0.092923 0.056342 0.071973 0.055988 0.072248
0.280485 0.011494 0.158123 0.039783 0.040612 0.036711 -0.110701 0.078078 0.410650 0.104282 -0.012754 0.084058 0.056085 0.072097 0.055763 0.072369
0.278580 0.013020 0.164125 0.040977 0.040371 0.038158 -0.116675 0.084541 0.406885 0.096342 -0.019012 0.075038 0.055919 0.072178 0.055631 0.072449
0.276595 0.014653 0.170062 0.042035 0.040041 0.039489 -0.122591 0.091101 0.403082 0.088515 -0.024704 0.065929 0.055839 0.072222 0.055578 0.072488
0.274532 0.016395 0.175934 0.042956 0.039629 0.040706 -0.128439 0.097737 0.399295 0.080874 -0.029883 0.056794 0.055833 0.072228 0.055600 0.072487
0.272393 0.018245 0.181741 0.043741 0.039144 0.041812 -0.134213 0.104432 0.395565 0.073435 -0.034477 0.047687 0.055887 0.072200 0.055685 0.072452
0.270179 0.020202 0.187485 0.044389 0.038594 0.042811 -0.139908 0.111167 0.391923 0.066190 -0.038553 0.038655 0.055997 0.072143 0.055818 0.072389
0.267892 0.022267 0.193167 0.044902 0.037986 0.043705 -0.145518 0.117924 0.388391 0.059129 -0.042189 0.029738 0.056150 0.072060 0.055995 0.072299
0.265534 0.024439 0.198790 0.045282 0.037328 0.044496 -0.151038 0.124685 0.384984 0.052272 -0.045388 0.020972 0.056343 0.071952 0.056209 0.072183
0.263105 0.026716 0.204357 0.045532 0.036624 0.045190 -0.156464 0.131433 0.381712 0.045659 -0.048142 0.012390 0.056569 0.071820 0.056458 0.072042
0.260607 0.029098 0.209869 0.045655 0.035883 0.045788 -0.161792 0.138151 0.378581 0.039264 -0.050522 0.004018 0.056823 0.071670 0.056726 0.071885
0.258042 0.031584 0.215330 0.045654 0.035109 0.046295 -0.167019 0.144823 0.375592 0.033059 -0.052592 -0.004122 0.057097 0.071502 0.057016 0.071709
0.255411 0.034171 0.220742 0.045533 0.034305 0.046712 -0.172142 0.151433 0.372745 0.027077 -0.054339 -0.012007 0.057390 0.071318 0.057324 0.071516
0.252715 0.036858 0.226108 0.045295 0.033479 0.047044 -0.177160 0.157965 0.370037 0.021319 -0.055803 -0.019622 0.057698 0.071119 0.057643 0.071309
0.249956 0.039644 0.231430 0.044945 0.032632 0.047294 -0.182068 0.164404 0.367464 0.015745 -0.056971 -0.026952 0.058014 0.070909 0.057973 0.071093
0.247136 0.042525 0.236712 0.044487 0.031770 0.047463 -0.186867 0.170737 0.365020 0.010336 -0.057897 -0.033989 0.058338 0.070691 0.058304 0.070869
0.244255 0.045499 0.241956 0.043926 0.030896 0.047555 -0.191554 0.176948 0.362701 0.005108 -0.058624 -0.040723 0.058665 0.070465 0.058641 0.070635
0.241315 0.048564 0.247164 0.043267 0.030012 0.047571 -0.196128 0.183027 0.360500 0.000066 -0.059128 -0.047150 0.058996 0.070233 0.058979 0.070396
0.238317 0.051717 0.252339 0.042513 0.029123 0.047516 -0.200588 0.188959 0.358411 -0.004779 -0.059441 -0.053262 0.059329 0.069994 0.059319 0.070149
0.235263 0.054956 0.257483 0.041670 0.028230 0.047391 -0.204934 0.194734 0.356428 -0.009459 -0.059605 -0.059058 0.059659 0.069753 0.059653 0.069903
0.232154 0.058276 0.262599 0.040742 0.027336 0.047198 -0.209164 0.200340 0.354545 -0.013990 -0.059645 -0.064539 0.059987 0.069510 0.059985 0.069654
0.228991 0.061675 0.267688 0.039734 0.026442 0.046940 -0.213278 0.205767 0.352757 -0.018336 -0.059515 -0.069702 0.060312 0.069264 0.060317 0.069401
0.225775 0.065150 0.272752 0.038652 0.025551 0.046620 -0.217276 0.211006 0.351059 -0.022488 -0.059244 -0.074548 0.060637 0.069017 0.060643 0.069146
0.222508 0.068697 0.277794 0.037499 0.024666 0.046241 -0.221158 0.216048 0.349446 -0.026478 -0.058862 -0.079078 0.060954 0.068770 0.060965 0.068894
0.219191 0.072312 0.282815 0.036280 0.023787 0.045803 -0.224925 0.220884 0.347914 -0.030336 -0.058339 -0.083296 0.061264 0.068526 0.061279 0.068645
0.215825 0.075993 0.287818 0.035001 0.022917 0.045311 -0.228576 0.225506 0.346459 -0.034039 -0.057703 -0.087208 0.061570 0.068283 0.061587 0.068396
0.212411 0.079734 0.292803 0.033665 0.022057 0.044765 -0.232112 0.229909 0.345077 -0.037565 -0.057051 -0.090815 0.061872 0.068043 0.061885 0.068149
0.208951 0.083533 0.297773 0.032277 0.021207 0.044168 -0.235533 0.234085 0.343765 -0.040913 -0.056381 -0.094124 0.062166 0.067804 0.062180 0.067904
0.205445 0.087385 0.302730 0.030842 0.020367 0.043523 -0.238840 0.238030 0.342521 -0.044092 -0.055615 -0.097137 0.062453 0.067568 0.062469 0.067663
0.201895 0.091286 0.307673 0.029364 0.019540 0.042833 -0.242033 0.241738 0.341340 -0.047128 -0.054758 -0.099863 0.062731 0.067337 0.062749 0.067427
0.198303 0.095233 0.312606 0.027847 0.018726 0.042098 -0.245114 0.245204 0.340221 -0.050039 -0.053837 -0.102307 0.063001 0.067111 0.063020 0.067197
0.194669 0.099221 0.317530 0.026295 0.017926 0.041322 -0.248083 0.248426 0.339162 -0.052805 -0.052871 -0.104478 0.063264 0.066891 0.063283 0.066970
0.190994 0.103247 0.322445 0.024713 0.017141 0.040506 -0.250942 0.251399 0.338161 -0.055412 -0.051870 -0.106381 0.063519 0.066675 0.063537 0.066749
0.187280 0.107306 0.327353 0.023105 0.016371 0.039652 -0.253691 0.254122 0.337215 -0.057880 -0.050839 -0.108026 0.063764 0.066466 0.063783 0.066536
0.183527 0.111394 0.332255 0.021473 0.015617 0.038762 -0.256332 0.256592 0.336323 -0.060201 -0.049779 -0.109420 0.064003 0.066261 0.064021 0.066326
0.179737 0.115507 0.337153 0.019823 0.014878 0.037840 -0.258866 0.258807 0.335483 -0.062367 -0.048692 -0.110568 0.064233 0.066063 0.064251 0.066122
0.175912 0.119641 0.342046 0.018157 0.014157 0.036886 -0.261294 0.260767 0.334693 -0.064402 -0.047580 -0.111481 0.064454 0.065870 0.064472 0.065926
0.172051 0.123791 0.346937 0.016479 0.013452 0.035903 -0.263619 0.262470 0.333952 -0.066298 -0.046445 -0.112166 0.064668 0.065684 0.064686 0.065734
0.168157 0.127954 0.351826 0.014793 0.012764 0.034893 -0.265841 0.263918 0.333258 -0.068047 -0.045289 -0.112630 0.064874 0.065504 0.064892 0.065549
0.164231 0.132126 0.356714 0.013101 0.012094 0.033858 -0.267963 0.265110 0.332611 -0.069646 -0.044114 -0.112879 0.065074 0.065328 0.065092 0.065368
0.160273 0.136303 0.361601 0.011407 0.011441 0.032800 -0.269985 0.266048 0.332007 -0.071126 -0.042924 -0.112924 0.065263 0.065161 0.065280 0.065198
0.156284 0.140480 0.366489 0.009714 0.010807 0.031721 -0.271911 0.266732 0.331447 -0.072499 -0.041785 -0.112772 0.065446 0.065001 0.065459 0.065034
0.152267 0.144653 0.371378 0.008025 0.010188 0.030623 -0.273741 0.267163 0.330928 -0.073727 -0.040672 -0.112432 0.065620 0.064846 0.065635 0.064874
0.148221 0.148820 0.376269 0.006342 0.009587 0.029507 -0.275477 0.267345 0.330450 -0.074835 -0.039561 -0.111912 0.065786 0.064699 0.065798 0.064724
0.144148 0.152975 0.381162 0.004668 0.009002 0.028376 -0.277121 0.267279 0.330010 -0.075847 -0.038434 -0.111220 0.065941 0.064559 0.065956 0.064580
0.140050 0.157115 0.386058 0.003006 0.008434 0.027230 -0.278675 0.266968 0.329609 -0.076723 -0.037291 -0.110364 0.066094 0.064424 0.066107 0.064440
0.135926 0.161237 0.390957 0.001358 0.007883 0.026072 -0.280141 0.266415 0.329243 -0.077483 -0.036194 -0.109353 0.066236 0.064297 0.066247 0.064311
0.131779 0.165336 0.395859 -0.000274 0.007349 0.024903 -0.281521 0.265624 0.328912 -0.078155 -0.035127 -0.108194 0.066370 0.064178 0.066381 0.064188
0.127610 0.169410 0.400766 -0.001887 0.006830 0.023726 -0.282817 0.264597 0.328616 -0.078703 -0.034060 -0.106896 0.066499 0.064063 0.066510 0.064069
0.123419 0.173454 0.405676 -0.003480 0.006327 0.022540 -0.284030 0.263340 0.328351 -0.079146 -0.033046 -0.105465 0.066619 0.063956 0.066627 0.063960
0.119207 0.177465 0.410591 -0.005051 0.005839 0.021349 -0.285163 0.261855 0.328117 -0.079513 -0.032054 -0.103912 0.066730 0.063856 0.066740 0.063857
0.114977 0.181439 0.415511 -0.006597 0.005365 0.020153 -0.286217 0.260147 0.327914 -0.079767 -0.031060 -0.102241 0.066838 0.063762 0.066847 0.063758
0.110728 0.185375 0.420436 -0.008117 0.004907 0.018954 -0.287195 0.258222 0.327739 -0.079900 -0.030111 -0.100460 0.066939 0.063672 0.066947 0.063665
0.106461 0.189267 0.425366 -0.009610 0.004462 0.017754 -0.288098 0.256083 0.327591 -0.079950 -0.029185 -0.098576 0.067032 0.063590 0.067040 0.063580
0.102179 0.193114 0.430300 -0.011074 0.004031 0.016554 -0.288928 0.253736 0.327468 -0.079943 -0.028320 -0.096597 0.067118 0.063514 0.067123 0.063504
0.097881 0.196912 0.435240 -0.012508 0.003612 0.015354 -0.289687 0.251185 0.327371 -0.079868 -0.027474 -0.094532 0.067196 0.063445 0.067203 0.063432
0.093570 0.200658 0.440186 -0.013910 0.003207 0.014156 -0.290377 0.248436 0.327297 -0.079712 -0.026621 -0.092386 0.067269 0.063382 0.067275 0.063367
0.089245 0.204350 0.445136 -0.015279 0.002814 0.012961 -0.291000 0.245494 0.327246 -0.079466 -0.025807 -0.090166 0.067337 0.063324 0.067343 0.063305
0.084909 0.207984 0.450092 -0.016614 0.002433 0.011770 -0.291558 0.242365 0.327216 -0.079134 -0.025008 -0.087879 0.067399 0.063272 0.067405 0.063250
0.080561 0.211558 0.455053 -0.017915 0.002063 0.010585 -0.292052 0.239055 0.327206 -0.078746 -0.024266 -0.085530 0.067455 0.063225 0.067458 0.063202
0.076204 0.215070 0.460018 -0.019180 0.001704 0.009405 -0.292485 0.235568 0.327215 -0.078296 -0.023605 -0.083126 0.067506 0.063184 0.067508 0.063158
0.071837 0.218518 0.464989 -0.020409 0.001355 0.008234 -0.292857 0.231912 0.327242 -0.077782 -0.022970 -0.080674 0.067550 0.063147 0.067553 0.063120
0.067463 0.221898 0.469965 -0.021600 0.001015 0.007070 -0.293170 0.228091 0.327286 -0.077232 -0.022318 -0.078180 0.067587 0.063117 0.067591 0.063090
0.063081 0.225208 0.474946 -0.022754 0.000685 0.005914 -0.293427 0.224112 0.327345 -0.076634 -0.021696 -0.075650 0.067622 0.063092 0.067624 0.063062
0.058693 0.228447 0.479931 -0.023869 0.000364 0.004769 -0.293628 0.219980 0.327420 -0.075977 -0.021143 -0.073089 0.067650 0.063072 0.067651 0.063040
0.054301 0.231613 0.484921 -0.024946 0.000051 0.003633 -0.293776 0.215702 0.327508 -0.075263 -0.020609 -0.070503 0.067675 0.063055 0.067677 0.063021
0.049904 0.234702 0.489915 -0.025984 -0.000255 0.002509 -0.293871 0.211283 0.327609 -0.074492 -0.020119 -0.067895 0.067696 0.063043 0.067695 0.063008
0.045503 0.237715 0.494913 -0.026983 -0.000553 0.001397 -0.293915 0.206729 0.327722 -0.073695 -0.019694 -0.065272 0.067710 0.063036 0.067709 0.063000
0.041100 0.240648 0.499916 -0.027942 -0.000845 0.000296 -0.293909 0.202048 0.327845 -0.072871 -0.019279 -0.062639 0.067720 0.063032 0.067721 0.062995
0.036696 0.243501 0.504922 -0.028862 -0.001132 -0.000791 -0.293854 0.197243 0.327978 -0.071982 -0.018896 -0.059999 0.067730 0.063031 0.067728 0.062991
0.032292 0.246272 0.509931 -0.029742 -0.001413 -0.001865 -0.293752 0.192322 0.328120 -0.071062 -0.018569 -0.057356 0.067732 0.063035 0.067730 0.062996
0.027887 0.248958 0.514944 -0.030583 -0.001689 -0.002924 -0.293603 0.187290 0.328270 -0.070112 -0.018310 -0.054714 0.067735 0.063041 0.067730 0.062999
0.023484 0.251560 0.519961 -0.031384 -0.001962 -0.003969 -0.293409 0.182154 0.328426 -0.069139 -0.018048 -0.052077 0.067728 0.063051 0.067727 0.063010
0.019083 0.254075 0.524980 -0.032145 -0.002230 -0.004999 -0.293170 0.176919 0.328589 -0.068168 -0.017745 -0.049452 0.067720 0.063065 0.067720 0.063024
0.014685 0.256503 0.530002 -0.032867 -0.002495 -0.006014 -0.292888 0.171591 0.328758 -0.067159 -0.017508 -0.046839 0.067712 0.063082 0.067708 0.063039
0.010290 0.258842 0.535027 -0.033551 -0.002756 -0.007014 -0.292563 0.166175 0.328930 -0.066110 -0.017355 -0.044242 0.067699 0.063100 0.067694 0.063057
0.005901 0.261091 0.540054 -0.034195 -0.003015 -0.007998 -0.292197 0.160678 0.329107 -0.065063 -0.017209 -0.041666 0.067680 0.063123 0.067677 0.063081
0.001516 0.263250 0.545083 -0.034801 -0.003272 -0.008966 -0.291789 0.155104 0.329287 -0.064016 -0.017078 -0.039114 0.067661 0.063149 0.067657 0.063106
-0.002862 0.265318 0.550114 -0.035368 -0.003528 -0.009917 -0.291340 0.149460 0.329469 -0.062961 -0.016978 -0.036589 0.067637 0.063177 0.067633 0.063134
-0.007233 0.267294 0.555147 -0.035898 -0.003782 -0.010853 -0.290851 0.143751 0.329653 -0.061894 -0.016922 -0.034094 0.067613 0.063208 0.067607 0.063164
-0.011596 0.269177 0.560182 -0.036391 -0.004036 -0.011772 -0.290322 0.137982 0.329839 -0.060786 -0.016907 -0.031630 0.067588 0.063239 0.067582 0.063193
-0.015950 0.270966 0.565218 -0.036848 -0.004289 -0.012675 -0.289754 0.132159 0.330025 -0.059678 -0.016934 -0.029200 0.067558 0.063273 0.067550 0.063229
-0.020295 0.272662 0.570255 -0.037268 -0.004544 -0.013560 -0.289147 0.126286 0.330210 -0.058576 -0.016993 -0.026807 0.067527 0.063308 0.067520 0.063263
-0.024630 0.274264 0.575293 -0.037652 -0.004799 -0.014429 -0.288501 0.120369 0.330395 -0.057453 -0.017015 -0.024451 0.067493 0.063344 0.067489 0.063300
-0.028953 0.275771 0.580333 -0.038001 -0.005054 -0.015280 -0.287816 0.114413 0.330578 -0.056344 -0.017024 -0.022136 0.067458 0.063383 0.067453 0.063340
-0.033265 0.277183 0.585373 -0.038316 -0.005310 -0.016114 -0.287093 0.108422 0.330760 -0.055247 -0.017109 -0.019863 0.067423 0.063423 0.067414 0.063380
-0.037564 0.278500 0.590413 -0.038597 -0.005568 -0.016932 -0.286331 0.102401 0.330939 -0.054161 -0.017258 -0.017635 0.067383 0.063466 0.067375 0.063424
-0.041850 0.279722 0.595454 -0.038846 -0.005828 -0.017734 -0.285531 0.096356 0.331116 -0.053082 -0.017378 -0.015454 0.067342 0.063510 0.067336 0.063467
-0.046122 0.280848 0.600495 -0.039061 -0.006089 -0.018518 -0.284693 0.090289 0.331290 -0.051985 -0.017473 -0.013319 0.067302 0.063553 0.067296 0.063510
-0.050379 0.281880 0.605537 -0.039245 -0.006352 -0.019286 -0.283817 0.084207 0.331460 -0.050879 -0.017563 -0.011232 0.067259 0.063597 0.067255 0.063555
-0.054620 0.282816 0.610578 -0.039399 -0.006616 -0.020037 -0.282903 0.078112 0.331627 -0.049807 -0.017666 -0.009195 0.067216 0.063644 0.067209 0.063603
-0.058845 0.283657 0.615620 -0.039521 -0.006882 -0.020771 -0.281950 0.072010 0.331790 -0.048767 -0.017845 -0.007210 0.067172 0.063692 0.067162 0.063652
-0.063053 0.284403 0.620661 -0.039615 -0.007152 -0.021490 -0.280959 0.065904 0.331948 -0.047721 -0.018074 -0.005277 0.067127 0.063739 0.067118 0.063698
-0.067243 0.285054 0.625702 -0.039680 -0.007424 -0.022192 -0.279929 0.059797 0.332102 -0.046676 -0.018254 -0.003396 0.067078 0.063787 0.067073 0.063748
-0.071414 0.285611 0.630742 -0.039717 -0.007699 -0.022879 -0.278861 0.053695 0.332251 -0.045642 -0.018392 -0.001568 0.067032 0.063836 0.067027 0.063796
-0.075566 0.286074 0.635782 -0.039727 -0.007976 -0.023549 -0.277753 0.047600 0.332395 -0.044599 -0.018572 0.000207 0.066988 0.063883 0.066980 0.063842
-0.079698 0.286443 0.640821 -0.039711 -0.008257 -0.024204 -0.276606 0.041517 0.332533 -0.043559 -0.018787 0.001930 0.066941 0.063930 0.066934 0.063891
-0.083809 0.286719 0.645860 -0.039670 -0.008540 -0.024842 -0.275419 0.035448 0.332665 -0.042537 -0.019011 0.003600 0.066896 0.063977 0.066888 0.063938
-0.087898 0.286902 0.650898 -0.039604 -0.008827 -0.025465 -0.274192 0.029396 0.332791 -0.041541 -0.019224 0.005217 0.066847 0.064025 0.066841 0.063988
-0.091966 0.286993 0.655935 -0.039513 -0.009117 -0.026072 -0.272925 0.023366 0.332911 -0.040573 -0.019421 0.006780 0.066800 0.064073 0.066793 0.064037
-0.096010 0.286992 0.660971 -0.039400 -0.009410 -0.026665 -0.271617 0.017360 0.333025 -0.039606 -0.019597 0.008290 0.066752 0.064121 0.066747 0.064084
-0.100031 0.286899 0.666006 -0.039265 -0.009705 -0.027243 -0.270269 0.011381 0.333133 -0.038650 -0.019756 0.009747 0.066704 0.064169 0.066700 0.064133
-0.104027 0.286717 0.671040 -0.039108 -0.010003 -0.027806 -0.268879 0.005432 0.333234 -0.037716 -0.019960 0.011149 0.066658 0.064216 0.066651 0.064182
-0.107998 0.286444 0.676073 -0.038931 -0.010304 -0.028354 -0.267448 -0.000485 0.333329 -0.036783 -0.020184 0.012500 0.066612 0.064263 0.066606 0.064228
-0.111943 0.286083 0.681105 -0.038733 -0.010609 -0.028888 -0.265974 -0.006367 0.333418 -0.035864 -0.020333 0.013798 0.066563 0.064310 0.066561 0.064276
-0.115861 0.285633 0.686136 -0.038517 -0.010915 -0.029408 -0.264458 -0.012211 0.333501 -0.034972 -0.020481 0.015043 0.066518 0.064356 0.066513 0.064324
-0.119752 0.285095 0.691165 -0.038282 -0.011224 -0.029914 -0.262900 -0.018015 0.333577 -0.034116 -0.020686 0.016235 0.066470 0.064403 0.066464 0.064373
-0.123616 0.284471 0.696194 -0.038030 -0.011536 -0.030408 -0.261299 -0.023777 0.333647 -0.033263 -0.020852 0.017374 0.066423 0.064449 0.066421 0.064418
-0.127450 0.283761 0.701221 -0.037761 -0.011850 -0.030887 -0.259654 -0.029495 0.333712 -0.032400 -0.020961 0.018463 0.066378 0.064494 0.066376 0.064463
-0.131255 0.282966 0.706247 -0.037477 -0.012165 -0.031354 -0.257966 -0.035166 0.333770 -0.031547 -0.021088 0.019503 0.066335 0.064537 0.066332 0.064507
-0.135029 0.282087 0.711271 -0.037177 -0.012483 -0.031807 -0.256234 -0.040789 0.333821 -0.030726 -0.021281 0.020492 0.066292 0.064581 0.066285 0.064553
-0.138773 0.281124 0.716294 -0.036862 -0.012804 -0.032247 -0.254458 -0.046361 0.333867 -0.029913 -0.021493 0.021433 0.066249 0.064623 0.066244 0.064594
-0.142485 0.280079 0.721316 -0.036534 -0.013128 -0.032675 -0.252636 -0.051882 0.333907 -0.029091 -0.021616 0.022328 0.066205 0.064664 0.066205 0.064635
-0.146165 0.278953 0.726337 -0.036192 -0.013453 -0.033090 -0.250770 -0.057349 0.333941 -0.028314 -0.021718 0.023175 0.066163 0.064706 0.066160 0.064680
-0.149812 0.277746 0.731356 -0.035839 -0.013780 -0.033494 -0.248857 -0.062761 0.333969 -0.027561 -0.021858 0.023975 0.066123 0.064747 0.066120 0.064720
-0.153424 0.276460 0.736374 -0.035473 -0.014109 -0.033885 -0.246900 -0.068117 0.333992 -0.026806 -0.021944 0.024729 0.066080 0.064787 0.066081 0.064761
-0.157003 0.275096 0.741391 -0.035097 -0.014439 -0.034265 -0.244896 -0.073415 0.334009 -0.026066 -0.021961 0.025438 0.066039 0.064827 0.066041 0.064801
-0.160546 0.273654 0.746406 -0.034710 -0.014769 -0.034634 -0.242846 -0.078654 0.334022 -0.025333 -0.021982 0.026104 0.066002 0.064865 0.066002 0.064839
-0.164053 0.272136 0.751420 -0.034314 -0.015100 -0.034991 -0.240751 -0.083832 0.334029 -0.024597 -0.022061 0.026728 0.065966 0.064901 0.065964 0.064875
-0.167524 0.270542 0.756432 -0.033909 -0.015432 -0.035336 -0.238609 -0.088949 0.334030 -0.023850 -0.022152 0.027312 0.065931 0.064935 0.065931 0.064909
-0.170957 0.268875 0.761444 -0.033495 -0.015765 -0.035670 -0.236420 -0.094003 0.334027 -0.023121 -0.022211 0.027857 0.065896 0.064969 0.065896 0.064944
-0.174352 0.267134 0.766454 -0.033073 -0.016099 -0.035993 -0.234184 -0.098994 0.334020 -0.022427 -0.022214 0.028364 0.065859 0.065003 0.065863 0.064979
-0.177709 0.265321 0.771462 -0.032644 -0.016432 -0.036305 -0.231901 -0.103921 0.334008 -0.021750 -0.022161 0.028832 0.065825 0.065036 0.065829 0.065013
-0.181026 0.263437 0.776469 -0.032208 -0.016764 -0.036607 -0.229572 -0.108782 0.333991 -0.021075 -0.022118 0.029263 0.065793 0.065068 0.065796 0.065045
-0.184302 0.261484 0.781475 -0.031766 -0.017096 -0.036899 -0.227196 -0.113578 0.333971 -0.020392 -0.022067 0.029659 0.065762 0.065099 0.065766 0.065075
-0.187539 0.259461 0.786480 -0.031318 -0.017428 -0.037180 -0.224773 -0.118307 0.333947 -0.019731 -0.022048 0.030020 0.065732 0.065129 0.065733 0.065108
-0.190733 0.257371 0.791484 -0.030865 -0.017759 -0.037450 -0.222303 -0.122969 0.333920 -0.019079 -0.022016 0.030347 0.065701 0.065159 0.065706 0.065136
-0.193886 0.255215 0.796486 -0.030408 -0.018089 -0.037711 -0.219786 -0.127564 0.333889 -0.018428 -0.021946 0.030642 0.065673 0.065187 0.065676 0.065165
-0.196995 0.252993 0.801487 -0.029946 -0.018418 -0.037962 -0.217223 -0.132091 0.333855 -0.017774 -0.021883 0.030907 0.065646 0.065213 0.065651 0.065190
-0.200062 0.250706 0.806486 -0.029481 -0.018747 -0.038202 -0.214612 -0.136548 0.333818 -0.017115 -0.021805 0.031142 0.065621 0.065238 0.065625 0.065216
-0.203084 0.248357 0.811485 -0.029012 -0.019073 -0.038433 -0.211955 -0.140937 0.333778 -0.016476 -0.021684 0.031349 0.065593 0.065263 0.065601 0.065242
-0.206061 0.245946 0.816482 -0.028540 -0.019398 -0.038654 -0.209251 -0.145257 0.333736 -0.015851 -0.021508 0.031528 0.065568 0.065288 0.065577 0.065267
-0.208992 0.243473 0.821478 -0.028066 -0.019720 -0.038865 -0.206501 -0.149508 0.333691 -0.015233 -0.021340 0.031680 0.065546 0.065311 0.065553 0.065290
-0.211878 0.240941 0.826473 -0.027590 -0.020040 -0.039067 -0.203706 -0.153688 0.333644 -0.014618 -0.021224 0.031807 0.065525 0.065333 0.065529 0.065313
-0.214717 0.238350 0.831467 -0.027112 -0.020358 -0.039259 -0.200864 -0.157799 0.333596 -0.013999 -0.021112 0.031909 0.065503 0.065355 0.065509 0.065334
-0.217508 0.235702 0.836459 -0.026632 -0.020674 -0.039443 -0.197976 -0.161840 0.333546 -0.013377 -0.020961 0.031988 0.065483 0.065374 0.065490 0.065353
-0.220252 0.232997 0.841451 -0.026152 -0.020988 -0.039616 -0.195044 -0.165811 0.333494 -0.012751 -0.020751 0.032046 0.065462 0.065393 0.065473 0.065372
-0.222947 0.230237 0.846441 -0.025671 -0.021298 -0.039780 -0.192066 -0.169712 0.333441 -0.012124 -0.020483 0.032083 0.065444 0.065411 0.065456 0.065390
-0.225592 0.227423 0.851430 -0.025189 -0.021603 -0.039935 -0.189044 -0.173542 0.333386 -0.011502 -0.020224 0.032102 0.065429 0.065427 0.065439 0.065407
-0.228188 0.224556 0.856418 -0.024708 -0.021906 -0.040080 -0.185979 -0.177302 0.333330 -0.010888 -0.020020 0.032102 0.065414 0.065443 0.065422 0.065422
-0.230733 0.221637 0.861405 -0.024226 -0.022205 -0.040216 -0.182869 -0.180992 0.333274 -0.010277 -0.019822 0.032085 0.065399 0.065458 0.065408 0.065437
-0.233228 0.218667 0.866391 -0.023745 -0.022502 -0.040343 -0.179716 -0.184612 0.333217 -0.009667 -0.019589 0.032052 0.065384 0.065472 0.065394 0.065452
-0.235671 0.215648 0.871376 -0.023264 -0.022794 -0.040461 -0.176521 -0.188163 0.333160 -0.009058 -0.019299 0.032003 0.065369 0.065486 0.065382 0.065466
-0.238062 0.212579 0.876360 -0.022785 -0.023082 -0.040570 -0.173283 -0.191643 0.333102 -0.008426 -0.018955 0.031941 0.065359 0.065497 0.065373 0.065475
-0.240400 0.209464 0.881342 -0.022306 -0.023364 -0.040669 -0.170004 -0.195053 0.333044 -0.007788 -0.018625 0.031867 0.065349 0.065508 0.065361 0.065487
-0.242685 0.206302 0.886324 -0.021829 -0.023642 -0.040758 -0.166685 -0.198394 0.332985 -0.007181 -0.018352 0.031781 0.065339 0.065519 0.065349 0.065499
-0.244916 0.203095 0.891305 -0.021352 -0.023916 -0.040839 -0.163325 -0.201666 0.332928 -0.006598 -0.018087 0.031681 0.065327 0.065531 0.065338 0.065511
-0.247093 0.199843 0.896285 -0.020878 -0.024186 -0.040911 -0.159924 -0.204868 0.332871 -0.006003 -0.017790 0.031570 0.065318 0.065541 0.065330 0.065520
-0.249215 0.196548 0.901264 -0.020405 -0.024451 -0.040974 -0.156485 -0.208002 0.332815 -0.005380 -0.017508 0.031451 0.065312 0.065548 0.065322 0.065526
-0.251282 0.193212 0.906241 -0.019934 -0.024713 -0.041028 -0.153007 -0.211066 0.332760 -0.004766 -0.017212 0.031322 0.065302 0.065557 0.065314 0.065537
-0.253294 0.189834 0.911218 -0.019465 -0.024969 -0.041073 -0.149490 -0.214063 0.332705 -0.004168 -0.016879 0.031183 0.065294 0.065565 0.065307 0.065545
-0.255249 0.186417 0.916194 -0.018998 -0.025220 -0.041109 -0.145936 -0.216991 0.332652 -0.003562 -0.016497 0.031037 0.065286 0.065572 0.065302 0.065551
-0.257147 0.182960 0.921169 -0.018534 -0.025465 -0.041136 -0.142346 -0.219852 0.332601 -0.002957 -0.016132 0.030883 0.065282 0.065579 0.065294 0.065558
-0.258989 0.179466 0.926144 -0.018072 -0.025706 -0.041154 -0.138720 -0.222645 0.332550 -0.002340 -0.015827 0.030724 0.065280 0.065583 0.065291 0.065561
-0.260773 0.175935 0.931117 -0.017612 -0.025941 -0.041163 -0.135058 -0.225370 0.332501 -0.001714 -0.015473 0.030560 0.065273 0.065588 0.065288 0.065567
-0.262499 0.172368 0.936090 -0.017154 -0.026171 -0.041162 -0.131363 -0.228029 0.332453 -0.001092 -0.015049 0.030392 0.065270 0.065592 0.065286 0.065570
-0.264167 0.168766 0.941062 -0.016700 -0.026394 -0.041153 -0.127633 -0.230620 0.332407 -0.000490 -0.014628 0.030219 0.065265 0.065597 0.065280 0.065576
-0.265775 0.165131 0.946032 -0.016248 -0.026611 -0.041135 -0.123872 -0.233146 0.332362 0.000112 -0.014269 0.030043 0.065266 0.065599 0.065278 0.065577
-0.267325 0.161463 0.951003 -0.015798 -0.026824 -0.041108 -0.120078 -0.235605 0.332319 0.000734 -0.013928 0.029864 0.065264 0.065601 0.065277 0.065579
-0.268816 0.157763 0.955972 -0.015351 -0.027031 -0.041072 -0.116252 -0.237999 0.332278 0.001339 -0.013566 0.029683 0.065261 0.065604 0.065274 0.065583
-0.270246 0.154032 0.960941 -0.014907 -0.027232 -0.041027 -0.112396 -0.240327 0.332240 0.001942 -0.013160 0.029500 0.065259 0.065606 0.065275 0.065584
-0.271616 0.150272 0.965909 -0.014466 -0.027426 -0.040973 -0.108511 -0.242591 0.332203 0.002561 -0.012712 0.029316 0.065258 0.065607 0.065275 0.065585
-0.272926 0.146483 0.970876 -0.014028 -0.027615 -0.040910 -0.104597 -0.244789 0.332168 0.003173 -0.012290 0.029131 0.065259 0.065607 0.065273 0.065586
-0.274175 0.142667 0.975842 -0.013592 -0.027796 -0.040839 -0.100656 -0.246923 0.332136 0.003770 -0.011873 0.028944 0.065257 0.065609 0.065273 0.065588
-0.275363 0.138823 0.980808 -0.013159 -0.027972 -0.040759 -0.096688 -0.248993 0.332106 0.004370 -0.011440 0.028758 0.065258 0.065609 0.065274 0.065587
-0.276489 0.134954 0.985774 -0.012729 -0.028141 -0.040670 -0.092694 -0.251000 0.332078 0.004977 -0.011041 0.028572 0.065261 0.065608 0.065274 0.065587
-0.277554 0.131060 0.990738 -0.012301 -0.028304 -0.040572 -0.088675 -0.252943 0.332052 0.005581 -0.010649 0.028387 0.065261 0.065608 0.065276 0.065586
-0.278556 0.127141 0.995702 -0.011877 -0.028462 -0.040465 -0.084632 -0.254822 0.332029 0.006189 -0.010241 0.028205 0.065264 0.065605 0.065279 0.065583
-0.279497 0.123200 1.000666 -0.011455 -0.028613 -0.040349 -0.080566 -0.256639 0.332008 0.006810 -0.009802 0.028025 0.065266 0.065603 0.065283 0.065580
-0.280375 0.119237 1.005629 -0.011036 -0.028757 -0.040225 -0.076477 -0.258394 0.331989 0.007424 -0.009332 0.027849 0.065269 0.065600 0.065286 0.065578
-0.281190 0.115253 1.010591 -0.010619 -0.028894 -0.040091 -0.072368 -0.260086 0.331972 0.008019 -0.008831 0.027675 0.065269 0.065599 0.065288 0.065578
-0.281943 0.111248 1.015553 -0.010205 -0.029023 -0.039950 -0.068239 -0.261716 0.331958 0.008599 -0.008372 0.027503 0.065275 0.065596 0.065288 0.065576
-0.282632 0.107224 1.020515 -0.009794 -0.029146 -0.039799 -0.064091 -0.263285 0.331946 0.009182 -0.007931 0.027333 0.065275 0.065594 0.065293 0.065573
-0.283259 0.103182 1.025476 -0.009385 -0.029262 -0.039641 -0.059924 -0.264792 0.331936 0.009777 -0.007490 0.027168 0.065282 0.065590 0.065296 0.065569
-0.283822 0.099122 1.030436 -0.008978 -0.029372 -0.039473 -0.055741 -0.266238 0.331929 0.010355 -0.007090 0.027006 0.065284 0.065588 0.065298 0.065568
-0.284322 0.095046 1.035396 -0.008574 -0.029476 -0.039298 -0.051541 -0.267624 0.331925 0.010934 -0.006646 0.026847 0.065287 0.065584 0.065304 0.065563
-0.284758 0.090954 1.040356 -0.008172 -0.029572 -0.039114 -0.047326 -0.268949 0.331923 0.011517 -0.006154 0.026693 0.065290 0.065581 0.065307 0.065560
-0.285130 0.086847 1.045316 -0.007773 -0.029662 -0.038922 -0.043098 -0.270214 0.331923 0.012080 -0.005692 0.026543 0.065295 0.065578 0.065310 0.065557
-0.285438 0.082726 1.050275 -0.007376 -0.029744 -0.038721 -0.038856 -0.271419 0.331925 0.012632 -0.005252 0.026395 0.065297 0.065575 0.065313 0.065555
-0.285683 0.078593 1.055234 -0.006981 -0.029820 -0.038513 -0.034602 -0.272565 0.331930 0.013182 -0.004816 0.026252 0.065302 0.065571 0.065316 0.065551
-0.285863 0.074446 1.060192 -0.006588 -0.029890 -0.038297 -0.030337 -0.273651 0.331938 0.013735 -0.004369 0.026113 0.065305 0.065567 0.065321 0.065547
-0.285980 0.070289 1.065151 -0.006197 -0.029952 -0.038072 -0.026062 -0.274678 0.331947 0.014291 -0.003911 0.025979 0.065311 0.065562 0.065326 0.065542
-0.286033 0.066121 1.070109 -0.005808 -0.030008 -0.037840 -0.021778 -0.275645 0.331959 0.014848 -0.003441 0.025851 0.065315 0.065557 0.065332 0.065536
-0.286021 0.061943 1.075067 -0.005421 -0.030056 -0.037600 -0.017486 -0.276554 0.331972 0.015385 -0.002962 0.025728 0.065319 0.065553 0.065335 0.065534
-0.285946 0.057757 1.080025 -0.005036 -0.030098 -0.037352 -0.013187 -0.277405 0.331988 0.015906 -0.002475 0.025610 0.065323 0.065548 0.065340 0.065529
-0.285806 0.053563 1.084983 -0.004652 -0.030132 -0.037097 -0.008883 -0.278197 0.332005 0.016419 -0.001986 0.025496 0.065327 0.065545 0.065343 0.065526
-0.285602 0.049361 1.089940 -0.004271 -0.030158 -0.036834 -0.004574 -0.278931 0.332024 0.016927 -0.001496 0.025386 0.065331 0.065540 0.065348 0.065521
-0.285335 0.045153 1.094898 -0.003890 -0.030177 -0.036564 -0.000262 -0.279607 0.332046 0.017431 -0.001010 0.025281 0.065335 0.065536 0.065351 0.065518
-0.285003 0.040940 1.099855 -0.003512 -0.030190 -0.036287 0.004052 -0.280226 0.332069 0.017921 -0.000589 0.025181 0.065342 0.065531 0.065355 0.065513
-0.284608 0.036722 1.104813 -0.003135 -0.030196 -0.036003 0.008369 -0.280786 0.332093 0.018408 -0.000148 0.025086 0.065344 0.065527 0.065361 0.065508
-0.284149 0.032500 1.109770 -0.002759 -0.030195 -0.035712 0.012685 -0.281290 0.332120 0.018890 0.000313 0.024997 0.065351 0.065521 0.065365 0.065503
-0.283626 0.028275 1.114728 -0.002384 -0.030187 -0.035414 0.017002 -0.281736 0.332148 0.019354 0.000723 0.024913 0.065355 0.065516 0.065369 0.065499
-0.283039 0.024048 1.119686 -0.002011 -0.030174 -0.035110 0.021317 -0.282125 0.332178 0.019796 0.001155 0.024832 0.065356 0.065514 0.065372 0.065498
-0.282389 0.019819 1.124644 -0.001639 -0.030153 -0.034799 0.025629 -0.282458 0.332209 0.020226 0.001671 0.024754 0.065356 0.065511 0.065376 0.065495
-0.281676 0.015590 1.129602 -0.001268 -0.030125 -0.034482 0.029937 -0.282733 0.332242 0.020652 0.002165 0.024679 0.065363 0.065507 0.065377 0.065491
-0.280900 0.011361 1.134560 -0.000898 -0.030089 -0.034160 0.034241 -0.282952 0.332276 0.021074 0.002623 0.024609 0.065365 0.065504 0.065381 0.065488
-0.280060 0.007133 1.139518 -0.000530 -0.030046 -0.033831 0.038538 -0.283115 0.332311 0.021493 0.003109 0.024542 0.065369 0.065499 0.065385 0.065483
-0.279158 0.002906 1.144477 -0.000162 -0.029997 -0.033496 0.042829 -0.283221 0.332347 0.021894 0.003550 0.024480 0.065373 0.065495 0.065387 0.065481
-0.278193 -0.001318 1.149436 0.000205 -0.029941 -0.033155 0.047112 -0.283271 0.332385 0.022284 0.004011 0.024422 0.065375 0.065491 0.065392 0.065476
-0.277166 -0.005538 1.154395 0.000571 -0.029877 -0.032809 0.051385 -0.283265 0.332423 0.022659 0.004477 0.024367 0.065379 0.065488 0.065393 0.065474
-0.276077 -0.009754 1.159354 0.000937 -0.029807 -0.032458 0.055649 -0.283203 0.332462 0.023017 0.004937 0.024316 0.065380 0.065485 0.065397 0.065471
-0.274926 -0.013966 1.164314 0.001301 -0.029729 -0.032102 0.059901 -0.283085 0.332501 0.023364 0.005435 0.024267 0.065382 0.065482 0.065398 0.065470
-0.273713 -0.018172 1.169275 0.001665 -0.029645 -0.031741 0.064141 -0.282912 0.332541 0.023688 0.005883 0.024219 0.065385 0.065480 0.065398 0.065468
-0.272438 -0.022371 1.174235 0.002028 -0.029554 -0.031376 0.068368 -0.282683 0.332582 0.023991 0.006275 0.024173 0.065385 0.065479 0.065398 0.065468
-0.271103 -0.026563 1.179196 0.002390 -0.029457 -0.031006 0.072581 -0.282398 0.332624 0.024295 0.006685 0.024130 0.065388 0.065475 0.065402 0.065463
-0.269706 -0.030748 1.184158 0.002752 -0.029353 -0.030632 0.076779 -0.282059 0.332666 0.024600 0.007165 0.024089 0.065387 0.065474 0.065404 0.065462
-0.268250 -0.034923 1.189120 0.003113 -0.029242 -0.030253 0.080961 -0.281664 0.332708 0.024879 0.007671 0.024048 0.065387 0.065473 0.065404 0.065462
-0.266733 -0.039089 1.194082 0.003474 -0.029124 -0.029871 0.085124 -0.281213 0.332750 0.025140 0.008158 0.024008 0.065388 0.065471 0.065404 0.065461
-0.265156 -0.043245 1.199045 0.003834 -0.028998 -0.029485 0.089270 -0.280708 0.332793 0.025384 0.008600 0.023969 0.065389 0.065470 0.065402 0.065461
-0.263519 -0.047390 1.204009 0.004193 -0.028867 -0.029097 0.093396 -0.280148 0.332835 0.025608 0.008996 0.023930 0.065390 0.065470 0.065402 0.065461
-0.261824 -0.051522 1.208973 0.004552 -0.028729 -0.028704 0.097502 -0.279534 0.332878 0.025830 0.009408 0.023892 0.065390 0.065468 0.065404 0.065459
-0.260069 -0.055643 1.213938 0.004910 -0.028585 -0.028309 0.101587 -0.278864 0.332920 0.026049 0.009880 0.023856 0.065389 0.065466 0.065406 0.065458
-0.258257 -0.059750 1.218903 0.005268 -0.028433 -0.027911 0.105649 -0.278140 0.332962 0.026251 0.010362 0.023820 0.065391 0.065464 0.065406 0.065456
-0.256386 -0.063843 1.223870 0.005625 -0.028274 -0.027510 0.109688 -0.277362 0.333003 0.026429 0.010812 0.023785 0.065390 0.065464 0.065404 0.065457
-0.254457 -0.067921 1.228836 0.005982 -0.028109 -0.027107 0.113702 -0.276529 0.333044 0.026588 0.011269 0.023749 0.065388 0.065464 0.065404 0.065458
-0.252472 -0.071984 1.233804 0.006338 -0.027937 -0.026702 0.117691 -0.275642 0.333085 0.026736 0.011705 0.023712 0.065390 0.065463 0.065402 0.065457
-0.250430 -0.076030 1.238772 0.006694 -0.027758 -0.026294 0.121654 -0.274701 0.333125 0.026868 0.012096 0.023676 0.065389 0.065463 0.065401 0.065458
-0.248331 -0.080059 1.243741 0.007049 -0.027574 -0.025885 0.125589 -0.273706 0.333164 0.026984 0.012492 0.023639 0.065387 0.065463 0.065400 0.065458
-0.246177 -0.084071 1.248710 0.007403 -0.027384 -0.025475 0.129496 -0.272657 0.333203 0.027097 0.012931 0.023601 0.065386 0.065462 0.065402 0.065457
-0.243967 -0.088064 1.253680 0.007757 -0.027187 -0.025063 0.133374 -0.271555 0.333241 0.027195 0.013361 0.023564 0.065387 0.065462 0.065399 0.065458
-0.241703 -0.092037 1.258651 0.008110 -0.026983 -0.024650 0.137222 -0.270399 0.333279 0.027277 0.013807 0.023526 0.065384 0.065462 0.065400 0.065458
-0.239384 -0.095991 1.263623 0.008463 -0.026773 -0.024236 0.141039 -0.269189 0.333315 0.027341 0.014286 0.023486 0.065381 0.065464 0.065396 0.065461
-0.237011 -0.099924 1.268596 0.008815 -0.026555 -0.023821 0.144823 -0.267927 0.333350 0.027382 0.014745 0.023443 0.065378 0.065466 0.065392 0.065464
-0.234585 -0.103836 1.273569 0.009166 -0.026331 -0.023407 0.148573 -0.266611 0.333384 0.027405 0.015139 0.023397 0.065377 0.065467 0.065388 0.065466
-0.232106 -0.107725 1.278544 0.009517 -0.026101 -0.022992 0.152290 -0.265242 0.333417 0.027416 0.015518 0.023348 0.065372 0.065470 0.065385 0.065469
-0.229575 -0.111591 1.283519 0.009867 -0.025866 -0.022576 0.155972 -0.263821 0.333450 0.027423 0.015916 0.023297 0.065372 0.065470 0.065384 0.065469
-0.226993 -0.115434 1.288495 0.010216 -0.025624 -0.022162 0.159618 -0.262347 0.333481 0.027415 0.016291 0.023243 0.065368 0.065473 0.065380 0.065473
-0.224359 -0.119252 1.293472 0.010565 -0.025377 -0.021747 0.163228 -0.260820 0.333511 0.027390 0.016664 0.023187 0.065366 0.065474 0.065378 0.065474
-0.221675 -0.123045 1.298449 0.010912 -0.025125 -0.021333 0.166800 -0.259241 0.333540 0.027356 0.017056 0.023129 0.065363 0.065476 0.065376 0.065476
-0.218941 -0.126812 1.303428 0.011259 -0.024866 -0.020920 0.170334 -0.257610 0.333567 0.027303 0.017480 0.023066 0.065356 0.065480 0.065371 0.065481
-0.216157 -0.130553 1.308407 0.011604 -0.024601 -0.020508 0.173829 -0.255927 0.333594 0.027232 0.017867 0.022999 0.065355 0.065482 0.065366 0.065484
-0.213325 -0.134266 1.313388 0.011949 -0.024330 -0.020097 0.177283 -0.254193 0.333619 0.027153 0.018239 0.022928 0.065350 0.065485 0.065363 0.065487
-0.210445 -0.137952 1.318369 0.012292 -0.024054 -0.019688 0.180697 -0.252407 0.333643 0.027057 0.018615 0.022852 0.065345 0.065490 0.065356 0.065493
-0.207517 -0.141608 1.323351 0.012635 -0.023772 -0.019280 0.184069 -0.250570 0.333666 0.026950 0.019011 0.022771 0.065339 0.065493 0.065354 0.065496
-0.204543 -0.145235 1.328334 0.012976 -0.023483 -0.018874 0.187398 -0.248682 0.333687 0.026839 0.019422 0.022685 0.065336 0.065497 0.065348 0.065499
-0.201522 -0.148832 1.333318 0.013315 -0.023189 -0.018470 0.190683 -0.246742 0.333707 0.026713 0.019785 0.022596 0.065333 0.065499 0.065344 0.065503
-0.198456 -0.152398 1.338303 0.013654 -0.022890 -0.018068 0.193925 -0.244753 0.333726 0.026571 0.020116 0.022502 0.065328 0.065504 0.065338 0.065508
-0.195346 -0.155933 1.343289 0.013990 -0.022586 -0.017668 0.197121 -0.242713 0.333744 0.026411 0.020441 0.022402 0.065322 0.065508 0.065333 0.065513
-0.192191 -0.159435 1.348276 0.014326 -0.022277 -0.017271 0.200272 -0.240623 0.333760 0.026244 0.020774 0.022297 0.065318 0.065512 0.065328 0.065517
-0.188992 -0.162904 1.353264 0.014660 -0.021963 -0.016877 0.203376 -0.238484 0.333775 0.026066 0.021115 0.022186 0.065311 0.065518 0.065322 0.065523
-0.185751 -0.166340 1.358253 0.014992 -0.021644 -0.016485 0.206434 -0.236295 0.333789 0.025877 0.021461 0.022068 0.065305 0.065523 0.065316 0.065529
-0.182468 -0.169741 1.363242 0.015322 -0.021319 -0.016097 0.209443 -0.234057 0.333801 0.025680 0.021807 0.021944 0.065299 0.065528 0.065310 0.065533
-0.179144 -0.173107 1.368233 0.015650 -0.020990 -0.015711 0.212404 -0.231770 0.333813 0.025473 0.022149 0.021814 0.065293 0.065533 0.065304 0.065540
-0.175779 -0.176437 1.373224 0.015976 -0.020655 -0.015329 0.215315 -0.229434 0.333823 0.025261 0.022484 0.021679 0.065290 0.065536 0.065300 0.065542
-0.172375 -0.179731 1.378217 0.016300 -0.020315 -0.014951 0.218176 -0.227050 0.333832 0.025039 0.022809 0.021538 0.065283 0.065542 0.065293 0.065549
-0.168931 -0.182988 1.383210 0.016622 -0.019971 -0.014575 0.220986 -0.224619 0.333840 0.024806 0.023122 0.021391 0.065279 0.065546 0.065288 0.065553
-0.165449 -0.186207 1.388205 0.016942 -0.019622 -0.014204 0.223745 -0.222140 0.333847 0.024565 0.023422 0.021239 0.065274 0.065551 0.065283 0.065558
-0.161930 -0.189388 1.393200 0.017260 -0.019269 -0.013836 0.226451 -0.219614 0.333852 0.024315 0.023705 0.021081 0.065269 0.065555 0.065278 0.065563
-0.158374 -0.192529 1.398196 0.017575 -0.018911 -0.013472 0.229105 -0.217041 0.333858 0.024055 0.023971 0.020917 0.065262 0.065561 0.065270 0.065570
-0.154782 -0.195631 1.403194 0.017887 -0.018549 -0.013112 0.231706 -0.214422 0.333861 0.023788 0.024283 0.020746 0.065253 0.065568 0.065265 0.065576
-0.151154 -0.198692 1.408192 0.018197 -0.018182 -0.012756 0.234253 -0.211757 0.333865 0.023517 0.024612 0.020567 0.065249 0.065573 0.065258 0.065582
-0.147493 -0.201712 1.413191 0.018504 -0.017811 -0.012405 0.236745 -0.209047 0.333867 0.023240 0.024867 0.020383 0.065246 0.065577 0.065252 0.065586
-0.143798 -0.204691 1.418191 0.018809 -0.017437 -0.012058 0.239182 -0.206291 0.333869 0.022960 0.025115 0.020194 0.065239 0.065582 0.065248 0.065591
-0.140070 -0.207627 1.423192 0.019110 -0.017058 -0.011715 0.241563 -0.203491 0.333869 0.022678 0.025420 0.019999 0.065234 0.065587 0.065244 0.065595
-0.136310 -0.210520 1.428194 0.019409 -0.016674 -0.011376 0.243888 -0.200646 0.333870 0.022383 0.025681 0.019798 0.065229 0.065593 0.065235 0.065603
-0.132520 -0.213369 1.433197 0.019704 -0.016288 -0.011042 0.246156 -0.197758 0.333870 0.022082 0.025885 0.019590 0.065225 0.065597 0.065231 0.065606
-0.128699 -0.216175 1.438201 0.019997 -0.015898 -0.010713 0.248366 -0.194827 0.333869 0.021778 0.026098 0.019377 0.065218 0.065604 0.065224 0.065613
-0.124849 -0.218935 1.443206 0.020286 -0.015505 -0.010388 0.250520 -0.191852 0.333868 0.021470 0.026311 0.019157 0.065213 0.065609 0.065219 0.065618
-0.120970 -0.221650 1.448212 0.020571 -0.015108 -0.010068 0.252615 -0.188836 0.333867 0.021163 0.026565 0.018931 0.065205 0.065614 0.065215 0.065624
-0.117063 -0.224318 1.453218 0.020854 -0.014708 -0.009752 0.254651 -0.185777 0.333865 0.020855 0.026816 0.018698 0.065202 0.065619 0.065208 0.065629
-0.113130 -0.226940 1.458226 0.021132 -0.014304 -0.009442 0.256627 -0.182678 0.333864 0.020540 0.027035 0.018459 0.065195 0.065626 0.065202 0.065636
-0.109171 -0.229515 1.463234 0.021407 -0.013897 -0.009136 0.258544 -0.179537 0.333862 0.020224 0.027265 0.018213 0.065188 0.065633 0.065195 0.065643
-0.105187 -0.232042 1.468244 0.021679 -0.013486 -0.008835 0.260401 -0.176357 0.333859 0.019906 0.027480 0.017959 0.065183 0.065638 0.065189 0.065648
-0.101178 -0.234520 1.473254 0.021946 -0.013073 -0.008539 0.262196 -0.173136 0.333857 0.019586 0.027653 0.017699 0.065177 0.065645 0.065181 0.065655
-0.097147 -0.236950 1.478265 0.022210 -0.012657 -0.008247 0.263931 -0.169877 0.333855 0.019266 0.027835 0.017431 0.065170 0.065651 0.065176 0.065661
-0.093093 -0.239330 1.483277 0.022469 -0.012237 -0.007961 0.265605 -0.166579 0.333853 0.018951 0.028059 0.017158 0.065164 0.065656 0.065172 0.065666
-0.089018 -0.241659 1.488290 0.022724 -0.011815 -0.007679 0.267216 -0.163243 0.333851 0.018637 0.028278 0.016878 0.065159 0.065662 0.065166 0.065672
-0.084922 -0.243938 1.493304 0.022975 -0.011389 -0.007402 0.268765 -0.159870 0.333850 0.018320 0.028446 0.016592 0.065155 0.065667 0.065159 0.065677
-0.080806 -0.246166 1.498319 0.023222 -0.010962 -0.007130 0.270251 -0.156460 0.333849 0.018003 0.028545 0.016301 0.065153 0.065671 0.065155 0.065681
-0.076672 -0.248342 1.503335 0.023465 -0.010533 -0.006863 0.271675 -0.153014 0.333848 0.017689 0.028636 0.016006 0.065148 0.065676 0.065151 0.065686
-0.072520 -0.250466 1.508352 0.023702 -0.010103 -0.006601 0.273036 -0.149532 0.333848 0.017379 0.028763 0.015706 0.065144 0.065680 0.065148 0.065690
-0.068351 -0.252537 1.513369 0.023936 -0.009670 -0.006343 0.274334 -0.146016 0.333848 0.017073 0.028944 0.015400 0.065136 0.065686 0.065144 0.065696
-0.064166 -0.254555 1.518387 0.024164 -0.009234 -0.006089 0.275567 -0.142465 0.333850 0.016768 0.029107 0.015088 0.065133 0.065692 0.065137 0.065702
-0.059966 -0.256519 1.523407 0.024388 -0.008797 -0.005841 0.276737 -0.138881 0.333852 0.016465 0.029208 0.014770 0.065130 0.065696 0.065133 0.065706
-0.055752 -0.258429 1.528427 0.024607 -0.008358 -0.005597 0.277842 -0.135264 0.333855 0.016167 0.029289 0.014448 0.065126 0.065701 0.065127 0.065711
-0.051525 -0.260284 1.533448 0.024822 -0.007918 -0.005357 0.278883 -0.131615 0.333859 0.015874 0.029391 0.014121 0.065121 0.065706 0.065125 0.065715
-0.047286 -0.262084 1.538470 0.025031 -0.007476 -0.005122 0.279860 -0.127934 0.333863 0.015587 0.029528 0.013788 0.065115 0.065712 0.065119 0.065721
-0.043036 -0.263829 1.543492 0.025235 -0.007033 -0.004891 0.280771 -0.124223 0.333869 0.015303 0.029639 0.013449 0.065111 0.065717 0.065114 0.065726
-0.038775 -0.265517 1.548516 0.025435 -0.006587 -0.004664 0.281617 -0.120481 0.333875 0.015025 0.029740 0.013105 0.065107 0.065721 0.065111 0.065730
-0.034505 -0.267149 1.553540 0.025628 -0.006140 -0.004442 0.282398 -0.116710 0.333883 0.014756 0.029851 0.012757 0.065104 0.065725 0.065107 0.065734
-0.030226 -0.268724 1.558566 0.025817 -0.005692 -0.004223 0.283113 -0.112911 0.333892 0.014491 0.029922 0.012406 0.065102 0.065729 0.065103 0.065737
-0.025941 -0.270242 1.563592 0.026001 -0.005243 -0.004008 0.283762 -0.109084 0.333902 0.014232 0.029976 0.012049 0.065097 0.065734 0.065099 0.065742
-0.021648 -0.271702 1.568619 0.026179 -0.004793 -0.003798 0.284346 -0.105229 0.333913 0.013979 0.030037 0.011689 0.065094 0.065738 0.065096 0.065746
-0.017351 -0.273104 1.573646 0.026351 -0.004342 -0.003591 0.284863 -0.101348 0.333925 0.013732 0.030054 0.011323 0.065091 0.065743 0.065090 0.065751
-0.013049 -0.274448 1.578675 0.026518 -0.003891 -0.003388 0.285315 -0.097441 0.333939 0.013491 0.030052 0.010952 0.065086 0.065748 0.065086 0.065756
-0.008743 -0.275733 1.583704 0.026680 -0.003440 -0.003188 0.285701 -0.093510 0.333953 0.013261 0.030119 0.010577 0.065082 0.065751 0.065086 0.065758
-0.004435 -0.276958 1.588735 0.026836 -0.002988 -0.002991 0.286020 -0.089555 0.333970 0.013042 0.030176 0.010200 0.065082 0.065754 0.065082 0.065761
-0.000125 -0.278124 1.593766 0.026986 -0.002535 -0.002798 0.286273 -0.085576 0.333988 0.012827 0.030161 0.009818 0.065078 0.065760 0.065077 0.065767
0.004186 -0.279231 1.598797 0.027130 -0.002083 -0.002608 0.286460 -0.081575 0.334007 0.012619 0.030164 0.009431 0.065073 0.065765 0.065074 0.065771
0.008496 -0.280277 1.603830 0.027269 -0.001630 -0.002421 0.286581 -0.077552 0.334027 0.012422 0.030200 0.009040 0.065071 0.065768 0.065072 0.065774
0.012805 -0.281263 1.608863 0.027401 -0.001177 -0.002237 0.286636 -0.073508 0.334049 0.012235 0.030193 0.008646 0.065070 0.065771 0.065068 0.065777
0.017112 -0.282188 1.613897 0.027528 -0.000724 -0.002056 0.286624 -0.069444 0.334073 0.012055 0.030156 0.008248 0.065065 0.065777 0.065064 0.065782
0.021415 -0.283052 1.618932 0.027649 -0.000272 -0.001877 0.286546 -0.065361 0.334097 0.011883 0.030170 0.007844 0.065060 0.065781 0.065062 0.065787
0.025714 -0.283854 1.623968 0.027763 0.000181 -0.001701 0.286401 -0.061260 0.334123 0.011723 0.030225 0.007437 0.065058 0.065784 0.065060 0.065789
0.030008 -0.284596 1.629004 0.027872 0.000635 -0.001527 0.286190 -0.057141 0.334151 0.011574 0.030231 0.007028 0.065058 0.065787 0.065056 0.065792
0.034296 -0.285275 1.634041 0.027974 0.001088 -0.001355 0.285912 -0.053005 0.334180 0.011433 0.030194 0.006615 0.065054 0.065791 0.065053 0.065796
0.038576 -0.285893 1.639079 0.028070 0.001540 -0.001186 0.285568 -0.048854 0.334210 0.011301 0.030131 0.006198 0.065053 0.065795 0.065049 0.065799
0.042849 -0.286448 1.644118 0.028160 0.001992 -0.001018 0.285158 -0.044688 0.334242 0.011179 0.030061 0.005780 0.065052 0.065796 0.065050 0.065800
0.047112 -0.286941 1.649157 0.028244 0.002442 -0.000851 0.284681 -0.040507 0.334275 0.011069 0.029986 0.005360 0.065052 0.065798 0.065049 0.065801
0.051365 -0.287372 1.654197 0.028321 0.002891 -0.000687 0.284139 -0.036314 0.334309 0.010969 0.029908 0.004939 0.065050 0.065800 0.065048 0.065803
0.055607 -0.287740 1.659238 0.028392 0.003339 -0.000523 0.283532 -0.032108 0.334345 0.010878 0.029822 0.004516 0.065051 0.065802 0.065046 0.065805
0.059838 -0.288045 1.664279 0.028456 0.003786 -0.000361 0.282858 -0.027891 0.334382 0.010797 0.029728 0.004092 0.065049 0.065805 0.065045 0.065807
0.064055 -0.288287 1.669321 0.028515 0.004231 -0.000200 0.282120 -0.023664 0.334421 0.010725 0.029621 0.003664 0.065046 0.065809 0.065041 0.065811
0.068259 -0.288466 1.674363 0.028566 0.004675 -0.000040 0.281316 -0.019427 0.334460 0.010662 0.029504 0.003233 0.065044 0.065812 0.065039 0.065814
0.072447 -0.288581 1.679406 0.028612 0.005116 0.000119 0.280447 -0.015181 0.334501 0.010610 0.029435 0.002800 0.065042 0.065813 0.065041 0.065815
0.076620 -0.288634 1.684450 0.028650 0.005558 0.000278 0.279514 -0.010928 0.334543 0.010572 0.029393 0.002367 0.065043 0.065814 0.065041 0.065815
0.080776 -0.288622 1.689494 0.028683 0.005998 0.000436 0.278515 -0.006668 0.334586 0.010544 0.029283 0.001934 0.065045 0.065815 0.065039 0.065816
0.084915 -0.288548 1.694539 0.028708 0.006436 0.000594 0.277452 -0.002402 0.334630 0.010524 0.029110 0.001498 0.065043 0.065818 0.065036 0.065819
0.089035 -0.288410 1.699585 0.028728 0.006871 0.000752 0.276325 0.001868 0.334674 0.010511 0.028963 0.001061 0.065041 0.065821 0.065036 0.065821
0.093135 -0.288208 1.704631 0.028740 0.007305 0.000910 0.275134 0.006143 0.334720 0.010508 0.028834 0.000621 0.065039 0.065823 0.065034 0.065823
0.097215 -0.287943 1.709677 0.028746 0.007736 0.001068 0.273880 0.010420 0.334766 0.010516 0.028702 0.000180 0.065039 0.065824 0.065035 0.065824
0.101274 -0.287614 1.714724 0.028746 0.008166 0.001227 0.272562 0.014700 0.334813 0.010534 0.028614 -0.000262 0.065038 0.065825 0.065036 0.065824
0.105310 -0.287221 1.719771 0.028738 0.008595 0.001385 0.271181 0.018981 0.334860 0.010561 0.028538 -0.000704 0.065038 0.065826 0.065035 0.065825
0.109323 -0.286765 1.724819 0.028724 0.009022 0.001545 0.269736 0.023262 0.334908 0.010599 0.028382 -0.001146 0.065042 0.065827 0.065034 0.065825
0.113312 -0.286246 1.729867 0.028704 0.009446 0.001705 0.268229 0.027542 0.334957 0.010646 0.028218 -0.001588 0.065041 0.065826 0.065036 0.065825
0.117276 -0.285663 1.734916 0.028677 0.009868 0.001866 0.266659 0.031820 0.335006 0.010701 0.028044 -0.002030 0.065043 0.065827 0.065034 0.065825
0.121214 -0.285016 1.739965 0.028643 0.010288 0.002028 0.265027 0.036095 0.335054 0.010765 0.027857 -0.002471 0.065043 0.065827 0.065038 0.065824
0.125125 -0.284306 1.745014 0.028603 0.010704 0.002192 0.263334 0.040367 0.335103 0.010837 0.027703 -0.002910 0.065045 0.065826 0.065039 0.065823
0.129008 -0.283533 1.750064 0.028556 0.011118 0.002356 0.261579 0.044634 0.335153 0.010919 0.027497 -0.003348 0.065048 0.065826 0.065039 0.065823
0.132862 -0.282697 1.755114 0.028502 0.011529 0.002522 0.259764 0.048895 0.335202 0.011005 0.027295 -0.003786 0.065046 0.065827 0.065040 0.065824
0.136688 -0.281797 1.760164 0.028442 0.011937 0.002690 0.257888 0.053149 0.335250 0.011097 0.027148 -0.004225 0.065047 0.065826 0.065042 0.065823
0.140482 -0.280835 1.765214 0.028375 0.012343 0.002859 0.255951 0.057396 0.335299 0.011200 0.026957 -0.004662 0.065050 0.065826 0.065041 0.065822
0.144246 -0.279810 1.770264 0.028302 0.012746 0.003030 0.253955 0.061634 0.335347 0.011311 0.026705 -0.005098 0.065051 0.065826 0.065041 0.065822
0.147978 -0.278722 1.775315 0.028222 0.013145 0.003203 0.251900 0.065862 0.335395 0.011425 0.026464 -0.005535 0.065050 0.065827 0.065042 0.065823
0.151676 -0.277573 1.780366 0.028136 0.013540 0.003377 0.249786 0.070080 0.335442 0.011546 0.026224 -0.005971 0.065052 0.065826 0.065043 0.065822
0.155341 -0.276360 1.785416 0.028043 0.013931 0.003554 0.247614 0.074286 0.335488 0.011676 0.025965 -0.006406 0.065054 0.065825 0.065045 0.065821
0.158971 -0.275086 1.790467 0.027944 0.014319 0.003733 0.245384 0.078479 0.335534 0.011810 0.025737 -0.006839 0.065055 0.065824 0.065047 0.065820
0.162566 -0.273750 1.795518 0.027838 0.014704 0.003914 0.243097 0.082659 0.335578 0.011945 0.025575 -0.007271 0.065054 0.065824 0.065050 0.065819
0.166125 -0.272353 1.800569 0.027726 0.015086 0.004098 0.240753 0.086824 0.335622 0.012083 0.025426 -0.007703 0.065055 0.065825 0.065048 0.065820
0.169646 -0.270894 1.805619 0.027607 0.015466 0.004283 0.238352 0.090973 0.335664 0.012231 0.025185 -0.008135 0.065059 0.065824 0.065048 0.065818
0.173130 -0.269374 1.810670 0.027482 0.015841 0.004472 0.235895 0.095106 0.335706 0.012388 0.024855 -0.008564 0.065063 0.065822 0.065050 0.065816
0.176575 -0.267794 1.815720 0.027350 0.016212 0.004662 0.233382 0.099221 0.335746 0.012549 0.024528 -0.008990 0.065065 0.065819 0.065053 0.065814
0.179981 -0.266153 1.820770 0.027212 0.016578 0.004856 0.230816 0.103318 0.335784 0.012708 0.024265 -0.009414 0.065065 0.065818 0.065057 0.065812
0.183346 -0.264452 1.825820 0.027068 0.016940 0.005052 0.228195 0.107395 0.335821 0.012868 0.024021 -0.009836 0.065067 0.065817 0.065058 0.065811
0.186671 -0.262691 1.830870 0.026917 0.017298 0.005251 0.225521 0.111452 0.335857 0.013029 0.023756 -0.010257 0.065068 0.065816 0.065059 0.065811
0.189954 -0.260871 1.835919 0.026760 0.017653 0.005452 0.222793 0.115487 0.335890 0.013192 0.023509 -0.010676 0.065070 0.065814 0.065062 0.065808
0.193194 -0.258992 1.840968 0.026597 0.018003 0.005656 0.220013 0.119499 0.335922 0.013359 0.023255 -0.011094 0.065072 0.065813 0.065062 0.065808
0.196392 -0.257054 1.846016 0.026427 0.018350 0.005863 0.217181 0.123488 0.335952 0.013528 0.022968 -0.011509 0.065075 0.065811 0.065065 0.065805
0.199545 -0.255058 1.851064 0.026251 0.018693 0.006072 0.214297 0.127452 0.335980 0.013698 0.022699 -0.011921 0.065078 0.065808 0.065069 0.065802
0.202654 -0.253003 1.856111 0.026069 0.019031 0.006284 0.211363 0.131391 0.336005 0.013866 0.022422 -0.012331 0.065079 0.065807 0.065069 0.065802
0.205717 -0.250891 1.861158 0.025881 0.019365 0.006499 0.208378 0.135303 0.336029 0.014032 0.022113 -0.012740 0.065081 0.065806 0.065070 0.065801
0.208735 -0.248722 1.866204 0.025687 0.019695 0.006717 0.205344 0.139188 0.336050 0.014197 0.021822 -0.013146 0.065083 0.065804 0.065073 0.065798
0.211706 -0.246497 1.871250 0.025487 0.020020 0.006937 0.202261 0.143044 0.336068 0.014364 0.021525 -0.013550 0.065087 0.065801 0.065075 0.065796
0.214629 -0.244215 1.876295 0.025280 0.020340 0.007161 0.199130 0.146871 0.336084 0.014533 0.021196 -0.013951 0.065090 0.065799 0.065078 0.065793
0.217504 -0.241877 1.881339 0.025068 0.020656 0.007386 0.195951 0.150667 0.336098 0.014696 0.020885 -0.014349 0.065092 0.065796 0.065082 0.065791
0.220331 -0.239484 1.886382 0.024850 0.020967 0.007615 0.192725 0.154432 0.336109 0.014857 0.020567 -0.014744 0.065095 0.065793 0.065083 0.065788
0.223108 -0.237036 1.891425 0.024626 0.021273 0.007846 0.189454 0.158165 0.336118 0.015016 0.020218 -0.015136 0.065099 0.065790 0.065086 0.065786
0.225836 -0.234534 1.896466 0.024396 0.021574 0.008080 0.186137 0.161864 0.336123 0.015170 0.019887 -0.015524 0.065101 0.065788 0.065090 0.065783
0.228513 -0.231978 1.901507 0.024160 0.021870 0.008316 0.182776 0.165529 0.336126 0.015320 0.019550 -0.015910 0.065105 0.065785 0.065092 0.065780
0.231138 -0.229369 1.906547 0.023918 0.022160 0.008555 0.179371 0.169159 0.336126 0.015469 0.019183 -0.016292 0.065108 0.065782 0.065095 0.065777
0.233712 -0.226708 1.911585 0.023671 0.022445 0.008796 0.175923 0.172753 0.336124 0.015611 0.018835 -0.016670 0.065111 0.065778 0.065099 0.065774
0.236233 -0.223994 1.916623 0.023418 0.022725 0.009039 0.172433 0.176309 0.336118 0.015750 0.018482 -0.017045 0.065115 0.065775 0.065102 0.065770
0.238702 -0.221228 1.921659 0.023160 0.023000 0.009285 0.168902 0.179828 0.336110 0.015886 0.018100 -0.017414 0.065120 0.065770 0.065106 0.065766
0.241117 -0.218411 1.926695 0.022896 0.023269 0.009533 0.165330 0.183307 0.336099 0.016015 0.017739 -0.017779 0.065123 0.065766 0.065112 0.065762
0.243478 -0.215545 1.931729 0.022626 0.023532 0.009783 0.161718 0.186747 0.336085 0.016135 0.017437 -0.018139 0.065127 0.065760 0.065118 0.065757
0.245784 -0.212628 1.936762 0.022351 0.023792 0.010035 0.158067 0.190145 0.336069 0.016244 0.017144 -0.018494 0.065131 0.065757 0.065120 0.065755
0.248035 -0.209662 1.941793 0.022071 0.024046 0.010288 0.154377 0.193502 0.336049 0.016351 0.016756 -0.018845 0.065138 0.065753 0.065122 0.065750
0.250231 -0.206647 1.946823 0.021786 0.024295 0.010544 0.150651 0.196817 0.336026 0.016450 0.016343 -0.019193 0.065139 0.065750 0.065126 0.065748
0.252371 -0.203585 1.951852 0.021495 0.024537 0.010801 0.146887 0.200088 0.336000 0.016539 0.015971 -0.019536 0.065144 0.065745 0.065131 0.065743
0.254453 -0.200475 1.956880 0.021200 0.024774 0.011060 0.143088 0.203314 0.335972 0.016624 0.015613 -0.019873 0.065148 0.065741 0.065136 0.065739
0.256479 -0.197319 1.961906 0.020899 0.025005 0.011320 0.139254 0.206496 0.335940 0.016698 0.015230 -0.020207 0.065153 0.065737 0.065138 0.065735
0.258448 -0.194117 1.966930 0.020593 0.025231 0.011581 0.135387 0.209631 0.335905 0.016765 0.014807 -0.020536 0.065157 0.065733 0.065142 0.065731
0.260358 -0.190870 1.971953 0.020283 0.025450 0.011843 0.131486 0.212720 0.335867 0.016813 0.014401 -0.020861 0.065157 0.065730 0.065144 0.065730
0.262210 -0.187578 1.976975 0.019967 0.025663 0.012106 0.127554 0.215760 0.335826 0.016850 0.013994 -0.021184 0.065162 0.065727 0.065147 0.065726
0.264002 -0.184242 1.981995 0.019647 0.025870 0.012370 0.123590 0.218752 0.335782 0.016882 0.013566 -0.021504 0.065164 0.065724 0.065150 0.065724
0.265736 -0.180863 1.987013 0.019322 0.026070 0.012634 0.119597 0.221695 0.335735 0.016906 0.013166 -0.021818 0.065169 0.065718 0.065156 0.065718
0.267410 -0.177442 1.992029 0.018992 0.026265 0.012899 0.115574 0.224587 0.335685 0.016921 0.012834 -0.022127 0.065173 0.065712 0.065163 0.065713
0.269024 -0.173979 1.997044 0.018658 0.026456 0.013164 0.111522 0.227429 0.335633 0.016912 0.012515 -0.022431 0.065176 0.065709 0.065164 0.065711
0.270578 -0.170476 2.002058 0.018319 0.026641 0.013429 0.107443 0.230218 0.335578 0.016897 0.012105 -0.022731 0.065183 0.065705 0.065166 0.065706
0.272070 -0.166932 2.007069 0.017976 0.026819 0.013694 0.103337 0.232955 0.335520 0.016878 0.011613 -0.023027 0.065187 0.065701 0.065169 0.065703
0.273502 -0.163349 2.012079 0.017628 0.026989 0.013959 0.099206 0.235639 0.335459 0.016851 0.011130 -0.023318 0.065192 0.065695 0.065176 0.065697
0.274872 -0.159728 2.017087 0.017276 0.027153 0.014223 0.095051 0.238269 0.335396 0.016803 0.010719 -0.023603 0.065194 0.065691 0.065181 0.065694
0.276181 -0.156069 2.022093 0.016920 0.027311 0.014487 0.090872 0.240843 0.335331 0.016736 0.010335 -0.023883 0.065199 0.065686 0.065185 0.065689
0.277427 -0.152373 2.027097 0.016559 0.027464 0.014749 0.086670 0.243363 0.335263 0.016657 0.009938 -0.024159 0.065203 0.065681 0.065189 0.065686
0.278611 -0.148640 2.032100 0.016195 0.027610 0.015011 0.082447 0.245825 0.335193 0.016578 0.009508 -0.024428 0.065211 0.065675 0.065195 0.065678
0.279732 -0.144873 2.037100 0.015826 0.027749 0.015271 0.078204 0.248231 0.335121 0.016487 0.009043 -0.024691 0.065215 0.065670 0.065199 0.065675
0.280790 -0.141071 2.042099 0.015454 0.027882 0.015530 0.073941 0.250579 0.335047 0.016373 0.008608 -0.024949 0.065220 0.065664 0.065206 0.065669
0.281786 -0.137236 2.047096 0.015077 0.028008 0.015787 0.069660 0.252869 0.334971 0.016246 0.008186 -0.025201 0.065225 0.065659 0.065210 0.065664
0.282717 -0.133368 2.052091 0.014697 0.028127 0.016042 0.065361 0.255100 0.334893 0.016106 0.007753 -0.025446 0.065230 0.065653 0.065216 0.065659
0.283585 -0.129468 2.057084 0.014314 0.028241 0.016296 0.061046 0.257271 0.334814 0.015960 0.007296 -0.025685 0.065238 0.065646 0.065221 0.065652
0.284390 -0.125537 2.062076 0.013927 0.028347 0.016547 0.056716 0.259382 0.334733 0.015803 0.006813 -0.025918 0.065243 0.065640 0.065226 0.065647
0.285130 -0.121576 2.067065 0.013536 0.028446 0.016795 0.052372 0.261432 0.334650 0.015620 0.006368 -0.026144 0.065247 0.065634 0.065233 0.065642
0.285806 -0.117586 2.072053 0.013142 0.028538 0.017041 0.048015 0.263421 0.334566 0.015426 0.005943 -0.026363 0.065254 0.065627 0.065240 0.065635
0.286418 -0.113568 2.077039 0.012745 0.028624 0.017283 0.043646 0.265348 0.334481 0.015220 0.005515 -0.026575 0.065260 0.065621 0.065245 0.065630
0.286965 -0.109522 2.082023 0.012344 0.028704 0.017523 0.039265 0.267212 0.334394 0.014998 0.005066 -0.026781 0.065266 0.065615 0.065250 0.065624
0.287448 -0.105450 2.087005 0.011941 0.028777 0.017759 0.034875 0.269013 0.334307 0.014755 0.004594 -0.026981 0.065270 0.065610 0.065254 0.065620
0.287865 -0.101353 2.091985 0.011535 0.028842 0.017991 0.030477 0.270750 0.334218 0.014485 0.004165 -0.027177 0.065273 0.065605 0.065260 0.065616
0.288218 -0.097230 2.096964 0.011125 0.028902 0.018219 0.026070 0.272423 0.334128 0.014206 0.003761 -0.027367 0.065279 0.065600 0.065265 0.065610
0.288506 -0.093084 2.101940 0.010713 0.028955 0.018443 0.021656 0.274031 0.334038 0.013939 0.003297 -0.027549 0.065289 0.065592 0.065271 0.065602
0.288729 -0.088916 2.106915 0.010299 0.029001 0.018663 0.017237 0.275574 0.333947 0.013661 0.002845 -0.027723 0.065294 0.065584 0.065280 0.065595
0.288887 -0.084726 2.111888 0.009881 0.029041 0.018878 0.012813 0.277052 0.333856 0.013352 0.002400 -0.027890 0.065300 0.065578 0.065283 0.065590
0.288979 -0.080515 2.116860 0.009462 0.029074 0.019089 0.008386 0.278464 0.333765 0.013021 0.001893 -0.028051 0.065306 0.065573 0.065288 0.065585
0.289006 -0.076284 2.121830 0.009040 0.029099 0.019295 0.003957 0.279809 0.333673 0.012678 0.001403 -0.028205 0.065311 0.065566 0.065295 0.065579
0.288968 -0.072035 2.126798 0.008615 0.029116 0.019495 -0.000473 0.281088 0.333581 0.012322 0.000935 -0.028353 0.065317 0.065560 0.065300 0.065574
0.288865 -0.067767 2.131764 0.008189 0.029127 0.019690 -0.004903 0.282299 0.333489 0.011953 0.000480 -0.028494 0.065322 0.065553 0.065307 0.065567
0.288697 -0.063483 2.136729 0.007760 0.029131 0.019879 -0.009332 0.283443 0.333398 0.011566 0.000024 -0.028629 0.065328 0.065547 0.065312 0.065562
0.288463 -0.059183 2.141692 0.007329 0.029128 0.020061 -0.013759 0.284519 0.333306 0.011164 -0.000433 -0.028757 0.065333 0.065541 0.065318 0.065556
0.288164 -0.054868 2.146654 0.006897 0.029119 0.020238 -0.018183 0.285527 0.333215 0.010760 -0.000891 -0.028877 0.065342 0.065533 0.065325 0.065548
0.287800 -0.050540 2.151614 0.006463 0.029102 0.020409 -0.022602 0.286466 0.333125 0.010350 -0.001345 -0.028989 0.065349 0.065525 0.065334 0.065541
0.287371 -0.046198 2.156573 0.006027 0.029079 0.020573 -0.027015 0.287336 0.333036 0.009913 -0.001798 -0.029093 0.065355 0.065519 0.065338 0.065535
0.286877 -0.041845 2.161531 0.005590 0.029049 0.020730 -0.031423 0.288138 0.332948 0.009449 -0.002247 -0.029191 0.065360 0.065512 0.065345 0.065529
0.286318 -0.037481 2.166487 0.005151 0.029012 0.020881 -0.035822 0.288870 0.332860 0.008983 -0.002690 -0.029280 0.065368 0.065504 0.065352 0.065521
0.285694 -0.033108 2.171441 0.004711 0.028969 0.021024 -0.040213 0.289533 0.332775 0.008513 -0.003121 -0.029362 0.065375 0.065496 0.065360 0.065514
0.285006 -0.028725 2.176395 0.004270 0.028919 0.021159 -0.044594 0.290126 0.332690 0.008016 -0.003545 -0.029435 0.065381 0.065490 0.065365 0.065509
0.284253 -0.024336 2.181347 0.003827 0.028863 0.021287 -0.048964 0.290650 0.332607 0.007504 -0.004024 -0.029503 0.065388 0.065484 0.065370 0.065503
0.283435 -0.019939 2.186298 0.003384 0.028799 0.021408 -0.053323 0.291103 0.332525 0.006995 -0.004528 -0.029562 0.065396 0.065476 0.065378 0.065494
0.282554 -0.015537 2.191248 0.002940 0.028727 0.021520 -0.057668 0.291486 0.332444 0.006485 -0.005028 -0.029613 0.065403 0.065468 0.065385 0.065486
0.281608 -0.011130 2.196198 0.002496 0.028648 0.021624 -0.061998 0.291799 0.332366 0.005949 -0.005508 -0.029656 0.065408 0.065461 0.065392 0.065481
0.280599 -0.006720 2.201146 0.002050 0.028563 0.021720 -0.066313 0.292042 0.332289 0.005390 -0.005962 -0.029692 0.065415 0.065454 0.065399 0.065474
0.279526 -0.002308 2.206093 0.001605 0.028470 0.021808 -0.070612 0.292214 0.332213 0.004815 -0.006390 -0.029720 0.065420 0.065447 0.065405 0.065468
0.278389 0.002106 2.211039 0.001158 0.028372 0.021886 -0.074893 0.292316 0.332140 0.004228 -0.006792 -0.029741 0.065427 0.065440 0.065412 0.065461
0.277190 0.006520 2.215984 0.000712 0.028267 0.021955 -0.079155 0.292348 0.332069 0.003641 -0.007232 -0.029755 0.065434 0.065433 0.065417 0.065455
0.275927 0.010933 2.220929 0.000265 0.028155 0.022016 -0.083399 0.292309 0.332000 0.003048 -0.007686 -0.029761 0.065441 0.065425 0.065425 0.065447
0.274602 0.015344 2.225873 -0.000181 0.028037 0.022067 -0.087621 0.292199 0.331934 0.002448 -0.008125 -0.029759 0.065448 0.065418 0.065432 0.065440
0.273214 0.019752 2.230817 -0.000628 0.027912 0.022109 -0.091822 0.292020 0.331870 0.001849 -0.008595 -0.029747 0.065458 0.065409 0.065439 0.065430
0.271765 0.024157 2.235759 -0.001074 0.027779 0.022141 -0.096000 0.291770 0.331809 0.001223 -0.009069 -0.029728 0.065462 0.065403 0.065445 0.065426
0.270253 0.028556 2.240702 -0.001520 0.027640 0.022164 -0.100155 0.291450 0.331749 0.000580 -0.009518 -0.029701 0.065469 0.065395 0.065453 0.065418
0.268681 0.032949 2.245644 -0.001965 0.027494 0.022177 -0.104284 0.291059 0.331693 -0.000057 -0.009922 -0.029666 0.065476 0.065386 0.065463 0.065409
0.267047 0.037335 2.250586 -0.002410 0.027343 0.022180 -0.108387 0.290599 0.331639 -0.000699 -0.010346 -0.029621 0.065485 0.065379 0.065468 0.065402
0.265353 0.041713 2.255527 -0.002854 0.027184 0.022173 -0.112464 0.290069 0.331588 -0.001363 -0.010830 -0.029570 0.065491 0.065372 0.065472 0.065397
0.263598 0.046082 2.260468 -0.003297 0.027019 0.022156 -0.116513 0.289469 0.331540 -0.002052 -0.011263 -0.029512 0.065495 0.065366 0.065480 0.065390
0.261783 0.050440 2.265409 -0.003740 0.026847 0.022128 -0.120533 0.288799 0.331494 -0.002733 -0.011617 -0.029445 0.065502 0.065358 0.065489 0.065381
0.259909 0.054786 2.270350 -0.004181 0.026670 0.022090 -0.124523 0.288060 0.331452 -0.003412 -0.012032 -0.029371 0.065510 0.065351 0.065492 0.065376
0.257975 0.059120 2.275291 -0.004621 0.026487 0.022041 -0.128483 0.287253 0.331412 -0.004114 -0.012472 -0.029291 0.065514 0.065345 0.065499 0.065370
0.255983 0.063441 2.280232 -0.005060 0.026297 0.021982 -0.132411 0.286376 0.331375 -0.004812 -0.012891 -0.029202 0.065523 0.065337 0.065506 0.065361
0.253933 0.067747 2.285173 -0.005498 0.026100 0.021912 -0.136306 0.285431 0.331341 -0.005497 -0.013313 -0.029105 0.065530 0.065329 0.065514 0.065353
0.251825 0.072037 2.290115 -0.005934 0.025898 0.021831 -0.140168 0.284417 0.331310 -0.006197 -0.013713 -0.029000 0.065536 0.065321 0.065521 0.065347
0.249659 0.076310 2.295056 -0.006368 0.025689 0.021739 -0.143995 0.283336 0.331282 -0.006901 -0.014125 -0.028886 0.065545 0.065313 0.065528 0.065338
0.247437 0.080566 2.299998 -0.006800 0.025474 0.021637 -0.147787 0.282187 0.331258 -0.007608 -0.014512 -0.028764 0.065551 0.065305 0.065537 0.065330
0.245158 0.084802 2.304940 -0.007231 0.025254 0.021523 -0.151542 0.280970 0.331236 -0.008329 -0.014910 -0.028633 0.065558 0.065298 0.065541 0.065324
0.242824 0.089019 2.309883 -0.007660 0.025027 0.021399 -0.155261 0.279687 0.331217 -0.009052 -0.015341 -0.028495 0.065565 0.065291 0.065549 0.065316
0.240434 0.093215 2.314827 -0.008086 0.024794 0.021263 -0.158941 0.278337 0.331201 -0.009774 -0.015754 -0.028349 0.065571 0.065284 0.065555 0.065309
0.237989 0.097389 2.319770 -0.008510 0.024555 0.021117 -0.162582 0.276921 0.331189 -0.010515 -0.016104 -0.028196 0.065575 0.065277 0.065563 0.065304
0.235491 0.101539 2.324715 -0.008932 0.024312 0.020959 -0.166183 0.275440 0.331179 -0.011260 -0.016441 -0.028036 0.065582 0.065271 0.065568 0.065296
0.232938 0.105666 2.329660 -0.009352 0.024062 0.020789 -0.169745 0.273893 0.331172 -0.011995 -0.016797 -0.027869 0.065588 0.065264 0.065574 0.065290
0.230333 0.109768 2.334606 -0.009768 0.023808 0.020608 -0.173265 0.272281 0.331169 -0.012744 -0.017131 -0.027695 0.065593 0.065258 0.065579 0.065285
0.227675 0.113843 2.339553 -0.010183 0.023549 0.020416 -0.176743 0.270605 0.331168 -0.013494 -0.017462 -0.027515 0.065599 0.065252 0.065585 0.065278
0.224965 0.117892 2.344501 -0.010594 0.023284 0.020212 -0.180179 0.268865 0.331171 -0.014233 -0.017813 -0.027328 0.065605 0.065246 0.065590 0.065271
0.222204 0.121912 2.349450 -0.011003 0.023015 0.019997 -0.183571 0.267062 0.331176 -0.014953 -0.018191 -0.027133 0.065613 0.065238 0.065597 0.065263
0.219392 0.125903 2.354399 -0.011408 0.022739 0.019772 -0.186919 0.265196 0.331184 -0.015655 -0.018596 -0.026930 0.065622 0.065230 0.065605 0.065254
0.216531 0.129865 2.359350 -0.011811 0.022457 0.019535 -0.190221 0.263267 0.331195 -0.016370 -0.018959 -0.026717 0.065626 0.065222 0.065613 0.065247
0.213620 0.133795 2.364302 -0.012210 0.022170 0.019287 -0.193478 0.261278 0.331209 -0.017109 -0.019303 -0.026498 0.065632 0.065216 0.065617 0.065242
0.210660 0.137693 2.369255 -0.012606 0.021878 0.019028 -0.196688 0.259227 0.331225 -0.017853 -0.019645 -0.026273 0.065637 0.065210 0.065624 0.065235
0.207652 0.141558 2.374209 -0.012998 0.021581 0.018758 -0.199851 0.257115 0.331244 -0.018591 -0.019938 -0.026040 0.065642 0.065204 0.065630 0.065229
0.204597 0.145389 2.379165 -0.013387 0.021281 0.018476 -0.202966 0.254944 0.331266 -0.019310 -0.020202 -0.025801 0.065649 0.065196 0.065638 0.065221
0.201496 0.149185 2.384121 -0.013772 0.020976 0.018184 -0.206033 0.252713 0.331291 -0.020033 -0.020468 -0.025554 0.065654 0.065191 0.065642 0.065217
0.198348 0.152945 2.389079 -0.014154 0.020667 0.017880 -0.209051 0.250424 0.331318 -0.020773 -0.020748 -0.025302 0.065658 0.065186 0.065646 0.065212
0.195156 0.156669 2.394039 -0.014532 0.020353 0.017565 -0.212020 0.248076 0.331347 -0.021488 -0.021040 -0.025044 0.065665 0.065180 0.065652 0.065204
0.191918 0.160354 2.399000 -0.014905 0.020036 0.017240 -0.214939 0.245671 0.331379 -0.022171 -0.021336 -0.024778 0.065672 0.065173 0.065659 0.065196
0.188638 0.164001 2.403962 -0.015275 0.019713 0.016904 -0.217807 0.243210 0.331413 -0.022851 -0.021636 -0.024504 0.065678 0.065166 0.065665 0.065190
0.185314 0.167609 2.408926 -0.015641 0.019387 0.016558 -0.220624 0.240693 0.331450 -0.023549 -0.021936 -0.024225 0.065683 0.065160 0.065670 0.065185
0.181948 0.171176 2.413891 -0.016002 0.019055 0.016201 -0.223390 0.238121 0.331488 -0.024247 -0.022233 -0.023939 0.065688 0.065155 0.065675 0.065178
0.178541 0.174702 2.418858 -0.016359 0.018720 0.015833 -0.226102 0.235494 0.331529 -0.024929 -0.022521 -0.023647 0.065693 0.065149 0.065680 0.065173
0.175093 0.178186 2.423826 -0.016711 0.018380 0.015455 -0.228762 0.232814 0.331571 -0.025614 -0.022800 -0.023350 0.065696 0.065144 0.065684 0.065168
0.171605 0.181626 2.428796 -0.017059 0.018036 0.015067 -0.231368 0.230080 0.331615 -0.026289 -0.023067 -0.023047 0.065701 0.065139 0.065690 0.065162
0.168079 0.185023 2.433768 -0.017403 0.017688 0.014669 -0.233920 0.227294 0.331661 -0.026946 -0.023318 -0.022739 0.065706 0.065134 0.065695 0.065157
0.164514 0.188375 2.438741 -0.017742 0.017337 0.014261 -0.236418 0.224457 0.331709 -0.027604 -0.023554 -0.022425 0.065709 0.065130 0.065699 0.065153
0.160912 0.191681 2.443716 -0.018076 0.016981 0.013842 -0.238861 0.221570 0.331758 -0.028248 -0.023837 -0.022107 0.065716 0.065125 0.065702 0.065146
0.157273 0.194941 2.448693 -0.018405 0.016622 0.013415 -0.241248 0.218632 0.331808 -0.028870 -0.024137 -0.021783 0.065719 0.065120 0.065707 0.065141
0.153599 0.198154 2.453671 -0.018729 0.016258 0.012977 -0.243579 0.215645 0.331860 -0.029499 -0.024365 -0.021453 0.065722 0.065115 0.065712 0.065137
0.149890 0.201319 2.458651 -0.019049 0.015891 0.012531 -0.245854 0.212610 0.331912 -0.030116 -0.024587 -0.021119 0.065728 0.065110 0.065716 0.065131
0.146147 0.204436 2.463633 -0.019363 0.015520 0.012075 -0.248072 0.209528 0.331966 -0.030712 -0.024801 -0.020779 0.065731 0.065105 0.065722 0.065126
0.142371 0.207503 2.468616 -0.019672 0.015147 0.011610 -0.250234 0.206399 0.332021 -0.031308 -0.025000 -0.020435 0.065735 0.065102 0.065725 0.065122
0.138562 0.210519 2.473601 -0.019976 0.014770 0.011136 -0.252338 0.203225 0.332078 -0.031895 -0.025167 -0.020085 0.065738 0.065097 0.065731 0.065117
0.134723 0.213485 2.478588 -0.020275 0.014392 0.010654 -0.254384 0.200005 0.332135 -0.032462 -0.025302 -0.019731 0.065743 0.065093 0.065735 0.065112
0.130853 0.216399 2.483577 -0.020568 0.014011 0.010163 -0.256373 0.196742 0.332193 -0.033025 -0.025465 -0.019372 0.065746 0.065089 0.065738 0.065109
0.126953 0.219261 2.488567 -0.020856 0.013628 0.009663 -0.258304 0.193435 0.332252 -0.033576 -0.025634 -0.019009 0.065750 0.065085 0.065742 0.065103
0.123025 0.222070 2.493559 -0.021138 0.013242 0.009156 -0.260176 0.190086 0.332312 -0.034101 -0.025844 -0.018641 0.065756 0.065081 0.065744 0.065099
0.119070 0.224825 2.498553 -0.021415 0.012853 0.008641 -0.261990 0.186696 0.332372 -0.034625 -0.026051 -0.018269 0.065757 0.065078 0.065748 0.065096
0.115087 0.227525 2.503548 -0.021686 0.012461 0.008118 -0.263745 0.183266 0.332433 -0.035138 -0.026225 -0.017894 0.065760 0.065075 0.065752 0.065092
0.111079 0.230171 2.508545 -0.021952 0.012066 0.007587 -0.265440 0.179795 0.332494 -0.035628 -0.026409 -0.017515 0.065764 0.065071 0.065755 0.065088
0.107046 0.232761 2.513544 -0.022212 0.011669 0.007049 -0.267075 0.176286 0.332555 -0.036117 -0.026580 -0.017133 0.065765 0.065069 0.065757 0.065086
0.102989 0.235295 2.518544 -0.022466 0.011269 0.006504 -0.268651 0.172740 0.332616 -0.036596 -0.026709 -0.016747 0.065767 0.065066 0.065761 0.065082
0.098908 0.237772 2.523546 -0.022714 0.010867 0.005952 -0.270167 0.169156 0.332678 -0.037051 -0.026846 -0.016359 0.065771 0.065064 0.065762 0.065079
0.094806 0.240192 2.528550 -0.022957 0.010464 0.005393 -0.271623 0.165537 0.332739 -0.037477 -0.026963 -0.015967 0.065773 0.065060 0.065768 0.065074
0.090683 0.242553 2.533555 -0.023193 0.010059 0.004828 -0.273018 0.161883 0.332801 -0.037904 -0.027037 -0.015572 0.065774 0.065058 0.065769 0.065074
0.086540 0.244856 2.538562 -0.023424 0.009652 0.004257 -0.274354 0.158194 0.332862 -0.038318 -0.027115 -0.015174 0.065778 0.065056 0.065773 0.065069
0.082377 0.247101 2.543571 -0.023649 0.009245 0.003680 -0.275629 0.154473 0.332923 -0.038708 -0.027236 -0.014773 0.065781 0.065054 0.065773 0.065067
0.078196 0.249285 2.548581 -0.023867 0.008835 0.003097 -0.276843 0.150719 0.332984 -0.039093 -0.027412 -0.014370 0.065783 0.065052 0.065774 0.065065
0.073998 0.251410 2.553592 -0.024080 0.008423 0.002508 -0.277997 0.146934 0.333044 -0.039469 -0.027576 -0.013965 0.065783 0.065051 0.065776 0.065064
0.069784 0.253474 2.558605 -0.024286 0.008008 0.001914 -0.279089 0.143119 0.333104 -0.039824 -0.027678 -0.013559 0.065784 0.065049 0.065780 0.065061
0.065554 0.255477 2.563620 -0.024486 0.007592 0.001315 -0.280120 0.139274 0.333163 -0.040152 -0.027765 -0.013150 0.065787 0.065048 0.065781 0.065058
0.061310 0.257419 2.568636 -0.024681 0.007175 0.000712 -0.281090 0.135401 0.333221 -0.040451 -0.027809 -0.012738 0.065788 0.065045 0.065786 0.065055
0.057053 0.259298 2.573653 -0.024869 0.006758 0.000104 -0.281999 0.131501 0.333279 -0.040722 -0.027856 -0.012323 0.065793 0.065042 0.065787 0.065051
0.052784 0.261116 2.578672 -0.025050 0.006340 -0.000508 -0.282847 0.127575 0.333335 -0.040992 -0.027930 -0.011906 0.065793 0.065041 0.065790 0.065050
0.048503 0.262871 2.583692 -0.025226 0.005920 -0.001123 -0.283633 0.123623 0.333391 -0.041256 -0.027982 -0.011486 0.065796 0.065039 0.065792 0.065047
0.044212 0.264563 2.588713 -0.025395 0.005500 -0.001742 -0.284359 0.119646 0.333445 -0.041501 -0.028029 -0.011064 0.065797 0.065038 0.065794 0.065046
0.039911 0.266191 2.593736 -0.025558 0.005079 -0.002365 -0.285023 0.115646 0.333499 -0.041719 -0.028097 -0.010641 0.065800 0.065036 0.065795 0.065042
0.035603 0.267756 2.598759 -0.025714 0.004657 -0.002990 -0.285626 0.111623 0.333551 -0.041909 -0.028193 -0.010214 0.065802 0.065034 0.065797 0.065040
0.031286 0.269257 2.603784 -0.025864 0.004234 -0.003618 -0.286168 0.107579 0.333602 -0.042103 -0.028255 -0.009787 0.065801 0.065034 0.065799 0.065041
0.026964 0.270693 2.608810 -0.026008 0.003810 -0.004249 -0.286648 0.103514 0.333652 -0.042293 -0.028236 -0.009359 0.065800 0.065034 0.065801 0.065040
0.022636 0.272065 2.613837 -0.026145 0.003387 -0.004882 -0.287067 0.099430 0.333702 -0.042467 -0.028185 -0.008930 0.065801 0.065034 0.065801 0.065040
0.018304 0.273372 2.618865 -0.026276 0.002964 -0.005518 -0.287426 0.095327 0.333749 -0.042615 -0.028208 -0.008502 0.065803 0.065035 0.065799 0.065039
0.013968 0.274614 2.623894 -0.026400 0.002540 -0.006155 -0.287723 0.091206 0.333796 -0.042736 -0.028298 -0.008073 0.065804 0.065035 0.065799 0.065039
0.009631 0.275790 2.628925 -0.026518 0.002115 -0.006794 -0.287959 0.087068 0.333841 -0.042832 -0.028361 -0.007644 0.065804 0.065035 0.065801 0.065037
0.005291 0.276901 2.633956 -0.026629 0.001690 -0.007433 -0.288134 0.082915 0.333885 -0.042908 -0.028336 -0.007214 0.065802 0.065035 0.065804 0.065037
0.000952 0.277946 2.638987 -0.026734 0.001265 -0.008074 -0.288249 0.078747 0.333927 -0.042964 -0.028265 -0.006783 0.065804 0.065034 0.065805 0.065035
-0.003387 0.278925 2.644020 -0.026833 0.000841 -0.008715 -0.288303 0.074565 0.333968 -0.042998 -0.028254 -0.006351 0.065806 0.065034 0.065804 0.065034
-0.007725 0.279838 2.649054 -0.026925 0.000417 -0.009357 -0.288296 0.070371 0.334007 -0.043041 -0.028300 -0.005919 0.065805 0.065035 0.065803 0.065036
-0.012059 0.280685 2.654088 -0.027010 -0.000007 -0.009998 -0.288228 0.066165 0.334044 -0.043082 -0.028311 -0.005489 0.065803 0.065037 0.065803 0.065038
-0.016391 0.281465 2.659123 -0.027089 -0.000432 -0.010640 -0.288100 0.061947 0.334081 -0.043084 -0.028291 -0.005059 0.065804 0.065038 0.065803 0.065036
-0.020717 0.282179 2.664158 -0.027162 -0.000856 -0.011282 -0.287912 0.057720 0.334115 -0.043049 -0.028256 -0.004630 0.065803 0.065039 0.065804 0.065036
-0.025038 0.282826 2.669194 -0.027228 -0.001280 -0.011922 -0.287664 0.053484 0.334148 -0.043016 -0.028224 -0.004201 0.065802 0.065040 0.065802 0.065039
-0.029352 0.283407 2.674231 -0.027288 -0.001703 -0.012562 -0.287355 0.049239 0.334179 -0.042955 -0.028195 -0.003773 0.065803 0.065041 0.065804 0.065037
-0.033659 0.283921 2.679268 -0.027341 -0.002126 -0.013200 -0.286987 0.044988 0.334208 -0.042867 -0.028170 -0.003345 0.065802 0.065042 0.065802 0.065039
-0.037957 0.284368 2.684305 -0.027388 -0.002548 -0.013837 -0.286558 0.040731 0.334236 -0.042787 -0.028144 -0.002919 0.065800 0.065044 0.065801 0.065040
-0.042246 0.284748 2.689343 -0.027429 -0.002970 -0.014472 -0.286070 0.036468 0.334262 -0.042682 -0.028115 -0.002494 0.065800 0.065045 0.065801 0.065040
-0.046524 0.285061 2.694381 -0.027463 -0.003392 -0.015106 -0.285523 0.032201 0.334286 -0.042553 -0.028079 -0.002070 0.065799 0.065047 0.065800 0.065042
-0.050791 0.285308 2.699420 -0.027491 -0.003812 -0.015736 -0.284916 0.027931 0.334308 -0.042404 -0.028038 -0.001647 0.065799 0.065048 0.065800 0.065042
-0.055045 0.285488 2.704459 -0.027513 -0.004233 -0.016365 -0.284249 0.023659 0.334329 -0.042242 -0.027986 -0.001225 0.065796 0.065050 0.065799 0.065044
-0.059286 0.285601 2.709498 -0.027528 -0.004652 -0.016990 -0.283524 0.019385 0.334347 -0.042069 -0.027861 -0.000805 0.065793 0.065053 0.065800 0.065046
-0.063512 0.285647 2.714537 -0.027537 -0.005069 -0.017612 -0.282740 0.015110 0.334364 -0.041859 -0.027750 -0.000386 0.065796 0.065054 0.065798 0.065045
-0.067724 0.285627 2.719576 -0.027539 -0.005484 -0.018231 -0.281898 0.010837 0.334379 -0.041622 -0.027655 0.000033 0.065794 0.065055 0.065799 0.065046
-0.071918 0.285541 2.724615 -0.027536 -0.005899 -0.018846 -0.280998 0.006564 0.334392 -0.041369 -0.027567 0.000452 0.065796 0.065055 0.065798 0.065046
-0.076096 0.285388 2.729655 -0.027526 -0.006312 -0.019456 -0.280039 0.002295 0.334403 -0.041111 -0.027532 0.000869 0.065795 0.065057 0.065796 0.065048
-0.080256 0.285169 2.734694 -0.027510 -0.006724 -0.020063 -0.279023 -0.001972 0.334413 -0.040848 -0.027458 0.001285 0.065792 0.065059 0.065797 0.065049
-0.084396 0.284883 2.739733 -0.027487 -0.007136 -0.020665 -0.277949 -0.006235 0.334421 -0.040582 -0.027337 0.001698 0.065789 0.065062 0.065794 0.065053
-0.088516 0.284532 2.744772 -0.027459 -0.007545 -0.021263 -0.276818 -0.010492 0.334427 -0.040283 -0.027246 0.002110 0.065790 0.065064 0.065793 0.065052
-0.092616 0.284115 2.749811 -0.027424 -0.007953 -0.021856 -0.275630 -0.014744 0.334431 -0.039964 -0.027172 0.002519 0.065787 0.065067 0.065790 0.065056
-0.096693 0.283633 2.754849 -0.027383 -0.008360 -0.022443 -0.274385 -0.018988 0.334434 -0.039634 -0.027093 0.002926 0.065786 0.065070 0.065789 0.065057
-0.100748 0.283085 2.759888 -0.027336 -0.008766 -0.023026 -0.273083 -0.023225 0.334436 -0.039275 -0.026992 0.003332 0.065784 0.065072 0.065789 0.065058
-0.104779 0.282472 2.764926 -0.027283 -0.009170 -0.023602 -0.271724 -0.027453 0.334435 -0.038898 -0.026864 0.003736 0.065783 0.065074 0.065788 0.065060
-0.108785 0.281794 2.769963 -0.027224 -0.009572 -0.024172 -0.270310 -0.031672 0.334433 -0.038517 -0.026707 0.004137 0.065779 0.065077 0.065787 0.065063
-0.112766 0.281051 2.775001 -0.027159 -0.009972 -0.024737 -0.268840 -0.035880 0.334429 -0.038138 -0.026525 0.004535 0.065777 0.065081 0.065784 0.065067
-0.116721 0.280244 2.780037 -0.027088 -0.010368 -0.025295 -0.267315 -0.040077 0.334424 -0.037737 -0.026383 0.004930 0.065776 0.065084 0.065781 0.065069
-0.120648 0.279373 2.785074 -0.027011 -0.010763 -0.025847 -0.265734 -0.044261 0.334418 -0.037294 -0.026257 0.005323 0.065775 0.065086 0.065781 0.065069
-0.124547 0.278438 2.790110 -0.026929 -0.011156 -0.026392 -0.264099 -0.048433 0.334410 -0.036832 -0.026121 0.005715 0.065773 0.065088 0.065779 0.065071
-0.128417 0.277440 2.795145 -0.026840 -0.011547 -0.026930 -0.262410 -0.052591 0.334400 -0.036370 -0.026020 0.006104 0.065773 0.065090 0.065776 0.065073
-0.132257 0.276378 2.800180 -0.026745 -0.011937 -0.027460 -0.260666 -0.056733 0.334389 -0.035919 -0.025922 0.006490 0.065768 0.065094 0.065773 0.065079
-0.136067 0.275254 2.805214 -0.026645 -0.012325 -0.027983 -0.258868 -0.060861 0.334377 -0.035447 -0.025738 0.006872 0.065764 0.065098 0.065774 0.065080
-0.139845 0.274067 2.810247 -0.026539 -0.012710 -0.028499 -0.257017 -0.064972 0.334363 -0.034943 -0.025545 0.007252 0.065764 0.065101 0.065770 0.065082
-0.143590 0.272818 2.815280 -0.026428 -0.013092 -0.029007 -0.255112 -0.069065 0.334348 -0.034426 -0.025404 0.007630 0.065762 0.065104 0.065768 0.065085
-0.147303 0.271507 2.820312 -0.026310 -0.013472 -0.029507 -0.253155 -0.073141 0.334332 -0.033913 -0.025219 0.008003 0.065756 0.065108 0.065765 0.065090
-0.150981 0.270135 2.825343 -0.026188 -0.013849 -0.029999 -0.251145 -0.077197 0.334315 -0.033387 -0.025041 0.008373 0.065756 0.065111 0.065762 0.065091
-0.154624 0.268702 2.830374 -0.026059 -0.014224 -0.030482 -0.249083 -0.081234 0.334297 -0.032835 -0.024916 0.008740 0.065754 0.065115 0.065759 0.065095
-0.158232 0.267208 2.835404 -0.025925 -0.014597 -0.030957 -0.246969 -0.085251 0.334278 -0.032272 -0.024742 0.009104 0.065749 0.065118 0.065758 0.065098
-0.161803 0.265655 2.840433 -0.025786 -0.014966 -0.031423 -0.244804 -0.089246 0.334258 -0.031689 -0.024503 0.009465 0.065747 0.065121 0.065757 0.065100
-0.165337 0.264041 2.845461 -0.025641 -0.015332 -0.031880 -0.242588 -0.093219 0.334236 -0.031082 -0.024275 0.009824 0.065747 0.065123 0.065755 0.065101
-0.168833 0.262369 2.850488 -0.025491 -0.015696 -0.032328 -0.240321 -0.097168 0.334213 -0.030476 -0.024111 0.010181 0.065745 0.065126 0.065751 0.065105
-0.172290 0.260638 2.855514 -0.025336 -0.016056 -0.032767 -0.238005 -0.101095 0.334189 -0.029885 -0.023963 0.010533 0.065741 0.065130 0.065748 0.065109
-0.175708 0.258848 2.860539 -0.025175 -0.016415 -0.033196 -0.235638 -0.104996 0.334165 -0.029289 -0.023790 0.010881 0.065737 0.065135 0.065745 0.065113
-0.179085 0.257001 2.865563 -0.025009 -0.016770 -0.033616 -0.233222 -0.108873 0.334141 -0.028671 -0.023571 0.011225 0.065732 0.065139 0.065743 0.065116
-0.182421 0.255096 2.870587 -0.024838 -0.017122 -0.034027 -0.230757 -0.112723 0.334115 -0.028024 -0.023307 0.011566 0.065730 0.065142 0.065741 0.065119
-0.185716 0.253135 2.875609 -0.024662 -0.017470 -0.034427 -0.228243 -0.116547 0.334089 -0.027353 -0.023063 0.011904 0.065729 0.065145 0.065738 0.065120
-0.188968 0.251118 2.880630 -0.024481 -0.017815 -0.034817 -0.225682 -0.120343 0.334062 -0.026689 -0.022883 0.012239 0.065727 0.065148 0.065733 0.065125
-0.192177 0.249044 2.885650 -0.024295 -0.018158 -0.035197 -0.223073 -0.124111 0.334034 -0.026020 -0.022717 0.012571 0.065725 0.065151 0.065733 0.065126
-0.195342 0.246916 2.890669 -0.024104 -0.018497 -0.035567 -0.220416 -0.127850 0.334005 -0.025338 -0.022523 0.012900 0.065721 0.065154 0.065730 0.065130
-0.198462 0.244733 2.895687 -0.023908 -0.018834 -0.035926 -0.217712 -0.131559 0.333976 -0.024635 -0.022278 0.013227 0.065719 0.065157 0.065730 0.065130
-0.201537 0.242496 2.900704 -0.023707 -0.019166 -0.036274 -0.214962 -0.135238 0.333947 -0.023912 -0.021985 0.013551 0.065716 0.065159 0.065728 0.065133
-0.204566 0.240206 2.905720 -0.023502 -0.019494 -0.036612 -0.212167 -0.138885 0.333916 -0.023202 -0.021707 0.013873 0.065714 0.065162 0.065725 0.065137
-0.207549 0.237863 2.910735 -0.023291 -0.019818 -0.036938 -0.209327 -0.142500 0.333885 -0.022495 -0.021427 0.014190 0.065710 0.065166 0.065722 0.065140
-0.210484 0.235467 2.915748 -0.023076 -0.020138 -0.037254 -0.206442 -0.146083 0.333854 -0.021785 -0.021186 0.014504 0.065709 0.065169 0.065717 0.065144
-0.213371 0.233020 2.920761 -0.022856 -0.020454 -0.037559 -0.203513 -0.149632 0.333823 -0.021062 -0.020941 0.014814 0.065704 0.065173 0.065716 0.065147
-0.216210 0.230522 2.925772 -0.022631 -0.020767 -0.037853 -0.200540 -0.153148 0.333792 -0.020326 -0.020668 0.015121 0.065702 0.065177 0.065712 0.065150
-0.219000 0.227974 2.930782 -0.022402 -0.021075 -0.038136 -0.197524 -0.156629 0.333761 -0.019581 -0.020410 0.015424 0.065699 0.065180 0.065710 0.065153
-0.221740 0.225375 2.935791 -0.022168 -0.021380 -0.038408 -0.194466 -0.160074 0.333730 -0.018828 -0.020146 0.015724 0.065696 0.065183 0.065707 0.065156
-0.224430 0.222728 2.940798 -0.021930 -0.021681 -0.038668 -0.191365 -0.163483 0.333699 -0.018071 -0.019914 0.016020 0.065695 0.065186 0.065703 0.065159
-0.227068 0.220032 2.945805 -0.021688 -0.021978 -0.038916 -0.188223 -0.166856 0.333667 -0.017309 -0.019675 0.016314 0.065691 0.065190 0.065702 0.065162
-0.229656 0.217288 2.950810 -0.021441 -0.022271 -0.039153 -0.185040 -0.170191 0.333636 -0.016541 -0.019402 0.016604 0.065688 0.065193 0.065699 0.065165
-0.232191 0.214497 2.955814 -0.021189 -0.022561 -0.039379 -0.181816 -0.173488 0.333605 -0.015769 -0.019078 0.016891 0.065683 0.065196 0.065697 0.065168
-0.234674 0.211660 2.960817 -0.020934 -0.022845 -0.039592 -0.178552 -0.176746 0.333574 -0.014998 -0.018771 0.017174 0.065682 0.065199 0.065692 0.065172
-0.237104 0.208776 2.965819 -0.020674 -0.023125 -0.039794 -0.175249 -0.179965 0.333544 -0.014227 -0.018456 0.017453 0.065676 0.065204 0.065691 0.065176
-0.239480 0.205848 2.970819 -0.020410 -0.023399 -0.039985 -0.171908 -0.183144 0.333513 -0.013456 -0.018116 0.017727 0.065673 0.065208 0.065686 0.065180
-0.241801 0.202875 2.975818 -0.020142 -0.023669 -0.040164 -0.168529 -0.186283 0.333483 -0.012664 -0.017796 0.017999 0.065671 0.065210 0.065684 0.065181
-0.244069 0.199859 2.980816 -0.019870 -0.023934 -0.040331 -0.165113 -0.189380 0.333453 -0.011860 -0.017476 0.018268 0.065669 0.065213 0.065681 0.065184
-0.246281 0.196799 2.985813 -0.019594 -0.024195 -0.040485 -0.161660 -0.192435 0.333424 -0.011083 -0.017189 0.018532 0.065665 0.065217 0.065676 0.065190
-0.248437 0.193697 2.990809 -0.019314 -0.024451 -0.040629 -0.158171 -0.195448 0.333396 -0.010304 -0.016899 0.018792 0.065662 0.065220 0.065674 0.065192
-0.250538 0.190554 2.995804 -0.019030 -0.024702 -0.040760 -0.154647 -0.198418 0.333367 -0.009497 -0.016579 0.019050 0.065660 0.065223 0.065672 0.065193
-0.252582 0.187370 3.000797 -0.018742 -0.024949 -0.040879 -0.151088 -0.201344 0.333339 -0.008706 -0.016276 0.019304 0.065656 0.065227 0.065667 0.065199
-0.254569 0.184145 3.005789 -0.018451 -0.025192 -0.040987 -0.147495 -0.204226 0.333313 -0.007933 -0.015965 0.019553 0.065651 0.065231 0.065664 0.065203
-0.256499 0.180882 3.010780 -0.018156 -0.025429 -0.041083 -0.143868 -0.207064 0.333286 -0.007151 -0.015624 0.019798 0.065647 0.065235 0.065660 0.065207
-0.258370 0.177580 3.015770 -0.017857 -0.025661 -0.041167 -0.140208 -0.209856 0.333261 -0.006347 -0.015306 0.020040 0.065646 0.065237 0.065658 0.065207
-0.260184 0.174239 3.020759 -0.017554 -0.025889 -0.041239 -0.136516 -0.212602 0.333236 -0.005535 -0.014986 0.020280 0.065642 0.065239 0.065656 0.065210
-0.261939 0.170862 3.025747 -0.017248 -0.026112 -0.041299 -0.132793 -0.215302 0.333211 -0.004728 -0.014638 0.020516 0.065640 0.065241 0.065654 0.065212
-0.263635 0.167449 3.030733 -0.016939 -0.026329 -0.041347 -0.129039 -0.217954 0.333187 -0.003937 -0.014247 0.020749 0.065634 0.065245 0.065650 0.065218
