0.300000 0.000000 0.040000 0.000000 0.000000 0.000000 0.000000 0.000000 0.000000 0.000000 0.000000 0.000000 0.065500 0.065500 0.065500 0.065500
0.300000 0.000000 0.040000 0.000000 0.000000 0.000000 0.000000 0.000000 -0.000022 0.000000 0.000000 0.000000 0.065417 0.065417 0.065417 0.065417
0.300000 0.000000 0.040028 0.000024 0.000180 0.000000 -0.000008 0.000001 0.005857 0.000023 0.036233 0.004756 0.074417 0.059691 0.076744 0.059689
0.299999 0.000000 0.040228 0.000180 0.001318 0.000001 -0.000120 0.000014 0.022100 0.000052 0.118756 0.016950 0.079941 0.055942 0.082693 0.055935
0.299993 0.000001 0.040725 0.000555 0.003817 0.000004 -0.000565 0.000065 0.045107 0.000703 0.216303 0.033744 0.083302 0.053650 0.086247 0.053566
0.299973 0.000003 0.041601 0.001205 0.007836 0.000023 -0.001641 0.000193 0.072078 0.002480 0.319805 0.053199 0.084993 0.052374 0.087931 0.052199
0.299920 0.000010 0.042893 0.002157 0.013392 0.000068 -0.003666 0.000444 0.100425 0.004973 0.419565 0.073823 0.085556 0.051877 0.088237 0.051622
0.299814 0.000025 0.044609 0.003420 0.020354 0.000142 -0.006932 0.000868 0.128288 0.007675 0.505779 0.094526 0.085367 0.051988 0.087557 0.051660
0.299624 0.000051 0.046728 0.004990 0.028456 0.000241 -0.011656 0.001515 0.154501 0.010309 0.570176 0.114538 0.084701 0.052564 0.086195 0.052172
0.299322 0.000095 0.049219 0.006852 0.037320 0.000355 -0.017962 0.002438 0.178448 0.012745 0.606630 0.133329 0.083732 0.053496 0.084371 0.053057
0.298876 0.000163 0.052044 0.008985 0.046497 0.000477 -0.025856 0.003683 0.199913 0.014930 0.611394 0.150547 0.082580 0.054685 0.082257 0.054221
0.298260 0.000262 0.055160 0.011364 0.055497 0.000599 -0.035235 0.005295 0.218939 0.016844 0.583004 0.165963 0.081311 0.056056 0.079971 0.055596
0.297450 0.000399 0.058528 0.013962 0.063826 0.000715 -0.045894 0.007315 0.235730 0.018490 0.522139 0.179437 0.079966 0.057540 0.077612 0.057115
0.296431 0.000582 0.062115 0.016748 0.071012 0.000820 -0.057544 0.009778 0.250575 0.019884 0.431335 0.190896 0.078558 0.059091 0.075246 0.058729
0.295193 0.000820 0.065890 0.019693 0.076636 0.000915 -0.069828 0.012713 0.263795 0.021055 0.314582 0.200311 0.077101 0.060662 0.072931 0.060387
0.293738 0.001121 0.069829 0.022765 0.080346 0.001000 -0.082343 0.016143 0.275708 0.022031 0.177003 0.207688 0.075587 0.062224 0.070704 0.062057
0.292072 0.001493 0.073918 0.025934 0.081872 0.001081 -0.094659 0.020086 0.286601 0.022831 0.024554 0.213057 0.074016 0.063751 0.068598 0.063703
0.290212 0.001945 0.078146 0.029168 0.081040 0.001164 -0.106341 0.024550 0.296721 0.023484 -0.136310 0.216469 0.072384 0.065224 0.066641 0.065299
0.288182 0.002487 0.082506 0.032440 0.077774 0.001256 -0.116964 0.029538 0.306261 0.024001 -0.298948 0.217992 0.070686 0.066630 0.064845 0.066826
0.286012 0.003126 0.087000 0.035719 0.072095 0.001366 -0.126134 0.035046 0.315358 0.024379 -0.456802 0.217700 0.068922 0.067961 0.063220 0.068269
0.283741 0.003873 0.091627 0.038979 0.064124 0.001499 -0.133499 0.041065 0.324095 0.024620 -0.603676 0.215681 0.067098 0.069211 0.061774 0.069615
0.281409 0.004734 0.096392 0.042194 0.054067 0.001663 -0.138767 0.047580 0.332508 0.024719 -0.734017 0.212028 0.065221 0.070375 0.060501 0.070858
0.279063 0.005719 0.101294 0.045341 0.042209 0.001861 -0.141718 0.054571 0.340589 0.024662 -0.843078 0.206841 0.063307 0.071452 0.059400 0.071990
0.276749 0.006835 0.106335 0.048398 0.028899 0.002094 -0.142206 0.062015 0.348302 0.024435 -0.927072 0.200226 0.061373 0.072441 0.058456 0.073012
0.274516 0.008088 0.111512 0.051344 0.014535 0.002361 -0.140173 0.069886 0.355588 0.024019 -0.983316 0.192290 0.059439 0.073343 0.057653 0.073925
0.272409 0.009485 0.116816 0.054162 -0.000455 0.002660 -0.135642 0.078159 0.362381 0.023413 -1.010302 0.183143 0.057536 0.074158 0.056976 0.074728
0.270471 0.011030 0.122237 0.056833 -0.015627 0.002984 -0.128717 0.086803 0.368615 0.022623 -1.007679 0.172899 0.055693 0.074885 0.056406 0.075424
0.268740 0.012729 0.127761 0.059344 -0.030541 0.003327 -0.119580 0.095792 0.374233 0.021637 -0.976151 0.161670 0.053931 0.075530 0.055918 0.076024
0.267247 0.014584 0.133371 0.061681 -0.044775 0.003681 -0.108475 0.105095 0.379192 0.020464 -0.917396 0.149563 0.052281 0.076093 0.055494 0.076529
0.266017 0.016598 0.139047 0.063832 -0.057939 0.004038 -0.095703 0.114685 0.383466 0.019134 -0.833878 0.136688 0.050768 0.076574 0.055118 0.076946
0.265065 0.018772 0.144771 0.065786 -0.069682 0.004389 -0.081607 0.124533 0.387045 0.017666 -0.728633 0.123149 0.049410 0.076977 0.054776 0.077281
0.264401 0.021109 0.150522 0.067533 -0.079706 0.004727 -0.066556 0.134612 0.389941 0.016078 -0.605156 0.109044 0.048223 0.077305 0.054451 0.077545
0.264024 0.023609 0.156284 0.069065 -0.087764 0.005044 -0.050941 0.144893 0.392177 0.014396 -0.467189 0.094466 0.047216 0.077564 0.054136 0.077743
0.263928 0.026271 0.162041 0.070375 -0.093667 0.005336 -0.035158 0.155349 0.393789 0.012659 -0.318542 0.079502 0.046400 0.077753 0.053828 0.077879
0.264098 0.029097 0.167781 0.071459 -0.097285 0.005596 -0.019600 0.165950 0.394821 0.010906 -0.162974 0.064239 0.045777 0.077875 0.053529 0.077959
0.264513 0.032086 0.173495 0.072311 -0.098539 0.005823 -0.004648 0.176670 0.395322 0.009153 -0.004100 0.048755 0.045342 0.077936 0.053231 0.077991
0.265147 0.035237 0.179178 0.072928 -0.097407 0.006014 0.009332 0.187479 0.395342 0.007421 0.154692 0.033125 0.045092 0.077939 0.052943 0.077977
0.265967 0.038551 0.184827 0.073309 -0.093914 0.006171 0.022000 0.198346 0.394929 0.005746 0.310322 0.017423 0.045021 0.077886 0.052670 0.077920
0.266939 0.042026 0.190442 0.073453 -0.088127 0.006294 0.033041 0.209242 0.394127 0.004144 0.460007 0.001716 0.045117 0.077780 0.052418 0.077825
0.268021 0.045662 0.196024 0.073361 -0.080155 0.006388 0.042170 0.220135 0.392974 0.002621 0.601299 -0.013928 0.045366 0.077626 0.052191 0.077694
0.269171 0.049458 0.201575 0.073034 -0.070140 0.006456 0.049137 0.230993 0.391504 0.001186 0.732048 -0.029449 0.045756 0.077428 0.051993 0.077531
0.270344 0.053411 0.207098 0.072476 -0.058256 0.006505 0.053726 0.241781 0.389742 -0.000147 0.850400 -0.044787 0.046275 0.077187 0.051833 0.077334
0.271492 0.057519 0.212596 0.071690 -0.044698 0.006542 0.055761 0.252466 0.387704 -0.001376 0.954788 -0.059884 0.046908 0.076906 0.051712 0.077105
0.272568 0.061780 0.218070 0.070679 -0.029688 0.006574 0.055102 0.263011 0.385403 -0.002498 1.043868 -0.074684 0.047646 0.076588 0.051636 0.076843
0.273523 0.066190 0.223517 0.069450 -0.013464 0.006609 0.051651 0.273381 0.382848 -0.003526 1.116497 -0.089134 0.048469 0.076236 0.051602 0.076552
0.274310 0.070745 0.228935 0.068007 0.003720 0.006656 0.045352 0.283538 0.380041 -0.004466 1.171706 -0.103187 0.049370 0.075853 0.051612 0.076229
0.274883 0.075440 0.234317 0.066356 0.021597 0.006723 0.036192 0.293442 0.376987 -0.005318 1.208684 -0.116792 0.050337 0.075438 0.051669 0.075872
0.275196 0.080271 0.239655 0.064505 0.039887 0.006819 0.024201 0.303056 0.373690 -0.006094 1.226717 -0.129906 0.051360 0.074995 0.051766 0.075483
0.275210 0.085230 0.244937 0.062458 0.058303 0.006949 0.009455 0.312339 0.370158 -0.006814 1.225215 -0.142486 0.052424 0.074528 0.051902 0.075063
0.274886 0.090311 0.250150 0.060225 0.076547 0.007121 -0.007929 0.321251 0.366407 -0.007495 1.203739 -0.154495 0.053518 0.074040 0.052071 0.074611
0.274190 0.095508 0.255279 0.057813 0.094317 0.007338 -0.027787 0.329753 0.362457 -0.008143 1.161997 -0.165901 0.054632 0.073531 0.052275 0.074125
0.273095 0.100812 0.260309 0.055229 0.111310 0.007604 -0.049915 0.337807 0.358337 -0.008770 1.099904 -0.176674 0.055751 0.073003 0.052508 0.073606
0.271578 0.106216 0.265224 0.052482 0.127220 0.007918 -0.074065 0.345374 0.354088 -0.009391 1.017675 -0.186786 0.056864 0.072458 0.052775 0.073054
0.269620 0.111712 0.270011 0.049583 0.141749 0.008280 -0.099956 0.352418 0.349760 -0.010014 0.915876 -0.196215 0.057955 0.071899 0.053074 0.072469
0.267211 0.117292 0.274660 0.046540 0.154611 0.008683 -0.127270 0.358907 0.345411 -0.010651 0.795441 -0.204946 0.059010 0.071328 0.053404 0.071853
0.264343 0.122947 0.279162 0.043364 0.165535 0.009123 -0.155659 0.364809 0.341110 -0.011307 0.657731 -0.212966 0.060014 0.070749 0.053768 0.071208
0.261018 0.128670 0.283515 0.040066 0.174276 0.009588 -0.184750 0.370099 0.336933 -0.011980 0.504539 -0.220270 0.060958 0.070161 0.054171 0.070535
0.257240 0.134452 0.287722 0.036658 0.180617 0.010068 -0.214153 0.374756 0.332956 -0.012668 0.338071 -0.226854 0.061831 0.069567 0.054613 0.069836
0.253020 0.140285 0.291791 0.033152 0.184378 0.010548 -0.243459 0.378761 0.329260 -0.013375 0.160933 -0.232718 0.062624 0.068969 0.055097 0.069117
0.248373 0.146161 0.295737 0.029560 0.185421 0.011014 -0.272255 0.382103 0.325920 -0.014094 -0.023944 -0.237868 0.063333 0.068366 0.055628 0.068378
0.243322 0.152070 0.299582 0.025896 0.183652 0.011451 -0.300120 0.384776 0.323004 -0.014820 -0.213360 -0.242311 0.063955 0.067762 0.056206 0.067625
0.237892 0.158004 0.303350 0.022171 0.179030 0.011841 -0.326639 0.386780 0.320569 -0.015554 -0.403896 -0.246055 0.064486 0.067159 0.056834 0.066864
0.232114 0.163954 0.307074 0.018398 0.171563 0.012172 -0.351407 0.388119 0.318658 -0.016290 -0.591995 -0.249114 0.064931 0.066555 0.057514 0.066098
0.226026 0.169910 0.310788 0.014590 0.161315 0.012427 -0.374034 0.388803 0.317295 -0.017021 -0.774019 -0.251497 0.065291 0.065953 0.058248 0.065333
0.219669 0.175863 0.314530 0.010758 0.148404 0.012597 -0.394154 0.388845 0.316483 -0.017744 -0.946311 -0.253217 0.065573 0.065352 0.059039 0.064572
0.213090 0.181802 0.318337 0.006912 0.133004 0.012670 -0.411432 0.388263 0.316206 -0.018462 -1.105239 -0.254286 0.065778 0.064758 0.059883 0.063828
0.206342 0.187717 0.322245 0.003064 0.115341 0.012641 -0.425577 0.387078 0.316424 -0.019169 -1.247290 -0.254719 0.065917 0.064169 0.060782 0.063102
0.199482 0.193596 0.326288 -0.000777 0.095694 0.012507 -0.436345 0.385311 0.317082 -0.019846 -1.369148 -0.254523 0.066002 0.063586 0.061737 0.062399
0.192568 0.199429 0.330495 -0.004604 0.074389 0.012266 -0.443549 0.382985 0.318104 -0.020493 -1.467801 -0.253711 0.066040 0.063014 0.062738 0.061730
0.185665 0.205205 0.334886 -0.008407 0.051793 0.011920 -0.447070 0.380124 0.319405 -0.021103 -1.540643 -0.252293 0.066045 0.062454 0.063781 0.061096
0.178836 0.210913 0.339477 -0.012180 0.028310 0.011476 -0.446859 0.376752 0.320894 -0.021648 -1.585611 -0.250277 0.066035 0.061905 0.064858 0.060502
0.172144 0.216543 0.344273 -0.015916 0.004370 0.010940 -0.442941 0.372889 0.322478 -0.022125 -1.601256 -0.247671 0.066018 0.061374 0.065953 0.059956
0.165648 0.222087 0.349271 -0.019608 -0.019580 0.010323 -0.435420 0.368557 0.324068 -0.022524 -1.586771 -0.244487 0.066010 0.060860 0.067056 0.059457
0.159406 0.227534 0.354459 -0.023250 -0.043086 0.009634 -0.424471 0.363774 0.325586 -0.022816 -1.542069 -0.240732 0.066025 0.060363 0.068155 0.059005
0.153468 0.232877 0.359819 -0.026835 -0.065700 0.008885 -0.410345 0.358557 0.326967 -0.023002 -1.467793 -0.236419 0.066070 0.059889 0.069229 0.058606
0.147875 0.238109 0.365327 -0.030356 -0.086985 0.008090 -0.393354 0.352921 0.328166 -0.023076 -1.365257 -0.231561 0.066155 0.059437 0.070269 0.058256
0.142663 0.243225 0.370954 -0.033806 -0.106533 0.007260 -0.373870 0.346879 0.329156 -0.023016 -1.236439 -0.226171 0.066289 0.059007 0.071261 0.057949
0.137855 0.248217 0.376668 -0.037177 -0.123967 0.006409 -0.352309 0.340444 0.329931 -0.022819 -1.083937 -0.220267 0.066475 0.058601 0.072192 0.057686
0.133467 0.253084 0.382439 -0.040462 -0.138955 0.005548 -0.329125 0.333627 0.330507 -0.022497 -0.910851 -0.213867 0.066714 0.058222 0.073048 0.057464
0.129505 0.257819 0.388236 -0.043653 -0.151213 0.004689 -0.304800 0.326438 0.330912 -0.022058 -0.720734 -0.206996 0.067006 0.057872 0.073819 0.057280
0.125966 0.262421 0.394034 -0.046741 -0.160516 0.003842 -0.279830 0.318888 0.331191 -0.021500 -0.517465 -0.199680 0.067350 0.057551 0.074501 0.057126
0.122837 0.266886 0.399810 -0.049718 -0.166696 0.003017 -0.254714 0.310986 0.331397 -0.020830 -0.305186 -0.191946 0.067745 0.057260 0.075085 0.057002
0.120100 0.271211 0.405548 -0.052578 -0.169651 0.002223 -0.229952 0.302744 0.331587 -0.020062 -0.088218 -0.183824 0.068188 0.056999 0.075570 0.056899
0.117727 0.275394 0.411236 -0.055311 -0.169344 0.001467 -0.206027 0.294172 0.331815 -0.019213 0.129076 -0.175344 0.068672 0.056770 0.075952 0.056818
0.115686 0.279431 0.416870 -0.057912 -0.165801 0.000755 -0.183404 0.285282 0.332131 -0.018309 0.342347 -0.166541 0.069192 0.056575 0.076229 0.056755
0.113938 0.283320 0.422449 -0.060375 -0.159115 0.000091 -0.162517 0.276086 0.332573 -0.017364 0.547387 -0.157450 0.069741 0.056414 0.076404 0.056706
0.112438 0.287057 0.427976 -0.062695 -0.149440 -0.000522 -0.143765 0.266598 0.333167 -0.016394 0.740221 -0.148106 0.070311 0.056286 0.076480 0.056670
0.111140 0.290639 0.433458 -0.064867 -0.136988 -0.001081 -0.127505 0.256833 0.333922 -0.015425 0.917160 -0.138546 0.070895 0.056194 0.076460 0.056647
0.109991 0.294063 0.438903 -0.066890 -0.122021 -0.001587 -0.114043 0.246805 0.334834 -0.014469 1.074849 -0.128807 0.071486 0.056133 0.076350 0.056632
0.108937 0.297326 0.444320 -0.068760 -0.104852 -0.002041 -0.103631 0.236532 0.335880 -0.013539 1.210355 -0.118924 0.072074 0.056104 0.076155 0.056626
0.107920 0.300424 0.449716 -0.070477 -0.085832 -0.002444 -0.096459 0.226029 0.337028 -0.012648 1.321225 -0.108933 0.072654 0.056103 0.075884 0.056627
0.106885 0.303355 0.455096 -0.072040 -0.065347 -0.002799 -0.092651 0.215316 0.338232 -0.011806 1.405492 -0.098869 0.073215 0.056128 0.075543 0.056635
0.105772 0.306116 0.460462 -0.073449 -0.043807 -0.003112 -0.092264 0.204412 0.339442 -0.011027 1.461725 -0.088767 0.073748 0.056178 0.075139 0.056651
0.104528 0.308706 0.465812 -0.074706 -0.021639 -0.003385 -0.095282 0.193336 0.340608 -0.010312 1.489075 -0.078659 0.074246 0.056246 0.074684 0.056673
0.103099 0.311123 0.471141 -0.075810 0.000721 -0.003625 -0.101622 0.182110 0.341679 -0.009655 1.487251 -0.068577 0.074702 0.056328 0.074185 0.056698
0.101437 0.313366 0.476440 -0.076763 0.022836 -0.003837 -0.111132 0.170755 0.342614 -0.009065 1.456552 -0.058551 0.075104 0.056424 0.073651 0.056732
0.099498 0.315436 0.481698 -0.077567 0.044278 -0.004027 -0.123596 0.159293 0.343383 -0.008537 1.397880 -0.048611 0.075447 0.056526 0.073093 0.056768
0.097246 0.317331 0.486900 -0.078224 0.064640 -0.004199 -0.138740 0.147749 0.343967 -0.008068 1.312741 -0.038784 0.075720 0.056634 0.072520 0.056813
0.094651 0.319054 0.492035 -0.078734 0.083539 -0.004360 -0.156241 0.136147 0.344365 -0.007658 1.203185 -0.029098 0.075919 0.056744 0.071942 0.056863
0.091689 0.320604 0.497088 -0.079100 0.100627 -0.004515 -0.175734 0.124509 0.344586 -0.007292 1.071744 -0.019577 0.076038 0.056851 0.071370 0.056917
0.088346 0.321983 0.502048 -0.079325 0.115598 -0.004666 -0.196823 0.112863 0.344654 -0.006968 0.921443 -0.010244 0.076071 0.056954 0.070812 0.056977
0.084614 0.323192 0.506910 -0.079411 0.128194 -0.004818 -0.219088 0.101230 0.344604 -0.006686 0.755704 -0.001122 0.076013 0.057054 0.070276 0.057046
0.080493 0.324233 0.511668 -0.079360 0.138211 -0.004972 -0.242098 0.089637 0.344477 -0.006440 0.578206 0.007767 0.075867 0.057149 0.069770 0.057121
0.075987 0.325105 0.516326 -0.079177 0.145501 -0.005130 -0.265418 0.078106 0.344315 -0.006223 0.392804 0.016405 0.075629 0.057241 0.069300 0.057207
0.071110 0.325811 0.520889 -0.078864 0.149976 -0.005291 -0.288616 0.066660 0.344160 -0.006032 0.203420 0.024775 0.075305 0.057329 0.068872 0.057301
0.065880 0.326351 0.525370 -0.078426 0.151604 -0.005455 -0.311275 0.055320 0.344048 -0.005857 0.013943 0.032862 0.074900 0.057413 0.068491 0.057403
0.060320 0.326726 0.529786 -0.077868 0.150413 -0.005619 -0.332996 0.044105 0.344008 -0.005707 -0.171890 0.040653 0.074417 0.057502 0.068155 0.057522
0.054459 0.326938 0.534155 -0.077195 0.146484 -0.005781 -0.353407 0.033034 0.344055 -0.005575 -0.350564 0.048135 0.073866 0.057594 0.067869 0.057651
0.048331 0.326986 0.538502 -0.076410 0.139949 -0.005938 -0.372166 0.022123 0.344193 -0.005453 -0.518853 0.055298 0.073255 0.057694 0.067631 0.057797
0.041972 0.326872 0.542851 -0.075521 0.130986 -0.006085 -0.388969 0.011385 0.344414 -0.005347 -0.673916 0.062135 0.072593 0.057808 0.067439 0.057961
0.035425 0.326598 0.547226 -0.074532 0.119811 -0.006219 -0.403551 0.000833 0.344698 -0.005253 -0.813304 0.068637 0.071891 0.057938 0.067293 0.058144
0.028732 0.326166 0.551650 -0.073449 0.106676 -0.006337 -0.415693 -0.009523 0.345012 -0.005167 -0.934940 0.074799 0.071157 0.058089 0.067188 0.058348
0.021941 0.325577 0.556145 -0.072277 0.091861 -0.006436 -0.425223 -0.019676 0.345319 -0.005084 -1.037142 0.080615 0.070404 0.058263 0.067125 0.058573
0.015099 0.324836 0.560729 -0.071022 0.075666 -0.006511 -0.432017 -0.029617 0.345575 -0.004995 -1.118666 0.086086 0.069643 0.058462 0.067100 0.058817
0.008256 0.323944 0.565414 -0.069689 0.058409 -0.006562 -0.436006 -0.039342 0.345735 -0.004901 -1.178679 0.091208 0.068883 0.058689 0.067108 0.059085
0.001460 0.322906 0.570211 -0.068283 0.040415 -0.006586 -0.437168 -0.048847 0.345756 -0.004811 -1.216750 0.095982 0.068131 0.058948 0.067141 0.059378
-0.005242 0.321726 0.575121 -0.066809 0.022016 -0.006582 -0.435535 -0.058127 0.345600 -0.004718 -1.232837 0.100404 0.067398 0.059239 0.067197 0.059691
-0.011805 0.320409 0.580143 -0.065271 0.003538 -0.006550 -0.431187 -0.067180 0.345236 -0.004608 -1.227232 0.104478 0.066693 0.059559 0.067272 0.060025
-0.018188 0.318960 0.585270 -0.063676 -0.014697 -0.006491 -0.424249 -0.076004 0.344643 -0.004484 -1.200553 0.108205 0.066021 0.059909 0.067359 0.060379
-0.024353 0.317384 0.590492 -0.062026 -0.032380 -0.006404 -0.414890 -0.084597 0.343811 -0.004350 -1.153767 0.111585 0.065391 0.060288 0.067451 0.060750
-0.030268 0.315685 0.595793 -0.060328 -0.049218 -0.006292 -0.403317 -0.092957 0.342743 -0.004199 -1.088143 0.114624 0.064808 0.060691 0.067545 0.061135
-0.035906 0.313871 0.601157 -0.058585 -0.064940 -0.006156 -0.389770 -0.101081 0.341452 -0.004034 -1.005179 0.117322 0.064274 0.061118 0.067633 0.061534
-0.041246 0.311945 0.606566 -0.056802 -0.079297 -0.005999 -0.374517 -0.108968 0.339963 -0.003860 -0.906592 0.119684 0.063793 0.061564 0.067709 0.061943
-0.046274 0.309914 0.611999 -0.054985 -0.092071 -0.005824 -0.357849 -0.116616 0.338308 -0.003679 -0.794285 0.121712 0.063366 0.062027 0.067767 0.062362
-0.050981 0.307782 0.617439 -0.053137 -0.103070 -0.005635 -0.340073 -0.124023 0.336531 -0.003491 -0.670318 0.123407 0.062994 0.062502 0.067802 0.062785
-0.055363 0.305554 0.622867 -0.051265 -0.112136 -0.005434 -0.321511 -0.131187 0.334677 -0.003290 -0.536866 0.124774 0.062678 0.062984 0.067813 0.063210
-0.059423 0.303234 0.628269 -0.049372 -0.119143 -0.005226 -0.302489 -0.138106 0.332797 -0.003083 -0.396192 0.125816 0.062417 0.063470 0.067791 0.063635
-0.063168 0.300827 0.633632 -0.047465 -0.124000 -0.005014 -0.283337 -0.144777 0.330938 -0.002876 -0.250630 0.126536 0.062209 0.063955 0.067735 0.064057
-0.066613 0.298337 0.638947 -0.045548 -0.126652 -0.004802 -0.264383 -0.151199 0.329148 -0.002663 -0.102510 0.126940 0.062054 0.064434 0.067645 0.064472
-0.069774 0.295768 0.644206 -0.043628 -0.127077 -0.004595 -0.245948 -0.157370 0.327468 -0.002451 0.045858 0.127031 0.061946 0.064906 0.067514 0.064880
-0.072673 0.293122 0.649405 -0.041708 -0.125289 -0.004397 -0.228344 -0.163288 0.325933 -0.002248 0.192143 0.126815 0.061885 0.065366 0.067343 0.065277
-0.075336 0.290404 0.654546 -0.039795 -0.121336 -0.004210 -0.211867 -0.168951 0.324570 -0.002056 0.334081 0.126296 0.061865 0.065811 0.067129 0.065665
-0.077793 0.287617 0.659628 -0.037893 -0.115300 -0.004040 -0.196795 -0.174359 0.323394 -0.001868 0.469534 0.125481 0.061886 0.066237 0.066876 0.066035
-0.080075 0.284764 0.664655 -0.036007 -0.107294 -0.003888 -0.183383 -0.179510 0.322413 -0.001688 0.596438 0.124378 0.061945 0.066641 0.066582 0.066391
-0.082218 0.281848 0.669632 -0.034141 -0.097461 -0.003759 -0.171862 -0.184404 0.321623 -0.001526 0.712825 0.122995 0.062036 0.067022 0.066249 0.066729
-0.084260 0.278872 0.674564 -0.032301 -0.085972 -0.003655 -0.162430 -0.189041 0.321009 -0.001389 0.816879 0.121339 0.062156 0.067379 0.065875 0.067051
-0.086239 0.275839 0.679456 -0.030489 -0.073026 -0.003577 -0.155252 -0.193420 0.320549 -0.001272 0.906971 0.119421 0.062302 0.067706 0.065469 0.067350
-0.088196 0.272754 0.684312 -0.028710 -0.058841 -0.003528 -0.150458 -0.197542 0.320214 -0.001174 0.981650 0.117252 0.062470 0.068005 0.065029 0.067630
-0.090173 0.269618 0.689136 -0.026967 -0.043660 -0.003509 -0.148136 -0.201408 0.319971 -0.001115 1.039595 0.114841 0.062654 0.068276 0.064555 0.067890
-0.092209 0.266435 0.693928 -0.025262 -0.027742 -0.003521 -0.148331 -0.205020 0.319783 -0.001085 1.079702 0.112202 0.062854 0.068515 0.064058 0.068125
-0.094346 0.263209 0.698689 -0.023600 -0.011362 -0.003562 -0.151045 -0.208380 0.319614 -0.001083 1.101133 0.109347 0.063063 0.068722 0.063537 0.068337
-0.096622 0.259943 0.703416 -0.021983 0.005195 -0.003633 -0.156233 -0.211491 0.319429 -0.001115 1.103268 0.106292 0.063278 0.068897 0.062999 0.068523
-0.099071 0.256640 0.708104 -0.020412 0.021638 -0.003732 -0.163805 -0.214355 0.319200 -0.001179 1.085755 0.103052 0.063495 0.069037 0.062451 0.068682
-0.101728 0.253303 0.712748 -0.018891 0.037671 -0.003856 -0.173627 -0.216978 0.318901 -0.001273 1.048582 0.099644 0.063706 0.069142 0.061900 0.068813
-0.104620 0.249936 0.717342 -0.017421 0.053000 -0.004003 -0.185519 -0.219365 0.318519 -0.001394 0.992116 0.096087 0.063906 0.069213 0.061355 0.068914
-0.107773 0.246541 0.721878 -0.016005 0.067342 -0.004169 -0.199264 -0.221522 0.318048 -0.001547 0.917085 0.092399 0.064086 0.069251 0.060821 0.068988
-0.111205 0.243121 0.726351 -0.014644 0.080427 -0.004350 -0.214607 -0.223456 0.317493 -0.001731 0.824587 0.088596 0.064240 0.069258 0.060306 0.069033
-0.114930 0.239680 0.730756 -0.013339 0.092001 -0.004541 -0.231264 -0.225176 0.316865 -0.001938 0.716084 0.084696 0.064363 0.069235 0.059820 0.069049
-0.118958 0.236218 0.735091 -0.012092 0.101840 -0.004738 -0.248922 -0.226691 0.316187 -0.002164 0.593371 0.080716 0.064449 0.069181 0.059371 0.069036
-0.123292 0.232740 0.739354 -0.010905 0.109744 -0.004936 -0.267251 -0.228013 0.315485 -0.002406 0.458568 0.076674 0.064494 0.069099 0.058967 0.068996
-0.127929 0.229246 0.743550 -0.009779 0.115550 -0.005130 -0.285905 -0.229152 0.314790 -0.002667 0.314021 0.072585 0.064493 0.068995 0.058611 0.068931
-0.132862 0.225740 0.747685 -0.008713 0.119130 -0.005316 -0.304528 -0.230123 0.314134 -0.002940 0.162272 0.068465 0.064447 0.068867 0.058312 0.068841
-0.138078 0.222223 0.751769 -0.007710 0.120396 -0.005489 -0.322764 -0.230937 0.313551 -0.003223 0.005945 0.064328 0.064354 0.068722 0.058070 0.068730
-0.143560 0.218697 0.755816 -0.006769 0.119300 -0.005646 -0.340258 -0.231609 0.313066 -0.003511 -0.152329 0.060189 0.064219 0.068559 0.057892 0.068598
-0.149284 0.215163 0.759842 -0.005892 0.115831 -0.005784 -0.356662 -0.232154 0.312704 -0.003803 -0.309948 0.056061 0.064042 0.068385 0.057775 0.068451
-0.155222 0.211623 0.763867 -0.005076 0.110018 -0.005901 -0.371642 -0.232586 0.312481 -0.004101 -0.464413 0.051955 0.063827 0.068204 0.057720 0.068292
-0.161342 0.208079 0.767912 -0.004323 0.101927 -0.005997 -0.384878 -0.232921 0.312404 -0.004399 -0.613364 0.047882 0.063581 0.068017 0.057727 0.068123
-0.167607 0.204532 0.771997 -0.003632 0.091657 -0.006070 -0.396074 -0.233172 0.312471 -0.004692 -0.754596 0.043853 0.063307 0.067829 0.057795 0.067947
-0.173975 0.200983 0.776144 -0.003002 0.079338 -0.006121 -0.404959 -0.233353 0.312672 -0.004974 -0.886032 0.039877 0.063010 0.067642 0.057925 0.067767
-0.180402 0.197432 0.780373 -0.002432 0.065135 -0.006152 -0.411289 -0.233479 0.312988 -0.005240 -1.005687 0.035965 0.062694 0.067460 0.058116 0.067587
-0.186839 0.193882 0.784702 -0.001920 0.049236 -0.006164 -0.414857 -0.233560 0.313391 -0.005485 -1.111677 0.032124 0.062364 0.067285 0.058370 0.067411
-0.193235 0.190332 0.789143 -0.001466 0.031861 -0.006159 -0.415495 -0.233610 0.313851 -0.005701 -1.202205 0.028364 0.062022 0.067121 0.058686 0.067240
-0.199536 0.186784 0.793709 -0.001068 0.013255 -0.006141 -0.413077 -0.233637 0.314331 -0.005880 -1.275546 0.024693 0.061673 0.066969 0.059063 0.067078
-0.205690 0.183237 0.798402 -0.000725 -0.006312 -0.006111 -0.407524 -0.233653 0.314791 -0.006014 -1.330065 0.021119 0.061319 0.066831 0.059502 0.066928
-0.211641 0.179693 0.803223 -0.000434 -0.026546 -0.006074 -0.398808 -0.233663 0.315192 -0.006094 -1.364219 0.017650 0.060965 0.066709 0.059999 0.066790
-0.217339 0.176151 0.808165 -0.000195 -0.047131 -0.006033 -0.386958 -0.233676 0.315498 -0.006111 -1.376599 0.014294 0.060616 0.066603 0.060552 0.066667
-0.222733 0.172611 0.813216 -0.000004 -0.067730 -0.005989 -0.372057 -0.233698 0.315678 -0.006058 -1.366041 0.011059 0.060277 0.066513 0.061153 0.066560
-0.227778 0.169073 0.818359 0.000139 -0.087994 -0.005947 -0.354245 -0.233732 0.315708 -0.005929 -1.331706 0.007955 0.059956 0.066439 0.061794 0.066468
-0.232433 0.165537 0.823574 0.000236 -0.107562 -0.005909 -0.333721 -0.233783 0.315574 -0.005713 -1.273164 0.004989 0.059664 0.066376 0.062465 0.066388
-0.236663 0.162003 0.828835 0.000290 -0.126069 -0.005878 -0.310736 -0.233854 0.315276 -0.005413 -1.190456 0.002172 0.059404 0.066327 0.063151 0.066323
-0.240442 0.158470 0.834117 0.000302 -0.143158 -0.005854 -0.285594 -0.233947 0.314826 -0.005038 -1.084105 -0.000493 0.059184 0.066289 0.063838 0.066273
-0.243750 0.154937 0.839394 0.000276 -0.158480 -0.005841 -0.258644 -0.234063 0.314251 -0.004586 -0.955119 -0.002998 0.059009 0.066261 0.064514 0.066234
-0.246573 0.151405 0.844639 0.000212 -0.171707 -0.005839 -0.230276 -0.234204 0.313588 -0.004051 -0.805015 -0.005340 0.058889 0.066237 0.065166 0.066201
-0.248908 0.147873 0.849831 0.000114 -0.182536 -0.005850 -0.200912 -0.234370 0.312890 -0.003440 -0.635795 -0.007513 0.058828 0.066215 0.065782 0.066175
-0.250758 0.144340 0.854952 -0.000016 -0.190698 -0.005873 -0.171006 -0.234560 0.312216 -0.002779 -0.449857 -0.009515 0.058822 0.066197 0.066348 0.066157
-0.252134 0.140806 0.859989 -0.000176 -0.195962 -0.005909 -0.141030 -0.234777 0.311630 -0.002077 -0.249951 -0.011349 0.058877 0.066178 0.066856 0.066141
-0.253054 0.137270 0.864935 -0.000363 -0.198142 -0.005958 -0.111472 -0.235018 0.311200 -0.001344 -0.039113 -0.013015 0.058993 0.066156 0.067299 0.066127
-0.253544 0.133732 0.869790 -0.000573 -0.197097 -0.006020 -0.082829 -0.235284 0.310988 -0.000601 0.179394 -0.014516 0.059167 0.066133 0.067670 0.066114
-0.253634 0.130191 0.874561 -0.000806 -0.192738 -0.006095 -0.055601 -0.235575 0.311047 0.000133 0.402164 -0.015858 0.059400 0.066103 0.067967 0.066097
-0.253365 0.126647 0.879260 -0.001057 -0.185028 -0.006183 -0.030283 -0.235890 0.311420 0.000830 0.625681 -0.017046 0.059686 0.066071 0.068183 0.066081
-0.252782 0.123099 0.883902 -0.001325 -0.173982 -0.006282 -0.007363 -0.236228 0.312132 0.001460 0.846246 -0.018088 0.060030 0.066034 0.068314 0.066063
-0.251936 0.119546 0.888511 -0.001607 -0.159674 -0.006394 0.012693 -0.236590 0.313189 0.001993 1.059930 -0.018994 0.060429 0.065996 0.068352 0.066045
-0.250888 0.115989 0.893107 -0.001902 -0.142238 -0.006518 0.029445 -0.236974 0.314572 0.002408 1.262522 -0.019773 0.060895 0.065950 0.068296 0.066020
-0.249701 0.112425 0.897715 -0.002206 -0.121875 -0.006653 0.042494 -0.237381 0.316240 0.002682 1.449450 -0.020433 0.061430 0.065901 0.068134 0.065992
-0.248446 0.108855 0.902354 -0.002519 -0.098857 -0.006801 0.051496 -0.237810 0.318127 0.002792 1.615710 -0.020983 0.062040 0.065847 0.067858 0.065959
-0.247199 0.105278 0.907041 -0.002838 -0.073532 -0.006962 0.056176 -0.238260 0.320139 0.002739 1.755944 -0.021429 0.062733 0.065784 0.067465 0.065914
-0.246037 0.101692 0.911786 -0.003163 -0.046334 -0.007133 0.056346 -0.238733 0.322169 0.002534 1.864661 -0.021775 0.063508 0.065711 0.066956 0.065856
-0.245038 0.098097 0.916592 -0.003492 -0.017774 -0.007314 0.051919 -0.239227 0.324093 0.002196 1.936615 -0.022020 0.064355 0.065624 0.066337 0.065781
-0.244279 0.094493 0.921450 -0.003823 0.011560 -0.007503 0.042925 -0.239742 0.325790 0.001752 1.967315 -0.022162 0.065254 0.065522 0.065626 0.065686
-0.243832 0.090877 0.926346 -0.004156 0.041025 -0.007696 0.029512 -0.240280 0.327153 0.001235 1.953462 -0.022196 0.066182 0.065400 0.064851 0.065566
-0.243762 0.087250 0.931256 -0.004489 0.069935 -0.007888 0.011947 -0.240841 0.328095 0.000672 1.893303 -0.022113 0.067108 0.065259 0.064041 0.065421
-0.244122 0.083611 0.936151 -0.004821 0.097594 -0.008075 -0.009387 -0.241425 0.328566 0.000089 1.786878 -0.021905 0.067995 0.065098 0.063228 0.065252
-0.244956 0.079958 0.940998 -0.005149 0.123321 -0.008252 -0.034009 -0.242033 0.328559 -0.000493 1.636020 -0.021566 0.068814 0.064916 0.062448 0.065057
-0.246295 0.076292 0.945767 -0.005472 0.146472 -0.008413 -0.061356 -0.242668 0.328105 -0.001059 1.444223 -0.021090 0.069536 0.064716 0.061726 0.064840
-0.248157 0.072611 0.950428 -0.005788 0.166469 -0.008553 -0.090804 -0.243332 0.327277 -0.001596 1.216390 -0.020476 0.070139 0.064499 0.061086 0.064604
-0.250547 0.068915 0.954960 -0.006094 0.182815 -0.008669 -0.121683 -0.244026 0.326180 -0.002096 0.958508 -0.019728 0.070605 0.064271 0.060546 0.064354
-0.253460 0.065204 0.959351 -0.006389 0.195109 -0.008755 -0.153303 -0.244754 0.324943 -0.002552 0.677273 -0.018850 0.070931 0.064030 0.060119 0.064091
-0.256879 0.061477 0.963598 -0.006670 0.203052 -0.008811 -0.184964 -0.245519 0.323704 -0.002958 0.379766 -0.017850 0.071112 0.063782 0.059813 0.063820
-0.260779 0.057734 0.967712 -0.006935 0.206456 -0.008834 -0.215972 -0.246322 0.322603 -0.003311 0.073102 -0.016734 0.071157 0.063527 0.059630 0.063543
-0.265127 0.053974 0.971713 -0.007182 0.205233 -0.008824 -0.245648 -0.247168 0.321767 -0.003611 -0.235850 -0.015513 0.071069 0.063273 0.059564 0.063271
-0.269882 0.050197 0.975632 -0.007410 0.199400 -0.008783 -0.273338 -0.248056 0.321300 -0.003855 -0.540644 -0.014196 0.070868 0.063018 0.059615 0.063000
-0.274992 0.046403 0.979508 -0.007616 0.189063 -0.008712 -0.298420 -0.248989 0.321278 -0.004044 -0.835455 -0.012790 0.070563 0.062771 0.059769 0.062740
-0.280401 0.042590 0.983386 -0.007800 0.174411 -0.008614 -0.320309 -0.249968 0.321744 -0.004180 -1.115140 -0.011304 0.070174 0.062533 0.060021 0.062493
-0.286043 0.038760 0.987314 -0.007960 0.155705 -0.008491 -0.338468 -0.250993 0.322703 -0.004262 -1.375200 -0.009744 0.069711 0.062309 0.060360 0.062264
-0.291844 0.034911 0.991340 -0.008096 0.133270 -0.008347 -0.352410 -0.252063 0.324124 -0.004291 -1.611737 -0.008116 0.069192 0.062099 0.060780 0.062053
-0.297723 0.031044 0.995507 -0.008205 0.107485 -0.008184 -0.361714 -0.253175 0.325943 -0.004264 -1.821338 -0.006424 0.068624 0.061910 0.061276 0.061866
-0.303589 0.027157 0.999852 -0.008289 0.078778 -0.008008 -0.366027 -0.254329 0.328067 -0.004182 -2.000930 -0.004671 0.068016 0.061741 0.061844 0.061703
-0.309350 0.023252 1.004402 -0.008346 0.047619 -0.007819 -0.365081 -0.255520 0.330382 -0.004040 -2.147626 -0.002861 0.067370 0.061599 0.062483 0.061570
-0.314908 0.019328 1.009171 -0.008375 0.014525 -0.007622 -0.358700 -0.256744 0.332757 -0.003836 -2.258627 -0.000997 0.066687 0.061486 0.063189 0.061468
-0.320164 0.015386 1.014160 -0.008375 -0.019950 -0.007418 -0.346812 -0.257998 0.335056 -0.003557 -2.331196 0.000915 0.065969 0.061401 0.063963 0.061395
-0.325021 0.011426 1.019354 -0.008347 -0.055208 -0.007210 -0.329457 -0.259276 0.337142 -0.003191 -2.362752 0.002875 0.065221 0.061346 0.064797 0.061353
-0.329389 0.007448 1.024723 -0.008289 -0.090619 -0.006998 -0.306794 -0.260573 0.338892 -0.002728 -2.351057 0.004880 0.064449 0.061317 0.065681 0.061337
-0.333187 0.003454 1.030225 -0.008200 -0.125518 -0.006785 -0.279100 -0.261882 0.340205 -0.002160 -2.294482 0.006928 0.063664 0.061313 0.066595 0.061345
-0.336344 -0.000556 1.035806 -0.008079 -0.159227 -0.006570 -0.246769 -0.263197 0.341012 -0.001486 -2.192289 0.009019 0.062881 0.061329 0.067518 0.061371
-0.338807 -0.004581 1.041406 -0.007925 -0.191063 -0.006354 -0.210298 -0.264511 0.341282 -0.000705 -2.044834 0.011149 0.062115 0.061364 0.068420 0.061412
-0.340534 -0.008620 1.046962 -0.007738 -0.220357 -0.006137 -0.170281 -0.265818 0.341031 0.000170 -1.853778 0.013315 0.061388 0.061410 0.069271 0.061462
-0.341502 -0.012672 1.052414 -0.007516 -0.246476 -0.005918 -0.127383 -0.267110 0.340321 0.001124 -1.622105 0.015509 0.060715 0.061467 0.070041 0.061518
-0.341702 -0.016736 1.057707 -0.007258 -0.268840 -0.005698 -0.082328 -0.268381 0.339259 0.002133 -1.354004 0.017721 0.060109 0.061531 0.070703 0.061576
-0.341139 -0.020812 1.062799 -0.006964 -0.286942 -0.005476 -0.035876 -0.269623 0.337988 0.003172 -1.054744 0.019935 0.059587 0.061599 0.071237 0.061633
-0.339830 -0.024900 1.067661 -0.006635 -0.300360 -0.005253 0.011193 -0.270830 0.336678 0.004216 -0.730447 0.022138 0.059159 0.061666 0.071630 0.061683
-0.337800 -0.028998 1.072280 -0.006269 -0.308766 -0.005029 0.058088 -0.271995 0.335512 0.005227 -0.387746 0.024310 0.058827 0.061733 0.071871 0.061729
-0.335085 -0.033108 1.076661 -0.005869 -0.311936 -0.004806 0.104026 -0.273111 0.334672 0.006161 -0.033536 0.026431 0.058594 0.061799 0.071957 0.061768
-0.331726 -0.037227 1.080828 -0.005437 -0.309751 -0.004584 0.148232 -0.274174 0.334326 0.006975 0.325212 0.028482 0.058461 0.061865 0.071889 0.061804
-0.327774 -0.041357 1.084817 -0.004973 -0.302193 -0.004369 0.189950 -0.275177 0.334611 0.007626 0.681647 0.030441 0.058425 0.061931 0.071672 0.061836
-0.323284 -0.045496 1.088683 -0.004481 -0.289348 -0.004162 0.228449 -0.276115 0.335622 0.008076 1.029022 0.032287 0.058491 0.061998 0.071307 0.061868
-0.318322 -0.049646 1.092488 -0.003963 -0.271402 -0.003968 0.263032 -0.276983 0.337405 0.008293 1.360659 0.034003 0.058663 0.062067 0.070801 0.061900
-0.312963 -0.053804 1.096301 -0.003423 -0.248641 -0.003793 0.293050 -0.277777 0.339944 0.008269 1.669842 0.035574 0.058950 0.062138 0.070151 0.061935
-0.307291 -0.057972 1.100196 -0.002863 -0.221454 -0.003641 0.317918 -0.278492 0.343161 0.008011 1.949708 0.036988 0.059364 0.062211 0.069363 0.061971
-0.301401 -0.062147 1.104241 -0.002287 -0.190331 -0.003517 0.337136 -0.279123 0.346919 0.007558 2.193361 0.038241 0.059912 0.062287 0.068440 0.062012
-0.295398 -0.066328 1.108496 -0.001696 -0.155867 -0.003426 0.350316 -0.279666 0.351025 0.006958 2.394117 0.039333 0.060600 0.062360 0.067400 0.062054
-0.289394 -0.070515 1.113007 -0.001093 -0.118753 -0.003370 0.357202 -0.280117 0.355248 0.006269 2.545878 0.040273 0.061413 0.062439 0.066257 0.062106
-0.283506 -0.074705 1.117802 -0.000480 -0.079761 -0.003351 0.357692 -0.280468 0.359338 0.005542 2.643619 0.041072 0.062336 0.062520 0.065044 0.062166
-0.277849 -0.078897 1.122891 0.000143 -0.039731 -0.003371 0.351847 -0.280715 0.363047 0.004812 2.683874 0.041747 0.063338 0.062604 0.063800 0.062238
-0.272533 -0.083089 1.128258 0.000774 0.000461 -0.003428 0.339899 -0.280852 0.366155 0.004109 2.665022 0.042316 0.064383 0.062694 0.062564 0.062325
-0.267659 -0.087279 1.133872 0.001412 0.039928 -0.003522 0.322237 -0.280872 0.368486 0.003450 2.587405 0.042799 0.065431 0.062791 0.061377 0.062427
-0.263311 -0.091464 1.139684 0.002059 0.077802 -0.003648 0.299392 -0.280769 0.369923 0.002847 2.453280 0.043215 0.066446 0.062892 0.060275 0.062542
-0.259555 -0.095644 1.145633 0.002713 0.113265 -0.003804 0.272017 -0.280537 0.370415 0.002307 2.266590 0.043579 0.067391 0.063000 0.059283 0.062673
-0.256439 -0.099816 1.151652 0.003374 0.145566 -0.003985 0.240849 -0.280173 0.369980 0.001835 2.032679 0.043900 0.068241 0.063112 0.058425 0.062817
-0.253989 -0.103979 1.157674 0.004044 0.174044 -0.004183 0.206691 -0.279670 0.368700 0.001430 1.758004 0.044184 0.068969 0.063229 0.057715 0.062972
-0.252213 -0.108131 1.163640 0.004720 0.198141 -0.004393 0.170375 -0.279027 0.366714 0.001092 1.449836 0.044432 0.069561 0.063348 0.057164 0.063136
-0.251102 -0.112271 1.169498 0.005403 0.217413 -0.004606 0.132744 -0.278242 0.364197 0.000815 1.115917 0.044643 0.070011 0.063467 0.056776 0.063303
-0.250634 -0.116397 1.175211 0.006091 0.231532 -0.004816 0.094634 -0.277314 0.361352 0.000596 0.764209 0.044814 0.070311 0.063585 0.056549 0.063473
-0.250774 -0.120508 1.180756 0.006784 0.240292 -0.005013 0.056854 -0.276246 0.358392 0.000433 0.402675 0.044938 0.070465 0.063701 0.056480 0.063643
-0.251480 -0.124601 1.186126 0.007479 0.243604 -0.005191 0.020182 -0.275041 0.355521 0.000321 0.039060 0.045011 0.070477 0.063814 0.056563 0.063810
-0.252699 -0.128676 1.191329 0.008175 0.241492 -0.005343 -0.014642 -0.273704 0.352922 0.000256 -0.319285 0.045028 0.070355 0.063925 0.056785 0.063975
-0.254375 -0.132731 1.196387 0.008869 0.234088 -0.005464 -0.046926 -0.272240 0.350748 0.000234 -0.665477 0.044985 0.070109 0.064035 0.057137 0.064136
-0.256444 -0.136762 1.201333 0.009561 0.221622 -0.005548 -0.076024 -0.270658 0.349109 0.000251 -0.993205 0.044876 0.069750 0.064145 0.057605 0.064295
-0.258834 -0.140769 1.206205 0.010249 0.204414 -0.005593 -0.101351 -0.268966 0.348073 0.000305 -1.296794 0.044701 0.069290 0.064255 0.058178 0.064450
-0.261470 -0.144748 1.211047 0.010930 0.182865 -0.005599 -0.122380 -0.267173 0.347655 0.000395 -1.571205 0.044459 0.068745 0.064365 0.058844 0.064599
-0.264268 -0.148698 1.215902 0.011605 0.157446 -0.005565 -0.138660 -0.265287 0.347830 0.000518 -1.811996 0.044151 0.068121 0.064478 0.059588 0.064744
-0.267140 -0.152616 1.220811 0.012271 0.128692 -0.005492 -0.149822 -0.263316 0.348527 0.000675 -2.015338 0.043781 0.067435 0.064589 0.060402 0.064881
-0.269992 -0.156501 1.225806 0.012929 0.097189 -0.005383 -0.155593 -0.261268 0.349643 0.000861 -2.178003 0.043352 0.066691 0.064704 0.061267 0.065016
-0.272729 -0.160349 1.230908 0.013578 0.063568 -0.005242 -0.155803 -0.259149 0.351049 0.001076 -2.297328 0.042870 0.065902 0.064818 0.062175 0.065142
-0.275253 -0.164160 1.236128 0.014218 0.028495 -0.005073 -0.150400 -0.256965 0.352606 0.001320 -2.371254 0.042340 0.065076 0.064931 0.063110 0.065260
-0.277471 -0.167931 1.241460 0.014849 -0.007337 -0.004879 -0.139449 -0.254720 0.354172 0.001584 -2.398383 0.041766 0.064220 0.065043 0.064052 0.065370
-0.279293 -0.171662 1.246888 0.015471 -0.043221 -0.004667 -0.123139 -0.252417 0.355617 0.001870 -2.378091 0.041156 0.063354 0.065146 0.064990 0.065464
-0.280640 -0.175352 1.252381 0.016085 -0.078446 -0.004438 -0.101781 -0.250057 0.356834 0.002177 -2.310590 0.040516 0.062486 0.065239 0.065901 0.065542
-0.281444 -0.179001 1.257902 0.016690 -0.112311 -0.004199 -0.075794 -0.247640 0.357749 0.002489 -2.197070 0.039851 0.061631 0.065321 0.066761 0.065603
-0.281650 -0.182608 1.263404 0.017288 -0.144141 -0.003953 -0.045697 -0.245168 0.358326 0.002803 -2.039783 0.039168 0.060809 0.065383 0.067551 0.065640
-0.281217 -0.186173 1.268843 0.017878 -0.173304 -0.003704 -0.012094 -0.242637 0.358571 0.003112 -1.842087 0.038470 0.060037 0.065425 0.068246 0.065652
-0.280120 -0.189697 1.274173 0.018459 -0.199226 -0.003454 0.024350 -0.240048 0.358529 0.003403 -1.608412 0.037760 0.059331 0.065444 0.068827 0.065638
-0.278346 -0.193179 1.279356 0.019033 -0.221405 -0.003208 0.062925 -0.237398 0.358280 0.003662 -1.344121 0.037037 0.058704 0.065440 0.069272 0.065599
-0.275898 -0.196620 1.284365 0.019598 -0.239429 -0.002966 0.102898 -0.234686 0.357932 0.003880 -1.055371 0.036297 0.058170 0.065411 0.069572 0.065533
-0.272787 -0.200019 1.289184 0.020154 -0.252979 -0.002732 0.143527 -0.231910 0.357605 0.004054 -0.748896 0.035538 0.057741 0.065356 0.069718 0.065441
-0.269034 -0.203376 1.293809 0.020699 -0.261844 -0.002508 0.184079 -0.229068 0.357426 0.004174 -0.431765 0.034753 0.057421 0.065280 0.069706 0.065327
-0.264671 -0.206690 1.298253 0.021233 -0.265916 -0.002296 0.223840 -0.226158 0.357509 0.004234 -0.111141 0.033936 0.057216 0.065181 0.069540 0.065194
-0.259735 -0.209961 1.302541 0.021754 -0.265196 -0.002097 0.262129 -0.223181 0.357953 0.004236 0.205953 0.033081 0.057129 0.065064 0.069228 0.065042
-0.254270 -0.213187 1.306709 0.022261 -0.259789 -0.001912 0.298305 -0.220135 0.358822 0.004178 0.512817 0.032184 0.057155 0.064933 0.068778 0.064881
-0.248327 -0.216366 1.310804 0.022752 -0.249895 -0.001744 0.331775 -0.217020 0.360148 0.004065 0.803228 0.031242 0.057298 0.064789 0.068211 0.064709
-0.241963 -0.219496 1.314878 0.023228 -0.235803 -0.001594 0.362004 -0.213836 0.361923 0.003904 1.071545 0.030254 0.057545 0.064642 0.067535 0.064539
-0.235243 -0.222575 1.318986 0.023686 -0.217884 -0.001461 0.388526 -0.210583 0.364098 0.003701 1.312789 0.029221 0.057898 0.064492 0.066775 0.064370
-0.228238 -0.225601 1.323186 0.024125 -0.196576 -0.001346 0.410951 -0.207262 0.366590 0.003468 1.522709 0.028146 0.058346 0.064347 0.065949 0.064210
-0.221023 -0.228571 1.327526 0.024546 -0.172376 -0.001250 0.428972 -0.203873 0.369285 0.003216 1.697831 0.027035 0.058881 0.064212 0.065078 0.064064
-0.213679 -0.231485 1.332051 0.024948 -0.145828 -0.001172 0.442377 -0.200417 0.372050 0.002956 1.835501 0.025896 0.059490 0.064092 0.064184 0.063939
-0.206291 -0.234338 1.336796 0.025332 -0.117507 -0.001111 0.451054 -0.196895 0.374740 0.002699 1.933942 0.024735 0.060161 0.063991 0.063289 0.063837
-0.198944 -0.237131 1.341780 0.025696 -0.088010 -0.001068 0.454991 -0.193308 0.377210 0.002455 1.992244 0.023563 0.060881 0.063912 0.062418 0.063760
-0.191721 -0.239862 1.347014 0.026041 -0.057940 -0.001039 0.454278 -0.189658 0.379325 0.002228 2.010374 0.022393 0.061635 0.063858 0.061592 0.063711
-0.184699 -0.242529 1.352492 0.026369 -0.027895 -0.001024 0.449102 -0.185946 0.380972 0.002029 1.989195 0.021233 0.062401 0.063832 0.060829 0.063694
-0.177951 -0.245133 1.358198 0.026679 0.001548 -0.001021 0.439741 -0.182173 0.382063 0.001861 1.930365 0.020094 0.063166 0.063835 0.060145 0.063707
-0.171538 -0.247673 1.364105 0.026972 0.029840 -0.001027 0.426550 -0.178342 0.382545 0.001726 1.836223 0.018981 0.063911 0.063869 0.059551 0.063753
-0.165512 -0.250149 1.370178 0.027249 0.056474 -0.001042 0.409951 -0.174454 0.382396 0.001624 1.709753 0.017901 0.064626 0.063928 0.059063 0.063826
-0.159912 -0.252561 1.376377 0.027510 0.080990 -0.001062 0.390417 -0.170511 0.381631 0.001556 1.554466 0.016859 0.065292 0.064016 0.058679 0.063927
-0.154766 -0.254910 1.382659 0.027756 0.102984 -0.001085 0.368460 -0.166516 0.380294 0.001521 1.374251 0.015854 0.065903 0.064124 0.058408 0.064051
-0.150088 -0.257196 1.388982 0.027988 0.122114 -0.001109 0.344617 -0.162472 0.378459 0.001513 1.173300 0.014890 0.066448 0.064254 0.058247 0.064194
-0.145881 -0.259420 1.395307 0.028207 0.138102 -0.001133 0.319436 -0.158381 0.376217 0.001532 0.955974 0.013964 0.066922 0.064399 0.058194 0.064352
-0.142140 -0.261583 1.401599 0.028411 0.150734 -0.001153 0.293469 -0.154247 0.373677 0.001574 0.726739 0.013075 0.067318 0.064559 0.058244 0.064524
-0.138849 -0.263683 1.407831 0.028603 0.159867 -0.001170 0.267257 -0.150071 0.370953 0.001636 0.490105 0.012219 0.067634 0.064727 0.058391 0.064704
-0.135982 -0.265723 1.413981 0.028783 0.165423 -0.001180 0.241329 -0.145859 0.368157 0.001714 0.250516 0.011394 0.067871 0.064900 0.058630 0.064887
-0.133510 -0.267701 1.420035 0.028950 0.167390 -0.001184 0.216189 -0.141612 0.365398 0.001804 0.012313 0.010596 0.068025 0.065076 0.058950 0.065072
-0.131395 -0.269617 1.425987 0.029105 0.165820 -0.001180 0.192318 -0.137335 0.362770 0.001904 -0.220298 0.009822 0.068098 0.065251 0.059347 0.065254
-0.129596 -0.271472 1.431838 0.029249 0.160829 -0.001168 0.170159 -0.133031 0.360351 0.002010 -0.443327 0.009068 0.068095 0.065421 0.059810 0.065430
-0.128067 -0.273264 1.437591 0.029381 0.152587 -0.001148 0.150122 -0.128702 0.358198 0.002118 -0.653054 0.008333 0.068015 0.065586 0.060329 0.065600
-0.126757 -0.274994 1.443256 0.029502 0.141321 -0.001121 0.132571 -0.124352 0.356349 0.002225 -0.846043 0.007613 0.067864 0.065742 0.060896 0.065760
-0.125613 -0.276660 1.448845 0.029612 0.127305 -0.001086 0.117825 -0.119985 0.354819 0.002330 -1.019182 0.006908 0.067648 0.065887 0.061503 0.065907
-0.124579 -0.278262 1.454369 0.029711 0.110859 -0.001044 0.106148 -0.115602 0.353602 0.002426 -1.169688 0.006215 0.067368 0.066020 0.062138 0.066041
-0.123598 -0.279799 1.459842 0.029799 0.092339 -0.000997 0.097746 -0.111206 0.352674 0.002512 -1.295180 0.005534 0.067033 0.066140 0.062793 0.066161
-0.122612 -0.281272 1.465272 0.029878 0.072138 -0.000946 0.092763 -0.106800 0.351997 0.002580 -1.393707 0.004862 0.066646 0.066245 0.063456 0.066265
-0.121562 -0.282679 1.470668 0.029946 0.050670 -0.000891 0.091275 -0.102384 0.351521 0.002629 -1.463807 0.004200 0.066218 0.066333 0.064118 0.066352
-0.120390 -0.284020 1.476031 0.030004 0.028370 -0.000835 0.093291 -0.097962 0.351195 0.002658 -1.504500 0.003549 0.065758 0.066401 0.064772 0.066418
-0.119043 -0.285295 1.481361 0.030052 0.005684 -0.000777 0.098749 -0.093534 0.350963 0.002658 -1.515306 0.002910 0.065270 0.066450 0.065404 0.066465
-0.117469 -0.286505 1.486654 0.030091 -0.016941 -0.000721 0.107518 -0.089102 0.350777 0.002627 -1.496304 0.002285 0.064767 0.066477 0.066005 0.066490
-0.115623 -0.287650 1.491901 0.030121 -0.039060 -0.000666 0.119401 -0.084666 0.350595 0.002561 -1.448158 0.001673 0.064257 0.066482 0.066562 0.066494
-0.113465 -0.288730 1.497092 0.030142 -0.060247 -0.000613 0.134139 -0.080228 0.350389 0.002456 -1.372142 0.001078 0.063751 0.066464 0.067066 0.066474
-0.110962 -0.289745 1.502215 0.030153 -0.080095 -0.000565 0.151420 -0.075790 0.350142 0.002315 -1.270091 0.000501 0.063262 0.066421 0.067511 0.066429
-0.108088 -0.290695 1.507259 0.030157 -0.098232 -0.000521 0.170885 -0.071350 0.349854 0.002135 -1.144399 -0.000056 0.062797 0.066354 0.067882 0.066361
-0.104825 -0.291582 1.512214 0.030152 -0.114324 -0.000483 0.192139 -0.066911 0.349538 0.001916 -0.997984 -0.000590 0.062369 0.066263 0.068176 0.066270
-0.101162 -0.292405 1.517073 0.030139 -0.128085 -0.000452 0.214756 -0.062474 0.349215 0.001660 -0.834171 -0.001103 0.061982 0.066151 0.068385 0.066158
-0.097096 -0.293164 1.521833 0.030119 -0.139281 -0.000427 0.238297 -0.058039 0.348919 0.001372 -0.656635 -0.001594 0.061647 0.066018 0.068506 0.066025
-0.092631 -0.293860 1.526496 0.030091 -0.147735 -0.000409 0.262311 -0.053606 0.348685 0.001058 -0.469296 -0.002064 0.061369 0.065867 0.068536 0.065876
-0.087777 -0.294492 1.531069 0.030056 -0.153331 -0.000398 0.286350 -0.049178 0.348549 0.000726 -0.276174 -0.002514 0.061153 0.065701 0.068480 0.065711
-0.082550 -0.295060 1.535563 0.030015 -0.156012 -0.000395 0.309975 -0.044754 0.348544 0.000386 -0.081289 -0.002942 0.061004 0.065520 0.068342 0.065532
-0.076973 -0.295563 1.539996 0.029967 -0.155781 -0.000400 0.332762 -0.040336 0.348694 0.000047 0.111400 -0.003350 0.060923 0.065330 0.068124 0.065344
-0.071075 -0.296002 1.544388 0.029913 -0.152699 -0.000411 0.354314 -0.035924 0.349015 -0.000285 0.298138 -0.003738 0.060906 0.065138 0.067833 0.065154
-0.064886 -0.296375 1.548764 0.029854 -0.146883 -0.000429 0.374260 -0.031519 0.349508 -0.000598 0.475485 -0.004108 0.060954 0.064944 0.067481 0.064962
-0.058446 -0.296681 1.553150 0.029789 -0.138497 -0.000453 0.392270 -0.027121 0.350162 -0.000883 0.640306 -0.004459 0.061067 0.064751 0.067079 0.064770
-0.051795 -0.296921 1.557573 0.029719 -0.127751 -0.000483 0.408049 -0.022732 0.350953 -0.001133 0.789827 -0.004789 0.061241 0.064565 0.066635 0.064586
-0.044978 -0.297093 1.562058 0.029644 -0.114891 -0.000517 0.421352 -0.018351 0.351845 -0.001341 0.921702 -0.005100 0.061467 0.064392 0.066159 0.064415
-0.038044 -0.297197 1.566629 0.029565 -0.100197 -0.000554 0.431982 -0.013979 0.352794 -0.001504 1.034012 -0.005389 0.061745 0.064233 0.065666 0.064257
-0.031042 -0.297232 1.571306 0.029481 -0.083975 -0.000595 0.439792 -0.009617 0.353747 -0.001619 1.125239 -0.005656 0.062072 0.064089 0.065165 0.064115
-0.024023 -0.297198 1.576106 0.029395 -0.066551 -0.000637 0.444692 -0.005264 0.354648 -0.001684 1.194273 -0.005897 0.062438 0.063967 0.064668 0.063993
-0.017040 -0.297095 1.581038 0.029304 -0.048261 -0.000680 0.446646 -0.000922 0.355443 -0.001699 1.240456 -0.006112 0.062835 0.063869 0.064181 0.063895
-0.010141 -0.296924 1.586107 0.029211 -0.029452 -0.000722 0.445673 0.003410 0.356080 -0.001666 1.263545 -0.006300 0.063258 0.063795 0.063718 0.063820
-0.003376 -0.296683 1.591313 0.029115 -0.010469 -0.000762 0.441846 0.007731 0.356515 -0.001590 1.263703 -0.006458 0.063701 0.063745 0.063288 0.063769
0.003211 -0.296375 1.596649 0.029018 0.008347 -0.000800 0.435290 0.012040 0.356713 -0.001472 1.241471 -0.006584 0.064155 0.063721 0.062897 0.063744
0.009580 -0.295998 1.602103 0.028918 0.026668 -0.000834 0.426175 0.016338 0.356651 -0.001316 1.197750 -0.006680 0.064609 0.063725 0.062548 0.063746
0.015695 -0.295555 1.607661 0.028817 0.044179 -0.000864 0.414715 0.020624 0.356316 -0.001127 1.133771 -0.006745 0.065058 0.063753 0.062250 0.063771
0.021528 -0.295046 1.613302 0.028716 0.060588 -0.000888 0.401160 0.024898 0.355712 -0.000911 1.051067 -0.006781 0.065492 0.063805 0.062004 0.063821
0.027054 -0.294471 1.619007 0.028614 0.075627 -0.000907 0.385793 0.029159 0.354852 -0.000672 0.951435 -0.006791 0.065904 0.063882 0.061810 0.063895
0.032259 -0.293832 1.624754 0.028511 0.089057 -0.000919 0.368920 0.033406 0.353762 -0.000417 0.836901 -0.006779 0.066288 0.063978 0.061675 0.063987
0.037131 -0.293130 1.630522 0.028409 0.100671 -0.000924 0.350868 0.037640 0.352479 -0.000152 0.709689 -0.006746 0.066642 0.064088 0.061598 0.064094
0.041668 -0.292365 1.636290 0.028308 0.110296 -0.000923 0.331975 0.041860 0.351043 0.000120 0.572144 -0.006694 0.066957 0.064213 0.061577 0.064215
0.045871 -0.291539 1.642039 0.028207 0.117796 -0.000914 0.312588 0.046065 0.349503 0.000393 0.426703 -0.006628 0.067229 0.064350 0.061608 0.064349
0.049751 -0.290651 1.647755 0.028108 0.123071 -0.000899 0.293054 0.050255 0.347908 0.000664 0.275902 -0.006553 0.067451 0.064498 0.061688 0.064494
0.053319 -0.289702 1.653426 0.028009 0.126059 -0.000877 0.273718 0.054430 0.346306 0.000927 0.122324 -0.006476 0.067625 0.064651 0.061818 0.064644
0.056596 -0.288694 1.659042 0.027912 0.126739 -0.000850 0.254916 0.058590 0.344742 0.001177 -0.031478 -0.006402 0.067747 0.064807 0.061990 0.064798
0.059605 -0.287626 1.664597 0.027816 0.125126 -0.000817 0.236972 0.062733 0.343256 0.001412 -0.182996 -0.006334 0.067819 0.064963 0.062205 0.064951
0.062373 -0.286498 1.670088 0.027720 0.121273 -0.000779 0.220193 0.066861 0.341877 0.001628 -0.329776 -0.006276 0.067837 0.065117 0.062455 0.065102
0.064931 -0.285311 1.675517 0.027626 0.115268 -0.000738 0.204862 0.070973 0.340629 0.001822 -0.469490 -0.006234 0.067804 0.065268 0.062736 0.065252
0.067313 -0.284065 1.680884 0.027532 0.107235 -0.000693 0.191241 0.075070 0.339525 0.001991 -0.599942 -0.006212 0.067721 0.065412 0.063045 0.065394
0.069556 -0.282760 1.686193 0.027438 0.097327 -0.000646 0.179560 0.079150 0.338567 0.002132 -0.719038 -0.006213 0.067588 0.065549 0.063378 0.065529
0.071699 -0.281397 1.691449 0.027345 0.085730 -0.000597 0.170017 0.083215 0.337749 0.002242 -0.824870 -0.006241 0.067407 0.065677 0.063727 0.065656
0.073783 -0.279974 1.696654 0.027250 0.072656 -0.000548 0.162774 0.087263 0.337057 0.002319 -0.915711 -0.006298 0.067182 0.065792 0.064093 0.065771
0.075848 -0.278493 1.701814 0.027155 0.058341 -0.000499 0.157950 0.091297 0.336467 0.002361 -0.990024 -0.006385 0.066917 0.065896 0.064467 0.065874
0.077937 -0.276953 1.706930 0.027058 0.043044 -0.000451 0.155624 0.095314 0.335955 0.002364 -1.046525 -0.006505 0.066612 0.065987 0.064845 0.065965
0.080091 -0.275354 1.712003 0.026960 0.027039 -0.000406 0.155831 0.099316 0.335490 0.002325 -1.084133 -0.006660 0.066272 0.066064 0.065223 0.066042
0.082350 -0.273698 1.717032 0.026858 0.010618 -0.000363 0.158556 0.103302 0.335045 0.002243 -1.102053 -0.006849 0.065905 0.066124 0.065596 0.066103
0.084752 -0.271983 1.722016 0.026754 -0.005922 -0.000325 0.163739 0.107273 0.334592 0.002118 -1.099825 -0.007071 0.065515 0.066167 0.065958 0.066147
0.087332 -0.270212 1.726950 0.026646 -0.022276 -0.000291 0.171274 0.111228 0.334110 0.001946 -1.077282 -0.007325 0.065107 0.066193 0.066304 0.066174
0.090121 -0.268383 1.731828 0.026534 -0.038140 -0.000262 0.181007 0.115166 0.333583 0.001724 -1.034603 -0.007610 0.064688 0.066202 0.066626 0.066185
0.093147 -0.266497 1.736646 0.026417 -0.053216 -0.000240 0.192745 0.119089 0.333003 0.001457 -0.972376 -0.007923 0.064268 0.066191 0.066920 0.066176
0.096432 -0.264554 1.741397 0.026296 -0.067219 -0.000224 0.206254 0.122994 0.332370 0.001148 -0.891584 -0.008260 0.063854 0.066160 0.067179 0.066147
0.099994 -0.262556 1.746077 0.026169 -0.079878 -0.000216 0.221266 0.126882 0.331695 0.000795 -0.793595 -0.008618 0.063453 0.066110 0.067395 0.066101
0.103845 -0.260502 1.750683 0.026036 -0.090950 -0.000216 0.237484 0.130752 0.330993 0.000404 -0.680168 -0.008994 0.063074 0.066044 0.067563 0.066038
0.107992 -0.258393 1.755214 0.025898 -0.100217 -0.000224 0.254588 0.134603 0.330288 -0.000017 -0.553428 -0.009388 0.062723 0.065961 0.067677 0.065960
0.112435 -0.256228 1.759671 0.025753 -0.107498 -0.000241 0.272242 0.138435 0.329608 -0.000457 -0.415774 -0.009795 0.062410 0.065862 0.067737 0.065865
0.117169 -0.254009 1.764061 0.025602 -0.112649 -0.000267 0.290098 0.142246 0.328984 -0.000907 -0.269774 -0.010212 0.062138 0.065748 0.067742 0.065755
0.122186 -0.251734 1.768391 0.025445 -0.115563 -0.000301 0.307805 0.146037 0.328445 -0.001358 -0.118109 -0.010636 0.061912 0.065623 0.067691 0.065635
0.127471 -0.249404 1.772674 0.025281 -0.116178 -0.000343 0.325013 0.149806 0.328021 -0.001797 0.036464 -0.011065 0.061733 0.065489 0.067585 0.065506
0.133003 -0.247019 1.776925 0.025111 -0.114469 -0.000394 0.341378 0.153552 0.327732 -0.002211 0.191174 -0.011498 0.061605 0.065350 0.067425 0.065372
0.138757 -0.244579 1.781160 0.024934 -0.110455 -0.000451 0.356568 0.157275 0.327595 -0.002587 0.343333 -0.011934 0.061527 0.065208 0.067216 0.065235
0.144705 -0.242084 1.785400 0.024750 -0.104194 -0.000515 0.370269 0.160974 0.327618 -0.002915 0.490393 -0.012370 0.061504 0.065063 0.066966 0.065095
0.150813 -0.239532 1.789665 0.024561 -0.095781 -0.000585 0.382188 0.164648 0.327798 -0.003181 0.629954 -0.012805 0.061531 0.064924 0.066677 0.064960
0.157043 -0.236926 1.793975 0.024365 -0.085344 -0.000658 0.392058 0.168298 0.328127 -0.003380 0.759797 -0.013239 0.061609 0.064788 0.066356 0.064828
0.163354 -0.234263 1.798351 0.024162 -0.073046 -0.000735 0.399643 0.171921 0.328583 -0.003503 0.877906 -0.013667 0.061738 0.064660 0.066011 0.064703
0.169701 -0.231544 1.802810 0.023954 -0.059075 -0.000812 0.404742 0.175519 0.329141 -0.003544 0.982425 -0.014090 0.061913 0.064545 0.065640 0.064592
0.176037 -0.228770 1.807367 0.023739 -0.043649 -0.000889 0.407191 0.179090 0.329767 -0.003504 1.071670 -0.014507 0.062136 0.064444 0.065255 0.064494
0.182315 -0.225940 1.812033 0.023518 -0.027009 -0.000964 0.406869 0.182633 0.330422 -0.003383 1.144142 -0.014918 0.062405 0.064358 0.064859 0.064410
0.188485 -0.223056 1.816816 0.023291 -0.009415 -0.001036 0.403700 0.186149 0.331066 -0.003184 1.198487 -0.015319 0.062719 0.064290 0.064456 0.064343
0.194497 -0.220116 1.821718 0.023058 0.008850 -0.001101 0.397655 0.189635 0.331660 -0.002915 1.233538 -0.015710 0.063073 0.064240 0.064051 0.064295
0.200304 -0.217123 1.826735 0.022820 0.027490 -0.001159 0.388757 0.193093 0.332163 -0.002583 1.248348 -0.016089 0.063463 0.064211 0.063650 0.064266
0.205860 -0.214077 1.831861 0.022576 0.046196 -0.001208 0.377079 0.196519 0.332543 -0.002198 1.242195 -0.016456 0.063884 0.064203 0.063257 0.064258
0.211123 -0.210979 1.837082 0.022326 0.064649 -0.001247 0.362743 0.199914 0.332773 -0.001771 1.214650 -0.016810 0.064329 0.064216 0.062879 0.064269
0.216056 -0.207830 1.842383 0.022070 0.082528 -0.001274 0.345924 0.203275 0.332834 -0.001314 1.165629 -0.017150 0.064791 0.064248 0.062521 0.064298
0.220625 -0.204631 1.847743 0.021809 0.099512 -0.001288 0.326843 0.206602 0.332719 -0.000836 1.095398 -0.017476 0.065259 0.064299 0.062189 0.064346
0.224805 -0.201383 1.853143 0.021543 0.115288 -0.001288 0.305765 0.209891 0.332431 -0.000348 1.004623 -0.017786 0.065724 0.064366 0.061890 0.064409
0.228576 -0.198088 1.858559 0.021272 0.129554 -0.001275 0.282994 0.213142 0.331984 0.000140 0.894383 -0.018082 0.066175 0.064449 0.061628 0.064486
0.231926 -0.194747 1.863969 0.020996 0.142029 -0.001248 0.258868 0.216352 0.331406 0.000622 0.766134 -0.018364 0.066604 0.064544 0.061409 0.064574
0.234848 -0.191360 1.869354 0.020716 0.152457 -0.001207 0.233757 0.219518 0.330731 0.001090 0.621702 -0.018633 0.067000 0.064649 0.061236 0.064671
0.237344 -0.187929 1.874695 0.020431 0.160611 -0.001152 0.208048 0.222640 0.330003 0.001539 0.463256 -0.018891 0.067356 0.064762 0.061113 0.064775
0.239422 -0.184456 1.879980 0.020142 0.166297 -0.001085 0.182150 0.225715 0.329270 0.001965 0.293232 -0.019140 0.067664 0.064879 0.061040 0.064883
0.241097 -0.180939 1.885199 0.019849 0.169363 -0.001007 0.156480 0.228742 0.328582 0.002367 0.114264 -0.019386 0.067915 0.065004 0.061015 0.064997
0.242389 -0.177382 1.890348 0.019552 0.169695 -0.000918 0.131459 0.231718 0.327989 0.002744 -0.070851 -0.019634 0.068110 0.065128 0.061042 0.065110
0.243326 -0.173783 1.895426 0.019251 0.167222 -0.000822 0.107510 0.234643 0.327533 0.003095 -0.259137 -0.019887 0.068239 0.065254 0.061118 0.065224
0.243940 -0.170144 1.900437 0.018947 0.161920 -0.000719 0.085048 0.237516 0.327252 0.003424 -0.447544 -0.020151 0.068306 0.065376 0.061246 0.065334
0.244270 -0.166466 1.905392 0.018639 0.153811 -0.000612 0.064476 0.240336 0.327170 0.003733 -0.632965 -0.020430 0.068304 0.065496 0.061423 0.065442
0.244359 -0.162748 1.910300 0.018326 0.142962 -0.000501 0.046176 0.243103 0.327299 0.004024 -0.812201 -0.020730 0.068231 0.065613 0.061648 0.065546
0.244255 -0.158992 1.915177 0.018010 0.129492 -0.000390 0.030507 0.245817 0.327635 0.004298 -0.981927 -0.021056 0.068085 0.065723 0.061926 0.065645
0.244013 -0.155197 1.920035 0.017689 0.113569 -0.000279 0.017792 0.248478 0.328157 0.004552 -1.138652 -0.021414 0.067859 0.065829 0.062255 0.065739
0.243688 -0.151365 1.924889 0.017363 0.095416 -0.000171 0.008309 0.251086 0.328831 0.004784 -1.278748 -0.021806 0.067555 0.065924 0.062643 0.065823
0.243340 -0.147495 1.929750 0.017032 0.075309 -0.000067 0.002284 0.253643 0.329604 0.004988 -1.398444 -0.022235 0.067166 0.066009 0.063089 0.065899
0.243032 -0.143589 1.934625 0.016694 0.053583 0.000031 -0.000122 0.256149 0.330413 0.005153 -1.493924 -0.022699 0.066698 0.066078 0.063596 0.065960
0.242827 -0.139646 1.939518 0.016350 0.030630 0.000122 0.001179 0.258605 0.331187 0.005267 -1.561527 -0.023195 0.066151 0.066130 0.064155 0.066007
0.242784 -0.135669 1.944428 0.015998 0.006893 0.000204 0.006191 0.261011 0.331852 0.005310 -1.597998 -0.023722 0.065532 0.066168 0.064753 0.066042
0.242964 -0.131658 1.949345 0.015638 -0.017142 0.000276 0.014831 0.263369 0.332340 0.005275 -1.600756 -0.024274 0.064860 0.066184 0.065380 0.066058
0.243419 -0.127614 1.954259 0.015269 -0.040953 0.000337 0.026927 0.265677 0.332595 0.005157 -1.568106 -0.024845 0.064148 0.066179 0.066016 0.066056
0.244197 -0.123538 1.959153 0.014892 -0.064006 0.000384 0.042221 0.267936 0.332580 0.004952 -1.499462 -0.025426 0.063425 0.066149 0.066643 0.066032
0.245336 -0.119431 1.964008 0.014505 -0.085761 0.000419 0.060372 0.270147 0.332282 0.004654 -1.395483 -0.026009 0.062707 0.066100 0.067230 0.065992
0.246867 -0.115293 1.968804 0.014109 -0.105704 0.000439 0.080969 0.272307 0.331717 0.004269 -1.258088 -0.026588 0.062023 0.066027 0.067760 0.065931
0.248810 -0.111128 1.973525 0.013703 -0.123353 0.000446 0.103545 0.274418 0.330922 0.003810 -1.090323 -0.027156 0.061390 0.065935 0.068213 0.065854
0.251177 -0.106934 1.978156 0.013288 -0.138282 0.000438 0.127586 0.276476 0.329962 0.003288 -0.896179 -0.027708 0.060832 0.065822 0.068579 0.065759
0.253968 -0.102713 1.982689 0.012864 -0.150131 0.000417 0.152549 0.278483 0.328916 0.002717 -0.680370 -0.028241 0.060354 0.065695 0.068841 0.065652
0.257177 -0.098465 1.987120 0.012431 -0.158611 0.000383 0.177872 0.280435 0.327875 0.002110 -0.448077 -0.028753 0.059972 0.065552 0.068999 0.065532
0.260788 -0.094192 1.991456 0.011990 -0.163518 0.000338 0.202988 0.282331 0.326932 0.001494 -0.204745 -0.029243 0.059689 0.065401 0.069050 0.065403
0.264776 -0.089894 1.995709 0.011542 -0.164726 0.000282 0.227334 0.284171 0.326176 0.000884 0.044165 -0.029712 0.059508 0.065241 0.068999 0.065267
0.269111 -0.085571 1.999899 0.011087 -0.162192 0.000217 0.250361 0.285951 0.325684 0.000300 0.293363 -0.030159 0.059429 0.065076 0.068853 0.065126
0.273754 -0.081224 2.004052 0.010626 -0.155949 0.000145 0.271541 0.287671 0.325515 -0.000241 0.537878 -0.030586 0.059444 0.064911 0.068619 0.064986
0.278660 -0.076854 2.008199 0.010158 -0.146102 0.000068 0.290375 0.289330 0.325705 -0.000724 0.773158 -0.030992 0.059550 0.064749 0.068308 0.064846
0.283777 -0.072460 2.012373 0.009686 -0.132821 -0.000011 0.306397 0.290925 0.326266 -0.001133 0.995088 -0.031378 0.059743 0.064591 0.067933 0.064710
0.289047 -0.068045 2.016610 0.009209 -0.116334 -0.000091 0.319187 0.292456 0.327183 -0.001458 1.200013 -0.031743 0.060013 0.064442 0.067500 0.064582
0.294404 -0.063607 2.020940 0.008727 -0.096922 -0.000168 0.328372 0.293921 0.328417 -0.001692 1.384715 -0.032088 0.060355 0.064304 0.067021 0.064462
0.299779 -0.059149 2.025394 0.008242 -0.074908 -0.000241 0.333635 0.295318 0.329907 -0.001828 1.546351 -0.032411 0.060763 0.064181 0.066502 0.064355
0.305098 -0.054671 2.029994 0.007752 -0.050659 -0.000307 0.334725 0.296646 0.331572 -0.001866 1.682390 -0.032714 0.061233 0.064074 0.065952 0.064262
0.310283 -0.050174 2.034755 0.007259 -0.024575 -0.000362 0.331459 0.297903 0.333320 -0.001807 1.790511 -0.032993 0.061764 0.063984 0.065374 0.064182
0.315255 -0.045660 2.039681 0.006762 0.002907 -0.000404 0.323735 0.299088 0.335053 -0.001657 1.868573 -0.033246 0.062354 0.063910 0.064774 0.064116
0.319936 -0.041130 2.044770 0.006262 0.031322 -0.000430 0.311532 0.300198 0.336671 -0.001426 1.914671 -0.033470 0.062994 0.063857 0.064156 0.064066
0.324252 -0.036585 2.050006 0.005758 0.060179 -0.000439 0.294920 0.301232 0.338079 -0.001125 1.927118 -0.033665 0.063677 0.063824 0.063521 0.064034
0.328132 -0.032028 2.055364 0.005250 0.088961 -0.000428 0.274058 0.302186 0.339197 -0.000769 1.904581 -0.033830 0.064394 0.063810 0.062879 0.064017
0.331514 -0.027460 2.060812 0.004739 0.117138 -0.000395 0.249194 0.303057 0.339964 -0.000376 1.846259 -0.033960 0.065133 0.063810 0.062241 0.064010
0.334345 -0.022882 2.066309 0.004224 0.144170 -0.000341 0.220663 0.303842 0.340343 0.000041 1.751983 -0.034054 0.065876 0.063825 0.061615 0.064014
0.336583 -0.018296 2.071813 0.003706 0.169521 -0.000264 0.188879 0.304539 0.340327 0.000466 1.622363 -0.034109 0.066603 0.063849 0.061017 0.064023
0.338197 -0.013704 2.077280 0.003186 0.192672 -0.000165 0.154325 0.305143 0.339939 0.000888 1.458883 -0.034124 0.067293 0.063881 0.060456 0.064037
0.339168 -0.009107 2.082666 0.002664 0.213131 -0.000045 0.117544 0.305651 0.339232 0.001296 1.263928 -0.034099 0.067927 0.063916 0.059949 0.064050
0.339490 -0.004507 2.087937 0.002140 0.230449 0.000093 0.079123 0.306062 0.338289 0.001683 1.040740 -0.034035 0.068487 0.063950 0.059508 0.064058
0.339165 0.000096 2.093061 0.001615 0.244233 0.000247 0.039681 0.306372 0.337216 0.002046 0.793320 -0.033934 0.068954 0.063982 0.059141 0.064062
0.338207 0.004700 2.098022 0.001091 0.254151 0.000412 -0.000139 0.306580 0.336131 0.002381 0.526283 -0.033803 0.069317 0.064012 0.058852 0.064061
0.336638 0.009304 2.102811 0.000568 0.259949 0.000586 -0.039687 0.306686 0.335164 0.002689 0.244695 -0.033650 0.069567 0.064036 0.058649 0.064054
0.334488 0.013907 2.107433 0.000047 0.261447 0.000764 -0.078311 0.306690 0.334439 0.002975 -0.046100 -0.033481 0.069702 0.064053 0.058536 0.064038
0.331796 0.018507 2.111905 -0.000472 0.258548 0.000942 -0.115364 0.306593 0.334070 0.003242 -0.340593 -0.033306 0.069718 0.064064 0.058512 0.064016
0.328605 0.023103 2.116254 -0.000987 0.251239 0.001115 -0.150216 0.306399 0.334147 0.003491 -0.633201 -0.033136 0.069612 0.064071 0.058576 0.063991
0.324967 0.027695 2.120519 -0.001498 0.239590 0.001279 -0.182262 0.306108 0.334731 0.003726 -0.918296 -0.032981 0.069388 0.064073 0.058734 0.063961
0.320942 0.032280 2.124744 -0.002005 0.223757 0.001432 -0.210927 0.305727 0.335846 0.003952 -1.190164 -0.032849 0.069044 0.064068 0.058993 0.063926
0.316598 0.036858 2.128977 -0.002509 0.203981 0.001570 -0.235685 0.305258 0.337473 0.004166 -1.442991 -0.032747 0.068581 0.064060 0.059353 0.063890
0.312008 0.041427 2.133268 -0.003009 0.180592 0.001692 -0.256068 0.304707 0.339550 0.004354 -1.670886 -0.032681 0.067998 0.064049 0.059821 0.063856
0.307255 0.045986 2.137663 -0.003506 0.154008 0.001795 -0.271688 0.304079 0.341974 0.004512 -1.868008 -0.032654 0.067304 0.064036 0.060398 0.063822
0.302426 0.050532 2.142202 -0.004000 0.124733 0.001878 -0.282249 0.303377 0.344606 0.004630 -2.028790 -0.032666 0.066507 0.064023 0.061082 0.063792
0.297615 0.055066 2.146914 -0.004494 0.093350 0.001942 -0.287569 0.302606 0.347286 0.004702 -2.148265 -0.032714 0.065630 0.064009 0.061863 0.063766
0.292914 0.059584 2.151817 -0.004986 0.060511 0.001986 -0.287587 0.301769 0.349842 0.004718 -2.222435 -0.032790 0.064694 0.063998 0.062721 0.063748
0.288417 0.064086 2.156913 -0.005479 0.026917 0.002011 -0.282375 0.300871 0.352108 0.004672 -2.248550 -0.032882 0.063733 0.063988 0.063635 0.063736
0.284208 0.068570 2.162192 -0.005973 -0.006700 0.002018 -0.272136 0.299913 0.353939 0.004562 -2.225347 -0.032980 0.062776 0.063983 0.064574 0.063736
0.280366 0.073035 2.167629 -0.006469 -0.039599 0.002007 -0.257197 0.298897 0.355223 0.004388 -2.153154 -0.033070 0.061859 0.063981 0.065511 0.063744
0.276958 0.077481 2.173190 -0.006966 -0.071059 0.001981 -0.238000 0.297825 0.355890 0.004142 -2.033809 -0.033143 0.061004 0.063989 0.066410 0.063767
0.274035 0.081906 2.178832 -0.007466 -0.100395 0.001940 -0.215080 0.296697 0.355916 0.003836 -1.870551 -0.033188 0.060242 0.063999 0.067252 0.063798
0.271635 0.086310 2.184510 -0.007967 -0.126980 0.001887 -0.189047 0.295513 0.355327 0.003487 -1.667805 -0.033198 0.059591 0.064014 0.068012 0.063838
0.269781 0.090692 2.190178 -0.008470 -0.150260 0.001824 -0.160564 0.294272 0.354192 0.003093 -1.430960 -0.033170 0.059064 0.064034 0.068670 0.063886
0.268479 0.095051 2.195796 -0.008973 -0.169769 0.001752 -0.130327 0.292974 0.352616 0.002657 -1.166082 -0.033102 0.058666 0.064058 0.069213 0.063942
0.267726 0.099388 2.201331 -0.009477 -0.185136 0.001673 -0.099048 0.291618 0.350731 0.002200 -0.879640 -0.032996 0.058404 0.064084 0.069638 0.064001
0.267502 0.103701 2.206759 -0.009980 -0.196085 0.001589 -0.067438 0.290201 0.348688 0.001745 -0.578346 -0.032854 0.058282 0.064109 0.069940 0.064061
0.267782 0.107990 2.212067 -0.010481 -0.202446 0.001502 -0.036193 0.288724 0.346637 0.001294 -0.268970 -0.032678 0.058291 0.064137 0.070116 0.064124
0.268529 0.112254 2.217253 -0.010980 -0.204148 0.001415 -0.005989 0.287184 0.344726 0.000851 0.041904 -0.032475 0.058425 0.064166 0.070173 0.064186
0.269699 0.116493 2.222326 -0.011476 -0.201214 0.001329 0.022529 0.285581 0.343080 0.000440 0.347975 -0.032247 0.058682 0.064193 0.070117 0.064246
0.271241 0.120706 2.227305 -0.011967 -0.193762 0.001245 0.048756 0.283912 0.341804 0.000069 0.643306 -0.031997 0.059048 0.064221 0.069956 0.064304
0.273099 0.124891 2.232216 -0.012454 -0.181996 0.001167 0.072130 0.282178 0.340967 -0.000266 0.922421 -0.031730 0.059512 0.064250 0.069696 0.064361
0.275209 0.129047 2.237087 -0.012935 -0.166196 0.001095 0.092140 0.280376 0.340605 -0.000554 1.180335 -0.031446 0.060065 0.064280 0.069349 0.064416
0.277501 0.133174 2.241953 -0.013410 -0.146714 0.001032 0.108335 0.278507 0.340717 -0.000793 1.412603 -0.031149 0.060694 0.064312 0.068925 0.064470
0.279901 0.137269 2.246844 -0.013880 -0.123966 0.000977 0.120334 0.276568 0.341268 -0.000986 1.615293 -0.030840 0.061388 0.064347 0.068429 0.064523
0.282330 0.141331 2.251787 -0.014343 -0.098420 0.000934 0.127832 0.274560 0.342192 -0.001131 1.785016 -0.030519 0.062135 0.064384 0.067875 0.064574
0.284706 0.145359 2.256805 -0.014800 -0.070594 0.000904 0.130610 0.272481 0.343401 -0.001231 1.918937 -0.030186 0.062923 0.064423 0.067269 0.064623
0.286944 0.149353 2.261909 -0.015251 -0.041042 0.000886 0.128544 0.270330 0.344789 -0.001293 2.014757 -0.029842 0.063740 0.064463 0.066621 0.064669
0.288963 0.153309 2.267103 -0.015696 -0.010350 0.000882 0.121611 0.268106 0.346244 -0.001319 2.070726 -0.029485 0.064576 0.064502 0.065939 0.064710
0.290681 0.157229 2.272379 -0.016135 0.020876 0.000892 0.109891 0.265809 0.347655 -0.001316 2.085724 -0.029113 0.065415 0.064539 0.065234 0.064745
0.292025 0.161110 2.277719 -0.016570 0.052016 0.000916 0.093568 0.263436 0.348927 -0.001292 2.059343 -0.028724 0.066240 0.064571 0.064517 0.064771
0.292927 0.164952 2.283099 -0.016998 0.082452 0.000954 0.072929 0.260987 0.349983 -0.001254 1.991936 -0.028317 0.067036 0.064595 0.063800 0.064785
0.293331 0.168755 2.288484 -0.017422 0.111576 0.001005 0.048352 0.258461 0.350771 -0.001206 1.884713 -0.027889 0.067785 0.064609 0.063098 0.064786
0.293191 0.172518 2.293840 -0.017840 0.138805 0.001068 0.020299 0.255856 0.351275 -0.001154 1.739795 -0.027438 0.068470 0.064608 0.062426 0.064768
0.292475 0.176241 2.299130 -0.018253 0.163597 0.001141 -0.010699 0.253173 0.351508 -0.001105 1.560229 -0.026962 0.069070 0.064590 0.061797 0.064732
0.291161 0.179924 2.304320 -0.018660 0.185460 0.001221 -0.044058 0.250412 0.351514 -0.001065 1.349946 -0.026463 0.069568 0.064557 0.061225 0.064677
0.289239 0.183565 2.309383 -0.019061 0.203966 0.001306 -0.079155 0.247572 0.351365 -0.001041 1.113635 -0.025946 0.069951 0.064506 0.060719 0.064604
0.286712 0.187165 2.314298 -0.019455 0.218766 0.001394 -0.115345 0.244654 0.351151 -0.001032 0.856631 -0.025414 0.070210 0.064436 0.060294 0.064511
0.283590 0.190722 2.319057 -0.019841 0.229592 0.001480 -0.151976 0.241661 0.350973 -0.001039 0.584743 -0.024872 0.070337 0.064349 0.059956 0.064399
0.279894 0.194237 2.323660 -0.020221 0.236265 0.001562 -0.188400 0.238595 0.350932 -0.001064 0.304038 -0.024327 0.070334 0.064243 0.059713 0.064270
0.275652 0.197707 2.328121 -0.020592 0.238700 0.001637 -0.223985 0.235458 0.351123 -0.001113 0.020677 -0.023785 0.070197 0.064125 0.059564 0.064129
0.270899 0.201131 2.332463 -0.020955 0.236903 0.001702 -0.258125 0.232253 0.351619 -0.001188 -0.259260 -0.023255 0.069935 0.063995 0.059513 0.063978
0.265676 0.204509 2.336717 -0.021310 0.230969 0.001756 -0.290249 0.228984 0.352472 -0.001281 -0.529926 -0.022742 0.069557 0.063856 0.059561 0.063819
0.260031 0.207837 2.340924 -0.021656 0.221079 0.001796 -0.319832 0.225656 0.353702 -0.001393 -0.785828 -0.022250 0.069073 0.063711 0.059706 0.063656
0.254018 0.211115 2.345129 -0.021994 0.207493 0.001821 -0.346399 0.222271 0.355296 -0.001530 -1.021921 -0.021783 0.068496 0.063567 0.059943 0.063496
0.247699 0.214339 2.349377 -0.022324 0.190543 0.001831 -0.369539 0.218834 0.357211 -0.001696 -1.233695 -0.021344 0.067839 0.063428 0.060266 0.063344
0.241138 0.217510 2.353713 -0.022646 0.170624 0.001826 -0.388910 0.215348 0.359373 -0.001883 -1.417247 -0.020934 0.067122 0.063297 0.060672 0.063202
0.234406 0.220623 2.358180 -0.022961 0.148183 0.001806 -0.404250 0.211817 0.361684 -0.002088 -1.569354 -0.020550 0.066362 0.063179 0.061152 0.063075
0.227578 0.223678 2.362810 -0.023270 0.123712 0.001771 -0.415380 0.208244 0.364033 -0.002314 -1.687525 -0.020192 0.065577 0.063079 0.061695 0.062969
0.220729 0.226674 2.367631 -0.023572 0.097735 0.001722 -0.422214 0.204632 0.366297 -0.002556 -1.770061 -0.019852 0.064790 0.062997 0.062293 0.062884
0.213935 0.229608 2.372658 -0.023868 0.070792 0.001661 -0.424756 0.200982 0.368357 -0.002806 -1.816085 -0.019526 0.064019 0.062939 0.062930 0.062825
0.207270 0.232481 2.377895 -0.024159 0.043434 0.001590 -0.423102 0.197297 0.370103 -0.003070 -1.825546 -0.019206 0.063283 0.062906 0.063591 0.062794
0.200803 0.235291 2.383336 -0.024445 0.016204 0.001508 -0.417435 0.193577 0.371442 -0.003337 -1.799209 -0.018887 0.062602 0.062899 0.064263 0.062790
0.194597 0.238038 2.388966 -0.024726 -0.010371 0.001418 -0.408017 0.189825 0.372305 -0.003600 -1.738568 -0.018561 0.061988 0.062917 0.064932 0.062815
0.188704 0.240722 2.394760 -0.025002 -0.035793 0.001321 -0.395183 0.186041 0.372651 -0.003862 -1.645779 -0.018223 0.061453 0.062963 0.065581 0.062868
0.183169 0.243343 2.400688 -0.025273 -0.059598 0.001218 -0.379325 0.182225 0.372468 -0.004113 -1.523619 -0.017869 0.061009 0.063031 0.066200 0.062945
0.178026 0.245902 2.406715 -0.025539 -0.081371 0.001110 -0.360882 0.178379 0.371772 -0.004343 -1.375330 -0.017494 0.060660 0.063122 0.066777 0.063046
0.173297 0.248399 2.412805 -0.025799 -0.100746 0.000999 -0.340329 0.174501 0.370606 -0.004558 -1.204527 -0.017098 0.060408 0.063233 0.067301 0.063169
0.168993 0.250834 2.418923 -0.026054 -0.117414 0.000886 -0.318161 0.170594 0.369035 -0.004746 -1.015104 -0.016678 0.060255 0.063359 0.067768 0.063307
0.165118 0.253208 2.425036 -0.026303 -0.131127 0.000771 -0.294887 0.166656 0.367141 -0.004903 -0.811141 -0.016235 0.060200 0.063499 0.068168 0.063459
0.161663 0.255521 2.431117 -0.026545 -0.141697 0.000656 -0.271018 0.162688 0.365017 -0.005033 -0.596836 -0.015770 0.060238 0.063650 0.068498 0.063622
0.158612 0.257774 2.437144 -0.026781 -0.149002 0.000541 -0.247056 0.158691 0.362760 -0.005131 -0.376392 -0.015286 0.060365 0.063808 0.068756 0.063791
0.155942 0.259967 2.443098 -0.027009 -0.152980 0.000427 -0.223492 0.154665 0.360466 -0.005192 -0.153984 -0.014782 0.060576 0.063969 0.068940 0.063963
0.153625 0.262099 2.448971 -0.027229 -0.153632 0.000315 -0.200794 0.150610 0.358224 -0.005226 0.066329 -0.014263 0.060860 0.064132 0.069049 0.064136
0.151623 0.264171 2.454758 -0.027442 -0.151020 0.000205 -0.179406 0.146528 0.356113 -0.005231 0.280638 -0.013731 0.061214 0.064294 0.069085 0.064306
0.149898 0.266182 2.460460 -0.027646 -0.145262 0.000097 -0.159738 0.142418 0.354194 -0.005207 0.485213 -0.013190 0.061628 0.064452 0.069048 0.064472
0.148404 0.268132 2.466082 -0.027842 -0.136530 -0.000008 -0.142166 0.138281 0.352513 -0.005165 0.676578 -0.012641 0.062092 0.064606 0.068942 0.064633
0.147095 0.270021 2.471632 -0.028029 -0.125046 -0.000110 -0.127022 0.134119 0.351097 -0.005105 0.851533 -0.012089 0.062601 0.064752 0.068770 0.064785
0.145919 0.271847 2.477120 -0.028207 -0.111080 -0.000209 -0.114593 0.129933 0.349952 -0.005031 1.007175 -0.011536 0.063145 0.064890 0.068536 0.064926
0.144824 0.273611 2.482556 -0.028377 -0.094940 -0.000306 -0.105112 0.125723 0.349069 -0.004946 1.140966 -0.010983 0.063715 0.065016 0.068247 0.065055
0.143753 0.275312 2.487949 -0.028538 -0.076971 -0.000400 -0.098757 0.121491 0.348423 -0.004865 1.250743 -0.010433 0.064300 0.065132 0.067903 0.065173
0.142654 0.276949 2.493307 -0.028691 -0.057546 -0.000491 -0.095642 0.117238 0.347977 -0.004788 1.334738 -0.009887 0.064894 0.065233 0.067516 0.065274
0.141469 0.278523 2.498634 -0.028835 -0.037064 -0.000580 -0.095822 0.112965 0.347689 -0.004717 1.391636 -0.009348 0.065485 0.065320 0.067088 0.065362
0.140148 0.280032 2.503930 -0.028972 -0.015936 -0.000667 -0.099282 0.108674 0.347509 -0.004662 1.420614 -0.008816 0.066063 0.065391 0.066630 0.065431
0.138639 0.281476 2.509194 -0.029100 0.005414 -0.000753 -0.105943 0.104365 0.347392 -0.004624 1.421380 -0.008292 0.066617 0.065445 0.066149 0.065484
0.136896 0.282856 2.514419 -0.029220 0.026566 -0.000837 -0.115661 0.100041 0.347298 -0.004604 1.394173 -0.007777 0.067141 0.065480 0.065655 0.065516
0.134878 0.284172 2.519597 -0.029333 0.047104 -0.000920 -0.128233 0.095702 0.347194 -0.004604 1.339755 -0.007270 0.067623 0.065494 0.065156 0.065527
0.132550 0.285423 2.524718 -0.029439 0.066629 -0.001002 -0.143396 0.091350 0.347061 -0.004626 1.259461 -0.006770 0.068054 0.065487 0.064665 0.065517
0.129882 0.286609 2.529772 -0.029537 0.084768 -0.001083 -0.160842 0.086985 0.346888 -0.004671 1.155151 -0.006276 0.068425 0.065458 0.064188 0.065485
0.126852 0.287732 2.534748 -0.029628 0.101176 -0.001163 -0.180218 0.082609 0.346681 -0.004746 1.029208 -0.005789 0.068726 0.065410 0.063735 0.065433
0.123446 0.288790 2.539639 -0.029712 0.115551 -0.001243 -0.201140 0.078224 0.346456 -0.004847 0.884498 -0.005310 0.068952 0.065341 0.063317 0.065360
0.119655 0.289784 2.544441 -0.029788 0.127634 -0.001323 -0.223199 0.073830 0.346238 -0.004971 0.724257 -0.004839 0.069098 0.065252 0.062940 0.065269
0.115480 0.290713 2.549151 -0.029858 0.137219 -0.001403 -0.245973 0.069428 0.346057 -0.005117 0.552028 -0.004376 0.069162 0.065145 0.062613 0.065159
0.110925 0.291578 2.553775 -0.029921 0.144154 -0.001482 -0.269034 0.065018 0.345946 -0.005286 0.371564 -0.003921 0.069142 0.065022 0.062342 0.065034
0.106004 0.292378 2.558320 -0.029977 0.148344 -0.001561 -0.291954 0.060603 0.345938 -0.005481 0.186726 -0.003478 0.069038 0.064888 0.062127 0.064898
0.100733 0.293113 2.562799 -0.030026 0.149753 -0.001639 -0.314319 0.056181 0.346061 -0.005697 0.001353 -0.003048 0.068856 0.064743 0.061976 0.064751
0.095137 0.293781 2.567231 -0.030069 0.148401 -0.001718 -0.335732 0.051754 0.346333 -0.005931 -0.180852 -0.002633 0.068601 0.064592 0.061886 0.064599
0.089244 0.294383 2.571635 -0.030106 0.144361 -0.001796 -0.355819 0.047323 0.346763 -0.006180 -0.356381 -0.002231 0.068281 0.064436 0.061859 0.064443
0.083086 0.294917 2.576036 -0.030137 0.137759 -0.001874 -0.374239 0.042886 0.347346 -0.006442 -0.521956 -0.001845 0.067904 0.064281 0.061895 0.064288
0.076703 0.295383 2.580457 -0.030162 0.128767 -0.001953 -0.390686 0.038446 0.348067 -0.006713 -0.674599 -0.001474 0.067479 0.064130 0.061993 0.064137
0.070134 0.295780 2.584924 -0.030182 0.117599 -0.002031 -0.404894 0.034001 0.348898 -0.006989 -0.811710 -0.001116 0.067017 0.063986 0.062147 0.063994
0.063425 0.296107 2.589460 -0.030196 0.104504 -0.002109 -0.416646 0.029551 0.349801 -0.007267 -0.931114 -0.000770 0.066530 0.063853 0.062355 0.063861
0.056622 0.296364 2.594085 -0.030205 0.089762 -0.002187 -0.425769 0.025097 0.350731 -0.007542 -1.031054 -0.000435 0.066028 0.063734 0.062610 0.063743
0.049775 0.296550 2.598817 -0.030209 0.073676 -0.002266 -0.432146 0.020639 0.351635 -0.007815 -1.110163 -0.000108 0.065519 0.063634 0.062908 0.063643
0.042932 0.296665 2.603668 -0.030208 0.056566 -0.002346 -0.435711 0.016176 0.352462 -0.008076 -1.167482 0.000211 0.065017 0.063553 0.063243 0.063563
0.036141 0.296708 2.608646 -0.030203 0.038763 -0.002427 -0.436452 0.011709 0.353161 -0.008310 -1.202507 0.000526 0.064533 0.063491 0.063610 0.063502
0.029452 0.296680 2.613752 -0.030193 0.020602 -0.002509 -0.434410 0.007239 0.353685 -0.008515 -1.215149 0.000843 0.064074 0.063452 0.064001 0.063463
0.022907 0.296580 2.618984 -0.030178 0.002418 -0.002591 -0.429678 0.002764 0.353997 -0.008699 -1.205720 0.001161 0.063649 0.063437 0.064406 0.063448
0.016549 0.296410 2.624334 -0.030158 -0.015463 -0.002676 -0.422394 -0.001714 0.354069 -0.008842 -1.174906 0.001487 0.063269 0.063442 0.064824 0.063452
0.010413 0.296169 2.629789 -0.030133 -0.032728 -0.002762 -0.412743 -0.006194 0.353885 -0.008944 -1.123743 0.001822 0.062934 0.063470 0.065240 0.063481
0.004530 0.295858 2.635333 -0.030103 -0.049081 -0.002849 -0.400946 -0.010676 0.353440 -0.009013 -1.053580 0.002168 0.062652 0.063520 0.065649 0.063530
-0.001073 0.295478 2.640947 -0.030068 -0.064249 -0.002939 -0.387261 -0.015159 0.352744 -0.009031 -0.966048 0.002528 0.062427 0.063589 0.066046 0.063597
-0.006377 0.295030 2.646612 -0.030027 -0.077985 -0.003030 -0.371969 -0.019642 0.351815 -0.009002 -0.863017 0.002903 0.062258 0.063675 0.066423 0.063681
-0.011370 0.294514 2.652308 -0.029980 -0.090073 -0.003124 -0.355376 -0.024123 0.350685 -0.008927 -0.746561 0.003294 0.062150 0.063775 0.066774 0.063780
-0.016045 0.293931 2.658015 -0.029928 -0.100326 -0.003219 -0.337802 -0.028602 0.349391 -0.008809 -0.618910 0.003701 0.062097 0.063889 0.067093 0.063892
-0.020402 0.293281 2.663714 -0.029869 -0.108596 -0.003317 -0.319578 -0.033075 0.347977 -0.008648 -0.482405 0.004124 0.062102 0.064014 0.067377 0.064014
-0.024444 0.292566 2.669391 -0.029803 -0.114767 -0.003417 -0.301040 -0.037543 0.346492 -0.008442 -0.339509 0.004563 0.062164 0.064144 0.067621 0.064141
-0.028184 0.291786 2.675031 -0.029731 -0.118762 -0.003520 -0.282520 -0.042003 0.344982 -0.008198 -0.192704 0.005017 0.062275 0.064280 0.067821 0.064273
-0.031635 0.290942 2.680625 -0.029651 -0.120541 -0.003625 -0.264349 -0.046453 0.343493 -0.007926 -0.044488 0.005484 0.062436 0.064418 0.067976 0.064408
-0.034820 0.290033 2.686165 -0.029565 -0.120102 -0.003733 -0.246843 -0.050891 0.342064 -0.007633 0.102657 0.005962 0.062638 0.064557 0.068082 0.064544
-0.037761 0.289061 2.691648 -0.029471 -0.117479 -0.003844 -0.230309 -0.055315 0.340730 -0.007322 0.246336 0.006448 0.062879 0.064695 0.068139 0.064677
-0.040487 0.288025 2.697071 -0.029370 -0.112741 -0.003958 -0.215030 -0.059722 0.339519 -0.007004 0.384210 0.006938 0.063154 0.064830 0.068146 0.064809
-0.043029 0.286926 2.702436 -0.029262 -0.105993 -0.004076 -0.201268 -0.064111 0.338445 -0.006675 0.514033 0.007430 0.063461 0.064958 0.068106 0.064932
-0.045421 0.285764 2.707745 -0.029146 -0.097371 -0.004198 -0.189261 -0.068478 0.337516 -0.006350 0.633716 0.007920 0.063789 0.065081 0.068016 0.065052
-0.047699 0.284539 2.713001 -0.029023 -0.087042 -0.004323 -0.179211 -0.072823 0.336730 -0.006038 0.741328 0.008406 0.064139 0.065193 0.067881 0.065161
-0.049902 0.283251 2.718208 -0.028893 -0.075200 -0.004453 -0.171291 -0.077141 0.336075 -0.005739 0.835119 0.008884 0.064503 0.065296 0.067701 0.065261
-0.052069 0.281901 2.723369 -0.028756 -0.062065 -0.004587 -0.165634 -0.081431 0.335535 -0.005463 0.913531 0.009354 0.064878 0.065387 0.067480 0.065349
-0.054239 0.280489 2.728487 -0.028612 -0.047877 -0.004725 -0.162333 -0.085691 0.335084 -0.005220 0.975226 0.009811 0.065256 0.065467 0.067220 0.065427
-0.056453 0.279015 2.733564 -0.028461 -0.032897 -0.004868 -0.161438 -0.089918 0.334696 -0.005013 1.019105 0.010253 0.065634 0.065534 0.066924 0.065492
-0.058749 0.277479 2.738600 -0.028304 -0.017397 -0.005014 -0.162956 -0.094110 0.334340 -0.004839 1.044324 0.010678 0.066007 0.065586 0.066599 0.065542
-0.061164 0.275882 2.743592 -0.028141 -0.001662 -0.005164 -0.166849 -0.098265 0.333990 -0.004699 1.050357 0.011088 0.066369 0.065620 0.066251 0.065576
-0.063734 0.274225 2.748539 -0.027972 0.014018 -0.005317 -0.173032 -0.102382 0.333619 -0.004600 1.036992 0.011482 0.066715 0.065639 0.065882 0.065596
-0.066489 0.272507 2.753435 -0.027797 0.029352 -0.005472 -0.181379 -0.106457 0.333209 -0.004546 1.004336 0.011859 0.067038 0.065641 0.065501 0.065599
-0.069457 0.270729 2.758277 -0.027616 0.044055 -0.005628 -0.191722 -0.110491 0.332746 -0.004532 0.952874 0.012219 0.067331 0.065627 0.065112 0.065588
-0.072663 0.268893 2.763058 -0.027430 0.057849 -0.005785 -0.203854 -0.114483 0.332224 -0.004552 0.883457 0.012564 0.067591 0.065594 0.064727 0.065558
-0.076124 0.266998 2.767774 -0.027238 0.070475 -0.005940 -0.217534 -0.118430 0.331647 -0.004602 0.797248 0.012895 0.067813 0.065544 0.064350 0.065512
-0.079856 0.265045 2.772422 -0.027042 0.081691 -0.006092 -0.232493 -0.122333 0.331023 -0.004684 0.695769 0.013214 0.067990 0.065477 0.063989 0.065449
-0.083866 0.263035 2.777000 -0.026841 0.091282 -0.006239 -0.248437 -0.126193 0.330370 -0.004794 0.580888 0.013522 0.068117 0.065395 0.063649 0.065374
-0.088158 0.260967 2.781509 -0.026635 0.099062 -0.006381 -0.265052 -0.130008 0.329710 -0.004925 0.454706 0.013819 0.068195 0.065297 0.063340 0.065281
-0.092730 0.258844 2.785953 -0.026424 0.104879 -0.006515 -0.282014 -0.133781 0.329066 -0.005070 0.319555 0.014110 0.068219 0.065186 0.063066 0.065176
-0.097576 0.256664 2.790336 -0.026209 0.108617 -0.006640 -0.298990 -0.137512 0.328467 -0.005231 0.177947 0.014394 0.068189 0.065064 0.062831 0.065061
-0.102683 0.254429 2.794670 -0.025990 0.110199 -0.006754 -0.315648 -0.141202 0.327937 -0.005400 0.032447 0.014673 0.068108 0.064932 0.062639 0.064937
-0.108035 0.252139 2.798966 -0.025766 0.109585 -0.006856 -0.331658 -0.144853 0.327498 -0.005574 -0.114377 0.014949 0.067977 0.064793 0.062493 0.064805
-0.113610 0.249794 2.803240 -0.025539 0.106774 -0.006947 -0.346700 -0.148467 0.327167 -0.005754 -0.259983 0.015223 0.067798 0.064651 0.062393 0.064671
-0.119382 0.247393 2.807508 -0.025307 0.101804 -0.007024 -0.360469 -0.152047 0.326957 -0.005939 -0.401884 0.015494 0.067574 0.064510 0.062340 0.064538
-0.125322 0.244939 2.811788 -0.025071 0.094748 -0.007088 -0.372677 -0.155593 0.326869 -0.006120 -0.537723 0.015763 0.067311 0.064370 0.062336 0.064406
-0.131395 0.242430 2.816100 -0.024832 0.085713 -0.007138 -0.383062 -0.159109 0.326900 -0.006292 -0.665300 0.016030 0.067016 0.064235 0.062380 0.064278
-0.137564 0.239867 2.820461 -0.024589 0.074840 -0.007175 -0.391385 -0.162596 0.327037 -0.006450 -0.782586 0.016298 0.066693 0.064107 0.062473 0.064157
-0.143788 0.237250 2.824889 -0.024342 0.062296 -0.007200 -0.397442 -0.166057 0.327262 -0.006592 -0.887730 0.016567 0.066349 0.063989 0.062613 0.064044
-0.150024 0.234581 2.829398 -0.024091 0.048277 -0.007213 -0.401063 -0.169493 0.327549 -0.006719 -0.979028 0.016838 0.065985 0.063886 0.062797 0.063947
-0.156228 0.231858 2.834001 -0.023836 0.033002 -0.007214 -0.402114 -0.172905 0.327869 -0.006819 -1.054912 0.017111 0.065609 0.063796 0.063028 0.063861
-0.162353 0.229083 2.838706 -0.023577 0.016713 -0.007206 -0.400507 -0.176295 0.328188 -0.006885 -1.113993 0.017389 0.065224 0.063725 0.063302 0.063794
-0.168352 0.226257 2.843517 -0.023314 -0.000329 -0.007189 -0.396196 -0.179664 0.328474 -0.006909 -1.155075 0.017673 0.064838 0.063671 0.063618 0.063741
-0.174181 0.223380 2.848433 -0.023047 -0.017846 -0.007165 -0.389181 -0.183012 0.328695 -0.006888 -1.177188 0.017965 0.064455 0.063637 0.063970 0.063709
-0.179796 0.220453 2.853450 -0.022775 -0.035548 -0.007134 -0.379511 -0.186339 0.328822 -0.006822 -1.179616 0.018266 0.064081 0.063625 0.064352 0.063696
-0.185156 0.217477 2.858559 -0.022498 -0.053135 -0.007098 -0.367281 -0.189645 0.328833 -0.006700 -1.161897 0.018576 0.063720 0.063633 0.064761 0.063702
-0.190223 0.214453 2.863747 -0.022217 -0.070305 -0.007058 -0.352636 -0.192930 0.328711 -0.006518 -1.123891 0.018897 0.063379 0.063661 0.065188 0.063726
-0.194965 0.211381 2.868998 -0.021930 -0.086753 -0.007016 -0.335763 -0.196191 0.328450 -0.006272 -1.065772 0.019231 0.063064 0.063708 0.065627 0.063768
-0.199354 0.208264 2.874293 -0.021638 -0.102181 -0.006972 -0.316893 -0.199427 0.328051 -0.005962 -0.988078 0.019580 0.062781 0.063771 0.066067 0.063825
-0.203370 0.205101 2.879613 -0.021339 -0.116303 -0.006928 -0.296295 -0.202637 0.327528 -0.005591 -0.891723 0.019944 0.062534 0.063850 0.066501 0.063896
-0.206997 0.201895 2.884939 -0.021035 -0.128847 -0.006885 -0.274272 -0.205818 0.326902 -0.005160 -0.777955 0.020323 0.062327 0.063943 0.066918 0.063980
-0.210226 0.198645 2.890251 -0.020725 -0.139564 -0.006843 -0.251156 -0.208967 0.326205 -0.004676 -0.648367 0.020718 0.062163 0.064046 0.067310 0.064073
-0.213055 0.195354 2.895534 -0.020407 -0.148230 -0.006805 -0.227304 -0.212083 0.325475 -0.004145 -0.504833 0.021127 0.062045 0.064159 0.067669 0.064175
-0.215488 0.192021 2.900772 -0.020084 -0.154651 -0.006770 -0.203090 -0.215162 0.324753 -0.003577 -0.349490 0.021548 0.061972 0.064279 0.067988 0.064283
-0.217535 0.188647 2.905956 -0.019753 -0.158669 -0.006741 -0.178902 -0.218200 0.324087 -0.002982 -0.184699 0.021978 0.061946 0.064405 0.068260 0.064396
-0.219214 0.185234 2.911080 -0.019416 -0.160159 -0.006717 -0.155135 -0.221196 0.323518 -0.002373 -0.013001 0.022412 0.061967 0.064534 0.068480 0.064512
-0.220546 0.181782 2.916141 -0.019072 -0.159038 -0.006701 -0.132188 -0.224145 0.323089 -0.001762 0.162965 0.022845 0.062031 0.064665 0.068645 0.064629
-0.221560 0.178290 2.921142 -0.018722 -0.155263 -0.006694 -0.110455 -0.227044 0.322833 -0.001167 0.340469 0.023272 0.062139 0.064796 0.068749 0.064747
-0.222289 0.174761 2.926088 -0.018366 -0.148831 -0.006696 -0.090322 -0.229890 0.322774 -0.000597 0.516713 0.023687 0.062291 0.064923 0.068794 0.064861
-0.222772 0.171194 2.930988 -0.018003 -0.139783 -0.006709 -0.072163 -0.232679 0.322924 -0.000075 0.688863 0.024085 0.062482 0.065049 0.068774 0.064975
-0.223052 0.167589 2.935853 -0.017636 -0.128201 -0.006736 -0.056330 -0.235408 0.323283 0.000372 0.854007 0.024456 0.062714 0.065173 0.068686 0.065088
-0.223178 0.163948 2.940695 -0.017264 -0.114212 -0.006777 -0.043150 -0.238074 0.323837 0.000737 1.009164 0.024796 0.062988 0.065291 0.068532 0.065195
-0.223201 0.160271 2.945526 -0.016888 -0.097991 -0.006834 -0.032914 -0.240674 0.324558 0.001007 1.151217 0.025099 0.063308 0.065400 0.068306 0.065295
-0.223178 0.156558 2.950356 -0.016508 -0.079758 -0.006909 -0.025871 -0.243203 0.325404 0.001159 1.276872 0.025359 0.063672 0.065504 0.068001 0.065392
-0.223166 0.152809 2.955195 -0.016125 -0.059783 -0.007003 -0.022217 -0.245660 0.326321 0.001193 1.382714 0.025573 0.064086 0.065597 0.067621 0.065479
-0.223227 0.149026 2.960046 -0.015739 -0.038392 -0.007118 -0.022087 -0.248040 0.327245 0.001115 1.465264 0.025739 0.064551 0.065676 0.067161 0.065555
-0.223418 0.145210 2.964909 -0.015352 -0.015958 -0.007253 -0.025545 -0.250341 0.328107 0.000938 1.521120 0.025859 0.065065 0.065735 0.066630 0.065612
-0.223800 0.141361 2.969780 -0.014963 0.007095 -0.007408 -0.032574 -0.252560 0.328838 0.000675 1.547218 0.025939 0.065615 0.065776 0.066029 0.065653
-0.224427 0.137480 2.974649 -0.014574 0.030299 -0.007582 -0.043077 -0.254695 0.329373 0.000348 1.541076 0.025983 0.066193 0.065793 0.065375 0.065672
-0.225349 0.133568 2.979502 -0.014184 0.053159 -0.007771 -0.056869 -0.256742 0.329661 -0.000023 1.501059 0.025998 0.066775 0.065788 0.064680 0.065672
