0.300000 0.000000 0.040000 0.000000 0.000000 0.065500 0.065500 0.065500 0.065500 0.003935
0.300000 0.000000 0.040001 0.000000 0.000000 0.065468 0.065468 0.065468 0.065468 0.004882
0.300000 0.000000 0.040061 0.000044 0.000736 0.080019 0.054532 0.089565 0.054508 0.005008
0.299995 0.000000 0.040521 0.000316 0.004726 0.090000 0.052746 0.090000 0.067441 0.004016
0.299969 -0.000001 0.041682 0.000860 0.009568 0.083785 0.059600 0.083826 0.060667 0.006604
0.299902 -0.000007 0.043465 0.001627 0.014135 0.086321 0.065398 0.083226 0.068117 0.012384
0.299778 -0.000020 0.045956 0.002569 0.017345 0.081316 0.069173 0.078223 0.063656 0.009489
0.299593 -0.000040 0.049058 0.003615 0.018506 0.076040 0.078092 0.066400 0.075681 0.011592
0.299361 -0.000059 0.052777 0.004635 0.016551 0.070736 0.081743 0.070868 0.074365 0.009382
0.299102 -0.000068 0.057139 0.005586 0.014078 0.068468 0.081842 0.070628 0.073886 0.008346
0.298822 -0.000045 0.062146 0.006460 0.012505 0.070650 0.083514 0.074204 0.076637 0.006919
0.298513 0.000033 0.067904 0.007257 0.012260 0.070523 0.082636 0.071780 0.075454 0.003703
0.298165 0.000195 0.074403 0.007978 0.012801 0.072205 0.083061 0.073757 0.077291 0.003568
0.297769 0.000474 0.081679 0.008627 0.013948 0.071362 0.081311 0.071361 0.075479 0.003841
0.297318 0.000903 0.089661 0.009209 0.015312 0.071606 0.080399 0.072264 0.076036 0.003458
0.296811 0.001515 0.098307 0.009730 0.016915 0.070317 0.077916 0.070143 0.074148 0.003467
0.296248 0.002340 0.107505 0.010196 0.018595 0.069759 0.076049 0.070030 0.073776 0.003453
0.295633 0.003403 0.117162 0.010615 0.020379 0.068393 0.073243 0.068145 0.071986 0.003443
0.294974 0.004719 0.127152 0.010996 0.022161 0.067513 0.070928 0.067425 0.070997 0.003569
0.294280 0.006298 0.137364 0.011345 0.023924 0.066285 0.068183 0.065861 0.069305 0.003450
0.293559 0.008140 0.147678 0.011671 0.025586 0.065333 0.065856 0.064919 0.068034 0.003462
0.292821 0.010238 0.157987 0.011981 0.027112 0.064255 0.063483 0.063670 0.066505 0.003444
0.292075 0.012577 0.168190 0.012282 0.028457 0.063366 0.061495 0.062768 0.065254 0.003451
0.291327 0.015140 0.178202 0.012581 0.029601 0.062476 0.059667 0.061816 0.063995 0.003448
0.290581 0.017905 0.187946 0.012882 0.030526 0.061721 0.058187 0.061080 0.062964 0.003576
0.289838 0.020850 0.197358 0.013188 0.031233 0.061018 0.056964 0.060382 0.062055 0.003636
0.289097 0.023950 0.206389 0.013504 0.031724 0.060435 0.056076 0.059836 0.061341 0.003450
0.288355 0.027183 0.215001 0.013829 0.032013 0.059947 0.055458 0.059422 0.060770 0.003585
0.287606 0.030527 0.223166 0.014166 0.032121 0.059584 0.055108 0.059133 0.060394 0.003467
0.286844 0.033963 0.230868 0.014515 0.032075 0.059341 0.055006 0.058959 0.060144 0.003453
0.286061 0.037472 0.238101 0.014875 0.031897 0.059223 0.055135 0.058919 0.060034 0.003564
0.285249 0.041040 0.244868 0.015245 0.031614 0.059208 0.055443 0.059004 0.060044 0.003479
0.284400 0.044655 0.251180 0.015626 0.031258 0.059302 0.055912 0.059180 0.060156 0.003566
0.283505 0.048304 0.257054 0.016015 0.030857 0.059483 0.056511 0.059438 0.060358 0.003539
0.282558 0.051981 0.262513 0.016412 0.030436 0.059746 0.057221 0.059755 0.060630 0.003665
0.281551 0.055678 0.267585 0.016815 0.030013 0.060071 0.058011 0.060123 0.060967 0.003687
0.280478 0.059390 0.272301 0.017222 0.029601 0.060446 0.058861 0.060505 0.061379 0.003584
0.279333 0.063115 0.276694 0.017632 0.029203 0.060836 0.059743 0.060911 0.061831 0.003578
0.278114 0.066850 0.280801 0.018042 0.028821 0.061240 0.060638 0.061323 0.062317 0.003577
0.276815 0.070593 0.284658 0.018451 0.028458 0.061641 0.061524 0.061725 0.062836 0.006624
0.275434 0.074344 0.288302 0.018856 0.028113 0.062028 0.062386 0.062109 0.063381 0.009238
0.273968 0.078102 0.291769 0.019254 0.027783 0.062401 0.063217 0.062460 0.063937 0.003474
0.272417 0.081868 0.295094 0.019643 0.027461 0.062742 0.063996 0.062790 0.064487 0.003475
0.270779 0.085643 0.298311 0.020020 0.027143 0.063044 0.064713 0.063090 0.065024 0.003626
0.269053 0.089426 0.301450 0.020383 0.026827 0.063311 0.065361 0.063358 0.065531 0.003556
0.267238 0.093219 0.304541 0.020727 0.026514 0.063545 0.065940 0.063587 0.066018 0.003453
0.265335 0.097021 0.307609 0.021052 0.026204 0.063744 0.066447 0.063785 0.066460 0.003456
0.263344 0.100833 0.310677 0.021354 0.025897 0.063912 0.066878 0.063959 0.066857 0.003452
0.261265 0.104656 0.313766 0.021631 0.025595 0.064058 0.067247 0.064098 0.067211 0.003452
0.259098 0.108489 0.316892 0.021882 0.025298 0.064174 0.067552 0.064216 0.067525 0.003489
0.256843 0.112332 0.320071 0.022105 0.025007 0.064278 0.067801 0.064311 0.067797 0.003466
0.254501 0.116185 0.323314 0.022298 0.024720 0.064368 0.067999 0.064391 0.068022 0.003600
0.252071 0.120047 0.326634 0.022460 0.024436 0.064442 0.068155 0.064455 0.068209 0.003471
0.249556 0.123918 0.330038 0.022590 0.024150 0.064506 0.068264 0.064516 0.068354 0.003460
0.246954 0.127795 0.333533 0.022688 0.023864 0.064557 0.068339 0.064569 0.068469 0.003460
0.244266 0.131677 0.337125 0.022753 0.023579 0.064612 0.068381 0.064613 0.068553 0.003443
0.241492 0.135563 0.340819 0.022785 0.023293 0.064657 0.068397 0.064655 0.068610 0.003586
0.238633 0.139450 0.344618 0.022784 0.023006 0.064706 0.068387 0.064696 0.068634 0.003460
0.235689 0.143337 0.348523 0.022751 0.022717 0.064746 0.068359 0.064734 0.068637 0.003496
0.232661 0.147220 0.352538 0.022685 0.022425 0.064791 0.068308 0.064771 0.068619 0.003446
0.229548 0.151097 0.356662 0.022588 0.022130 0.064828 0.068246 0.064809 0.068579 0.003661
0.226351 0.154965 0.360897 0.022460 0.021832 0.064872 0.068162 0.064846 0.068518 0.003578
0.223070 0.158821 0.365241 0.022303 0.021533 0.064910 0.068071 0.064882 0.068447 0.003463
0.219706 0.162660 0.369694 0.022116 0.021231 0.064950 0.067967 0.064919 0.068355 0.003472
0.216260 0.166481 0.374254 0.021902 0.020927 0.064986 0.067857 0.064952 0.068254 0.003550
0.212731 0.170277 0.378920 0.021662 0.020622 0.065025 0.067733 0.064988 0.068134 0.003477
0.209121 0.174047 0.383690 0.021396 0.020316 0.065060 0.067603 0.065020 0.068015 0.003558
0.205430 0.177785 0.388562 0.021107 0.020008 0.065097 0.067475 0.065048 0.067885 0.003455
0.201659 0.181488 0.393532 0.020796 0.019700 0.065125 0.067339 0.065081 0.067739 0.003630
0.197809 0.185152 0.398597 0.020464 0.019391 0.065157 0.067197 0.065105 0.067598 0.003541
0.193880 0.188772 0.403754 0.020112 0.019082 0.065179 0.067058 0.065133 0.067449 0.003588
0.189875 0.192345 0.409000 0.019743 0.018774 0.065207 0.066916 0.065154 0.067288 0.003828
0.185794 0.195865 0.414331 0.019357 0.018469 0.065227 0.066773 0.065170 0.067137 0.003483
0.181639 0.199329 0.419743 0.018957 0.018165 0.065245 0.066632 0.065188 0.066979 0.003546
0.177411 0.202733 0.425232 0.018543 0.017864 0.065259 0.066494 0.065203 0.066814 0.003511
0.173112 0.206072 0.430793 0.018116 0.017565 0.065274 0.066355 0.065208 0.066661 0.003449
0.168743 0.209344 0.436422 0.017680 0.017268 0.065278 0.066224 0.065218 0.066507 0.003541
0.164306 0.212543 0.442115 0.017233 0.016975 0.065286 0.066093 0.065221 0.066345 0.003461
0.159803 0.215667 0.447867 0.016779 0.016685 0.065287 0.065964 0.065222 0.066190 0.003454
0.155237 0.218712 0.453673 0.016317 0.016398 0.065286 0.065842 0.065218 0.066044 0.003466
0.150608 0.221674 0.459528 0.015850 0.016114 0.065286 0.065725 0.065210 0.065905 0.003450
0.145920 0.224551 0.465429 0.015378 0.015832 0.065275 0.065612 0.065211 0.065762 0.003549
0.141175 0.227340 0.471371 0.014902 0.015555 0.065269 0.065503 0.065200 0.065627 0.003451
0.136376 0.230037 0.477348 0.014423 0.015281 0.065259 0.065406 0.065187 0.065495 0.004849
0.131523 0.232641 0.483357 0.013943 0.015010 0.065240 0.065318 0.065165 0.065377 0.005268
0.126621 0.235148 0.489393 0.013461 0.014742 0.065218 0.065232 0.065144 0.065266 0.009695
0.121671 0.237558 0.495451 0.012979 0.014476 0.065193 0.065161 0.065116 0.065162 0.006692
0.116676 0.239868 0.501527 0.012496 0.014211 0.065162 0.065096 0.065085 0.065067 0.008111
0.111639 0.242076 0.507617 0.012014 0.013948 0.065129 0.065034 0.065055 0.064981 0.006920
0.106563 0.244182 0.513717 0.011533 0.013686 0.065102 0.064980 0.065022 0.064896 0.007592
0.101449 0.246183 0.519823 0.011052 0.013425 0.065072 0.064924 0.064995 0.064816 0.008414
0.096300 0.248080 0.525931 0.010573 0.013164 0.065045 0.064878 0.064965 0.064740 0.010750
0.091120 0.249871 0.532038 0.010096 0.012903 0.065020 0.064831 0.064936 0.064671 0.007118
0.085910 0.251556 0.538140 0.009620 0.012640 0.064995 0.064790 0.064911 0.064611 0.006014
0.080673 0.253134 0.544233 0.009147 0.012375 0.064969 0.064751 0.064894 0.064548 0.003496
0.075412 0.254606 0.550314 0.008676 0.012109 0.064951 0.064716 0.064870 0.064487 0.003450
0.070130 0.255971 0.556382 0.008208 0.011840 0.064932 0.064683 0.064847 0.064443 0.004071
0.064827 0.257230 0.562432 0.007742 0.011567 0.064917 0.064656 0.064832 0.064392 0.009142
0.059508 0.258382 0.568462 0.007279 0.011290 0.064895 0.064627 0.064822 0.064351 0.024763
0.054174 0.259429 0.574469 0.006819 0.011011 0.064884 0.064603 0.064810 0.064312 0.018423
0.048827 0.260370 0.580453 0.006363 0.010730 0.064878 0.064583 0.064796 0.064273 0.006475
0.043470 0.261208 0.586409 0.005910 0.010445 0.064868 0.064561 0.064792 0.064240 0.003677
0.038105 0.261942 0.592337 0.005460 0.010155 0.064860 0.064543 0.064786 0.064215 0.003849
0.032734 0.262573 0.598235 0.005014 0.009862 0.064859 0.064529 0.064783 0.064190 0.003618
0.027358 0.263102 0.604101 0.004572 0.009564 0.064855 0.064515 0.064785 0.064169 0.003687
0.021980 0.263531 0.609934 0.004134 0.009262 0.064858 0.064504 0.064787 0.064149 0.003519
0.016602 0.263861 0.615732 0.003700 0.008956 0.064862 0.064498 0.064788 0.064128 0.003558
0.011224 0.264092 0.621494 0.003270 0.008644 0.064866 0.064486 0.064792 0.064121 0.003511
0.005850 0.264226 0.627221 0.002845 0.008325 0.064872 0.064484 0.064805 0.064107 0.003648
0.000481 0.264264 0.632910 0.002424 0.008002 0.064876 0.064480 0.064814 0.064096 0.003478
-0.004882 0.264209 0.638561 0.002008 0.007675 0.064883 0.064474 0.064825 0.064093 0.003464
-0.010238 0.264060 0.644174 0.001596 0.007346 0.064897 0.064469 0.064840 0.064089 0.003457
-0.015584 0.263819 0.649747 0.001190 0.007014 0.064910 0.064468 0.064855 0.064089 0.003576
-0.020919 0.263488 0.655282 0.000788 0.006681 0.064923 0.064470 0.064875 0.064088 0.003455
-0.026243 0.263068 0.660778 0.000392 0.006347 0.064939 0.064472 0.064893 0.064085 0.003676
-0.031554 0.262560 0.666234 0.000001 0.006013 0.064955 0.064473 0.064912 0.064087 0.003456
-0.036850 0.261966 0.671650 -0.000385 0.005679 0.064976 0.064474 0.064928 0.064098 0.003570
-0.042132 0.261287 0.677027 -0.000765 0.005344 0.065000 0.064479 0.064951 0.064109 0.003536
-0.047396 0.260524 0.682366 -0.001140 0.005006 0.065020 0.064487 0.064979 0.064116 0.003455
-0.052644 0.259679 0.687665 -0.001508 0.004668 0.065039 0.064495 0.065004 0.064128 0.005846
-0.057873 0.258753 0.692927 -0.001871 0.004330 0.065066 0.064504 0.065026 0.064141 0.003450
-0.063082 0.257747 0.698152 -0.002228 0.003992 0.065092 0.064514 0.065051 0.064153 0.003449
-0.068271 0.256663 0.703339 -0.002579 0.003653 0.065114 0.064523 0.065079 0.064171 0.003589
-0.073439 0.255501 0.708491 -0.002923 0.003312 0.065141 0.064535 0.065106 0.064189 0.003600
-0.078585 0.254263 0.713608 -0.003261 0.002971 0.065164 0.064546 0.065136 0.064212 0.003618
-0.083709 0.252949 0.718690 -0.003593 0.002631 0.065194 0.064560 0.065162 0.064234 0.003563
-0.088808 0.251562 0.723739 -0.003918 0.002291 0.065221 0.064578 0.065191 0.064254 0.003568
-0.093883 0.250102 0.728756 -0.004236 0.001950 0.065248 0.064592 0.065218 0.064281 0.003576
-0.098933 0.248570 0.733741 -0.004548 0.001609 0.065277 0.064607 0.065248 0.064308 0.003761
-0.103958 0.246967 0.738697 -0.004854 0.001267 0.065303 0.064624 0.065283 0.064332 0.003549
-0.108955 0.245294 0.743625 -0.005152 0.000927 0.065328 0.064642 0.065310 0.064360 0.003563
-0.113925 0.243552 0.748525 -0.005444 0.000590 0.065361 0.064657 0.065336 0.064390 0.003550
-0.118867 0.241741 0.753399 -0.005728 0.000252 0.065390 0.064676 0.065365 0.064425 0.003558
-0.123781 0.239863 0.758249 -0.006006 -0.000086 0.065418 0.064699 0.065400 0.064450 0.003577
-0.128665 0.237918 0.763075 -0.006277 -0.000423 0.065442 0.064717 0.065428 0.064479 0.003519
-0.133519 0.235907 0.767880 -0.006541 -0.000758 0.065474 0.064735 0.065452 0.064509 0.003564
-0.138341 0.233830 0.772664 -0.006798 -0.001094 0.065502 0.064751 0.065480 0.064545 0.003574
-0.143133 0.231689 0.777429 -0.007047 -0.001431 0.065528 0.064775 0.065513 0.064572 0.003558
-0.147892 0.229483 0.782176 -0.007290 -0.001766 0.065550 0.064795 0.065539 0.064600 0.003678
-0.152618 0.227214 0.786908 -0.007526 -0.002100 0.065578 0.064809 0.065560 0.064637 0.003550
-0.157310 0.224881 0.791624 -0.007754 -0.002434 0.065607 0.064832 0.065587 0.064665 0.003577
-0.161967 0.222485 0.796327 -0.007976 -0.002770 0.065625 0.064852 0.065614 0.064694 0.003512
-0.166590 0.220027 0.801018 -0.008190 -0.003104 0.065646 0.064871 0.065636 0.064723 0.003577
-0.171176 0.217508 0.805698 -0.008397 -0.003438 0.065671 0.064888 0.065654 0.064749 0.003579
-0.175725 0.214926 0.810368 -0.008597 -0.003773 0.065697 0.064906 0.065671 0.064774 0.003450
-0.180236 0.212284 0.815030 -0.008790 -0.004113 0.065709 0.064924 0.065698 0.064797 0.003642
-0.184709 0.209581 0.819684 -0.008976 -0.004455 0.065729 0.064938 0.065709 0.064822 0.003576
-0.189143 0.206817 0.824331 -0.009155 -0.004799 0.065737 0.064955 0.065732 0.064846 0.003559
-0.193537 0.203993 0.828973 -0.009327 -0.005141 0.065752 0.064969 0.065743 0.064866 0.003781
-0.197889 0.201109 0.833610 -0.009492 -0.005484 0.065771 0.064983 0.065751 0.064884 0.003567
-0.202199 0.198166 0.838243 -0.009650 -0.005831 0.065779 0.064999 0.065765 0.064898 0.003659
-0.206467 0.195163 0.842872 -0.009801 -0.006181 0.065787 0.065005 0.065774 0.064919 0.003562
-0.210691 0.192102 0.847499 -0.009945 -0.006533 0.065795 0.065022 0.065786 0.064929 0.003478
-0.214870 0.188982 0.852123 -0.010083 -0.006887 0.065802 0.065028 0.065789 0.064942 0.003561
-0.219004 0.185803 0.856744 -0.010213 -0.007245 0.065813 0.065041 0.065793 0.064947 0.003570
-0.223092 0.182567 0.861364 -0.010337 -0.007609 0.065818 0.065048 0.065795 0.064954 0.003611
-0.227132 0.179273 0.865982 -0.010454 -0.007981 0.065817 0.065056 0.065802 0.064959 0.003685
-0.231124 0.175923 0.870598 -0.010564 -0.008359 0.065821 0.065062 0.065800 0.064961 0.003565
-0.235067 0.172515 0.875213 -0.010668 -0.008745 0.065819 0.065067 0.065802 0.064962 0.003577
-0.238960 0.169051 0.879825 -0.010765 -0.009139 0.065822 0.065068 0.065800 0.064959 0.003592
-0.242802 0.165531 0.884436 -0.010855 -0.009541 0.065816 0.065073 0.065803 0.064955 0.003645
-0.246592 0.161956 0.889045 -0.010938 -0.009949 0.065818 0.065073 0.065796 0.064946 0.003540
-0.250330 0.158327 0.893651 -0.011015 -0.010366 0.065806 0.065076 0.065797 0.064937 0.003620
-0.254014 0.154643 0.898254 -0.011085 -0.010788 0.065800 0.065073 0.065789 0.064925 0.003545
-0.257644 0.150906 0.902854 -0.011148 -0.011215 0.065787 0.065070 0.065784 0.064916 0.003667
-0.261219 0.147116 0.907448 -0.011205 -0.011643 0.065782 0.065064 0.065773 0.064904 0.003726
-0.264738 0.143274 0.912038 -0.011255 -0.012074 0.065771 0.065062 0.065767 0.064892 0.003709
-0.268200 0.139380 0.916622 -0.011299 -0.012508 0.065760 0.065057 0.065759 0.064880 0.003560
-0.271606 0.135436 0.921199 -0.011335 -0.012942 0.065752 0.065055 0.065748 0.064866 0.007210
-0.274953 0.131441 0.925768 -0.011365 -0.013379 0.065744 0.065051 0.065738 0.064845 0.003675
-0.278243 0.127398 0.930329 -0.011389 -0.013819 0.065725 0.065044 0.065731 0.064836 0.003467
-0.281473 0.123306 0.934880 -0.011406 -0.014259 0.065724 0.065035 0.065715 0.064826 0.003542
-0.284644 0.119166 0.939422 -0.011416 -0.014702 0.065708 0.065033 0.065714 0.064819 0.003476
-0.287756 0.114981 0.943953 -0.011419 -0.015145 0.065706 0.065028 0.065703 0.064803 0.003451
-0.290807 0.110749 0.948473 -0.011416 -0.015591 0.065700 0.065023 0.065697 0.064790 0.003449
-0.293797 0.106473 0.952981 -0.011407 -0.016039 0.065693 0.065019 0.065690 0.064784 0.003454
-0.296726 0.102152 0.957476 -0.011390 -0.016491 0.065688 0.065016 0.065687 0.064773 0.003533
-0.299594 0.097789 0.961959 -0.011367 -0.016947 0.065687 0.065014 0.065681 0.064760 0.003476
-0.302399 0.093384 0.966428 -0.011338 -0.017406 0.065678 0.065008 0.065679 0.064756 0.003576
-0.305143 0.088938 0.970884 -0.011301 -0.017869 0.065677 0.065006 0.065675 0.064744 0.003463
-0.307824 0.084452 0.975325 -0.011258 -0.018335 0.065677 0.065005 0.065669 0.064736 0.003450
-0.310442 0.079926 0.979753 -0.011208 -0.018807 0.065667 0.065005 0.065671 0.064728 0.003659
-0.312998 0.075363 0.984165 -0.011152 -0.019280 0.065664 0.065001 0.065663 0.064728 0.003544
-0.315490 0.070763 0.988563 -0.011089 -0.019756 0.065674 0.064997 0.065661 0.064716 0.003666
-0.317918 0.066127 0.992947 -0.011019 -0.020242 0.065678 0.064995 0.065665 0.064709 0.003523
-0.320283 0.061456 0.997315 -0.010942 -0.020736 0.065677 0.064990 0.065675 0.064707 0.003464
-0.322584 0.056750 1.001668 -0.010858 -0.021233 0.065674 0.064988 0.065686 0.064702 0.003684
-0.324821 0.052012 1.006007 -0.010767 -0.021727 0.065673 0.064981 0.065691 0.064701 0.003586
-0.326993 0.047242 1.010332 -0.010669 -0.022215 0.065685 0.064970 0.065691 0.064701 0.003589
-0.329101 0.042441 1.014641 -0.010564 -0.022701 0.065699 0.064965 0.065698 0.064700 0.003641
-0.331144 0.037610 1.018937 -0.010452 -0.023190 0.065710 0.064959 0.065713 0.064698 0.003578
-0.333121 0.032750 1.023218 -0.010332 -0.023679 0.065727 0.064950 0.065725 0.064698 0.003758
-0.335034 0.027862 1.027487 -0.010204 -0.024171 0.065736 0.064945 0.065745 0.064701 0.003569
-0.336881 0.022946 1.031742 -0.010069 -0.024662 0.065757 0.064934 0.065759 0.064697 0.003662
-0.338662 0.018004 1.035985 -0.009926 -0.025153 0.065779 0.064926 0.065775 0.064690 0.003587
-0.340377 0.013037 1.040216 -0.009775 -0.025648 0.065792 0.064918 0.065797 0.064691 0.003681
-0.342026 0.008045 1.044435 -0.009616 -0.026142 0.065799 0.064912 0.065817 0.064696 0.003631
-0.343607 0.003029 1.048644 -0.009448 -0.026630 0.065823 0.064895 0.065826 0.064696 0.003611
-0.345122 -0.002010 1.052843 -0.009271 -0.027118 0.065844 0.064888 0.065844 0.064692 0.003591
-0.346569 -0.007071 1.057032 -0.009086 -0.027609 0.065874 0.064872 0.065860 0.064682 0.003583
-0.347948 -0.012153 1.061212 -0.008891 -0.028107 0.065886 0.064865 0.065887 0.064686 0.003590
-0.349258 -0.017255 1.065383 -0.008687 -0.028607 0.065906 0.064852 0.065907 0.064671 0.003651
-0.350499 -0.022377 1.069546 -0.008474 -0.029108 0.065915 0.064841 0.065924 0.064671 0.003579
-0.351671 -0.027518 1.073701 -0.008251 -0.029607 0.065934 0.064822 0.065935 0.064664 0.003636
-0.352773 -0.032677 1.077849 -0.008017 -0.030106 0.065953 0.064808 0.065948 0.064654 0.003650
-0.353804 -0.037852 1.081990 -0.007774 -0.030610 0.065977 0.064789 0.065964 0.064637 0.003606
-0.354764 -0.043044 1.086123 -0.007520 -0.031121 0.065982 0.064777 0.065986 0.064626 0.003612
-0.355653 -0.048252 1.090250 -0.007255 -0.031633 0.065996 0.064754 0.065995 0.064608 0.003593
-0.356469 -0.053474 1.094370 -0.006979 -0.032145 0.065996 0.064739 0.066007 0.064597 0.003777
-0.357212 -0.058709 1.098483 -0.006692 -0.032655 0.066017 0.064711 0.066004 0.064577 0.003577
-0.357883 -0.063958 1.102588 -0.006393 -0.033170 0.066020 0.064695 0.066018 0.064558 0.003714
-0.358479 -0.069218 1.106686 -0.006082 -0.033688 0.066026 0.064670 0.066022 0.064540 0.003605
-0.359000 -0.074489 1.110777 -0.005760 -0.034208 0.066018 0.064652 0.066029 0.064524 0.003580
-0.359446 -0.079771 1.114859 -0.005426 -0.034726 0.066032 0.064617 0.066018 0.064497 0.003671
-0.359816 -0.085061 1.118931 -0.005079 -0.035251 0.066048 0.064585 0.066021 0.064465 0.003680
-0.360110 -0.090360 1.122995 -0.004720 -0.035785 0.066015 0.064573 0.066038 0.064454 0.003604
-0.360327 -0.095666 1.127048 -0.004348 -0.036314 0.066018 0.064527 0.066016 0.064426 0.003767
-0.360465 -0.100979 1.131089 -0.003963 -0.036840 0.066003 0.064499 0.066007 0.064409 0.003590
-0.360525 -0.106297 1.135118 -0.003564 -0.037366 0.065998 0.064460 0.065987 0.064380 0.005659
-0.360506 -0.111619 1.139133 -0.003153 -0.037898 0.065993 0.064426 0.065975 0.064342 0.003687
-0.360407 -0.116945 1.143132 -0.002729 -0.038436 0.065955 0.064393 0.065970 0.064331 0.003670
-0.360227 -0.122273 1.147115 -0.002290 -0.038968 0.065931 0.064345 0.065936 0.064301 0.003697
-0.359965 -0.127603 1.151079 -0.001839 -0.039496 0.065892 0.064303 0.065903 0.064281 0.003783
-0.359620 -0.132933 1.155021 -0.001374 -0.040021 0.065891 0.064232 0.065853 0.064233 0.003687
-0.359192 -0.138263 1.158940 -0.000895 -0.040559 0.065835 0.064199 0.065838 0.064208 0.003612
-0.358680 -0.143592 1.162833 -0.000403 -0.041097 0.065777 0.064138 0.065788 0.064191 0.003579
-0.358082 -0.148918 1.166696 0.000103 -0.041629 0.065717 0.064076 0.065725 0.064160 0.003556
-0.357397 -0.154241 1.170526 0.000623 -0.042157 0.065653 0.064010 0.065652 0.064132 0.003760
-0.356625 -0.159559 1.174319 0.001155 -0.042685 0.065584 0.063937 0.065575 0.064103 0.003551
-0.355763 -0.164873 1.178070 0.001701 -0.043214 0.065481 0.063879 0.065496 0.064091 0.003833
-0.354811 -0.170180 1.181775 0.002259 -0.043739 0.065395 0.063796 0.065391 0.064047 0.003787
-0.353767 -0.175480 1.185428 0.002829 -0.044266 0.065296 0.063736 0.065285 0.064013 0.003838
-0.352630 -0.180772 1.189024 0.003412 -0.044798 0.065166 0.063689 0.065180 0.064002 0.003923
-0.351397 -0.186055 1.192557 0.004005 -0.045327 0.065053 0.063635 0.065052 0.063967 0.003840
-0.350067 -0.191329 1.196020 0.004608 -0.045856 0.064920 0.063623 0.064933 0.063962 0.003814
-0.348638 -0.196591 1.199409 0.005221 -0.046381 0.064778 0.063635 0.064810 0.063962 0.003900
-0.347108 -0.201841 1.202719 0.005842 -0.046890 0.064627 0.063698 0.064689 0.063988 0.003807
-0.345477 -0.207078 1.205946 0.006470 -0.047375 0.064525 0.063784 0.064559 0.063989 0.003873
-0.343742 -0.212301 1.209086 0.007103 -0.047840 0.064415 0.063963 0.064483 0.064055 0.003801
-0.341901 -0.217509 1.212142 0.007740 -0.048276 0.064350 0.064178 0.064416 0.064113 0.003825
-0.339955 -0.222699 1.215114 0.008379 -0.048675 0.064284 0.064506 0.064409 0.064256 0.004020
-0.337903 -0.227871 1.218009 0.009017 -0.049013 0.064272 0.064865 0.064410 0.064416 0.003828
-0.335744 -0.233024 1.220838 0.009653 -0.049275 0.064287 0.065334 0.064461 0.064663 0.004042
-0.333480 -0.238155 1.223613 0.010284 -0.049445 0.064351 0.065856 0.064542 0.064953 0.003814
-0.331110 -0.243264 1.226352 0.010906 -0.049506 0.064452 0.066471 0.064675 0.065341 0.004023
-0.328637 -0.248349 1.229080 0.011518 -0.049443 0.064610 0.067143 0.064834 0.065793 0.004172
-0.326063 -0.253408 1.231822 0.012114 -0.049246 0.064797 0.067915 0.065051 0.066357 0.004152
-0.323391 -0.258441 1.234613 0.012691 -0.048902 0.065044 0.068741 0.065291 0.066993 0.004178
-0.320626 -0.263445 1.237490 0.013246 -0.048407 0.065330 0.069658 0.065582 0.067742 0.004167
-0.317771 -0.268420 1.240497 0.013772 -0.047758 0.065659 0.070639 0.065900 0.068576 0.004263
-0.314832 -0.273363 1.243682 0.014264 -0.046958 0.066041 0.071696 0.066247 0.069470 0.004072
-0.311816 -0.278274 1.247099 0.014718 -0.046028 0.066519 0.072783 0.066632 0.070371 0.004081
-0.308732 -0.283148 1.250805 0.015127 -0.045016 0.067051 0.073937 0.067078 0.071299 0.003816
-0.305589 -0.287985 1.254862 0.015486 -0.043969 0.067635 0.075117 0.067583 0.072233 0.003890
-0.302399 -0.292779 1.259337 0.015790 -0.042937 0.068269 0.076302 0.068119 0.073139 0.003791
-0.299174 -0.297526 1.264296 0.016033 -0.041975 0.068920 0.077466 0.068672 0.074011 0.003828
-0.295930 -0.302219 1.269810 0.016212 -0.041145 0.069577 0.078552 0.069214 0.074809 0.003854
-0.292684 -0.306849 1.275944 0.016322 -0.040514 0.070191 0.079516 0.069708 0.075488 0.003700
-0.289454 -0.311404 1.282761 0.016361 -0.040156 0.070733 0.080272 0.070104 0.076003 0.003841
-0.286261 -0.315868 1.290311 0.016326 -0.040155 0.071150 0.080748 0.070380 0.076292 0.003819
-0.283123 -0.320222 1.298629 0.016216 -0.040591 0.071372 0.080849 0.070468 0.076307 0.003806
-0.280057 -0.324440 1.307731 0.016033 -0.041535 0.071336 0.080496 0.070331 0.075992 0.003911
-0.277080 -0.328493 1.317606 0.015778 -0.043028 0.070904 0.079620 0.069912 0.075320 0.003876
-0.274199 -0.332348 1.328211 0.015457 -0.045071 0.070248 0.078176 0.069220 0.074242 0.003583
-0.271419 -0.335969 1.339475 0.015074 -0.047668 0.069493 0.076250 0.068426 0.072836 0.003623
-0.268734 -0.339321 1.351303 0.014640 -0.050801 0.068395 0.073949 0.067590 0.071232 0.003569
-0.266132 -0.342371 1.363583 0.014165 -0.054344 0.066969 0.071320 0.066589 0.069454 0.005688
-0.263595 -0.345091 1.376182 0.013657 -0.058100 0.065306 0.068471 0.065400 0.067567 0.003575
-0.261101 -0.347464 1.388960 0.013126 -0.061862 0.063519 0.065533 0.064075 0.065665 0.004831
-0.258629 -0.349479 1.401770 0.012580 -0.065440 0.061665 0.062682 0.062715 0.063837 0.003526
-0.256161 -0.351138 1.414470 0.012024 -0.068653 0.059883 0.059999 0.061341 0.062166 0.003499
-0.253677 -0.352453 1.426929 0.011465 -0.071359 0.058204 0.057642 0.060061 0.060701 0.003470
-0.251165 -0.353442 1.439031 0.010905 -0.073441 0.056774 0.055633 0.058868 0.059467 0.003584
-0.248616 -0.354132 1.450677 0.010347 -0.074836 0.055657 0.054036 0.057840 0.058478 0.003468
-0.246021 -0.354552 1.461791 0.009792 -0.075535 0.054918 0.052817 0.056990 0.057719 0.003461
-0.243375 -0.354735 1.472313 0.009241 -0.075588 0.054518 0.051979 0.056386 0.057170 0.003457
-0.240674 -0.354711 1.482206 0.008696 -0.075072 0.054414 0.051471 0.056015 0.056803 0.003559
-0.237914 -0.354512 1.491445 0.008159 -0.074078 0.054547 0.051249 0.055878 0.056598 0.003707
-0.235090 -0.354167 1.500022 0.007630 -0.072693 0.054846 0.051249 0.055940 0.056540 0.003531
-0.232198 -0.353702 1.507940 0.007112 -0.070993 0.055300 0.051439 0.056163 0.056586 0.003483
-0.229236 -0.353141 1.515210 0.006605 -0.069051 0.055876 0.051775 0.056508 0.056734 0.003569
-0.226199 -0.352502 1.521853 0.006112 -0.066937 0.056547 0.052251 0.057001 0.056946 0.003530
-0.223084 -0.351804 1.527894 0.005634 -0.064703 0.057253 0.052819 0.057580 0.057255 0.003621
-0.219891 -0.351061 1.533366 0.005173 -0.062384 0.057981 0.053517 0.058275 0.057630 0.003569
-0.216616 -0.350285 1.538305 0.004731 -0.059989 0.058722 0.054303 0.059020 0.058085 0.003569
-0.213259 -0.349485 1.542752 0.004308 -0.057515 0.059517 0.055156 0.059761 0.058598 0.003575
-0.209820 -0.348667 1.546753 0.003905 -0.054973 0.060323 0.056063 0.060513 0.059178 0.003569
-0.206299 -0.347838 1.550354 0.003524 -0.052381 0.061165 0.056982 0.061238 0.059781 0.003670
-0.202696 -0.347001 1.553604 0.003165 -0.049776 0.062004 0.057909 0.061960 0.060408 0.003542
-0.199013 -0.346159 1.556552 0.002827 -0.047198 0.062814 0.058820 0.062654 0.061039 0.003813
-0.195250 -0.345313 1.559245 0.002511 -0.044690 0.063587 0.059687 0.063322 0.061648 0.003638
-0.191410 -0.344464 1.561731 0.002218 -0.042290 0.064300 0.060506 0.063963 0.062228 0.003566
-0.187494 -0.343614 1.564053 0.001947 -0.040026 0.064944 0.061270 0.064555 0.062770 0.003542
-0.183504 -0.342761 1.566252 0.001698 -0.037919 0.065520 0.061965 0.065100 0.063263 0.003551
-0.179442 -0.341907 1.568366 0.001472 -0.035982 0.066028 0.062583 0.065597 0.063701 0.003552
-0.175310 -0.341050 1.570428 0.001267 -0.034219 0.066448 0.063140 0.066048 0.064095 0.003561
-0.171111 -0.340190 1.572468 0.001085 -0.032619 0.066813 0.063623 0.066438 0.064434 0.003555
-0.166846 -0.339328 1.574510 0.000924 -0.031173 0.067112 0.064045 0.066774 0.064727 0.003627
-0.162518 -0.338463 1.576577 0.000785 -0.029868 0.067373 0.064401 0.067052 0.064970 0.003632
-0.158129 -0.337595 1.578688 0.000667 -0.028692 0.067571 0.064704 0.067301 0.065180 0.003570
-0.153680 -0.336724 1.580858 0.000571 -0.027630 0.067734 0.064960 0.067496 0.065348 0.003620
-0.149174 -0.335850 1.583100 0.000495 -0.026666 0.067854 0.065173 0.067661 0.065491 0.003551
-0.144612 -0.334972 1.585425 0.000441 -0.025783 0.067946 0.065354 0.067782 0.065604 0.003629
-0.139996 -0.334091 1.587840 0.000407 -0.024968 0.068013 0.065501 0.067873 0.065698 0.003550
-0.135327 -0.333207 1.590352 0.000393 -0.024212 0.068052 0.065619 0.067942 0.065773 0.003581
-0.130608 -0.332319 1.592965 0.000398 -0.023502 0.068076 0.065715 0.067980 0.065825 0.003548
-0.125839 -0.331427 1.595684 0.000423 -0.022832 0.068080 0.065794 0.068000 0.065868 0.003646
-0.121021 -0.330533 1.598511 0.000467 -0.022196 0.068063 0.065859 0.068003 0.065899 0.003632
-0.116157 -0.329635 1.601446 0.000530 -0.021586 0.068037 0.065910 0.067988 0.065924 0.003647
-0.111248 -0.328733 1.604490 0.000611 -0.020998 0.068000 0.065953 0.067957 0.065938 0.003573
-0.106295 -0.327828 1.607643 0.000709 -0.020428 0.067951 0.065982 0.067921 0.065946 0.003581
-0.101299 -0.326919 1.610903 0.000824 -0.019871 0.067894 0.066000 0.067878 0.065950 0.003578
-0.096261 -0.326007 1.614270 0.000956 -0.019323 0.067836 0.066017 0.067815 0.065948 0.003661
-0.091184 -0.325090 1.617742 0.001103 -0.018784 0.067764 0.066034 0.067749 0.065946 0.003566
-0.086068 -0.324169 1.621316 0.001266 -0.018253 0.067687 0.066044 0.067682 0.065944 0.003527
-0.080915 -0.323244 1.624989 0.001443 -0.017725 0.067612 0.066046 0.067607 0.065937 0.003516
-0.075725 -0.322315 1.628760 0.001634 -0.017201 0.067533 0.066051 0.067525 0.065930 0.005634
-0.070500 -0.321380 1.632625 0.001838 -0.016682 0.067445 0.066056 0.067442 0.065924 0.009096
-0.065242 -0.320440 1.636581 0.002055 -0.016164 0.067357 0.066056 0.067361 0.065918 0.003641
-0.059952 -0.319495 1.640626 0.002284 -0.015648 0.067274 0.066052 0.067274 0.065910 0.003627
-0.054630 -0.318543 1.644756 0.002523 -0.015132 0.067190 0.066049 0.067185 0.065902 0.003542
-0.049279 -0.317585 1.648967 0.002773 -0.014620 0.067099 0.066049 0.067097 0.065895 0.003659
-0.043898 -0.316620 1.653257 0.003033 -0.014110 0.067013 0.066044 0.067008 0.065889 0.003654
-0.038491 -0.315648 1.657623 0.003301 -0.013604 0.066926 0.066035 0.066924 0.065881 0.004131
-0.033057 -0.314667 1.662061 0.003578 -0.013100 0.066841 0.066031 0.066830 0.065877 0.003678
-0.027598 -0.313678 1.666567 0.003862 -0.012601 0.066749 0.066025 0.066746 0.065870 0.003457
-0.022115 -0.312681 1.671139 0.004153 -0.012104 0.066666 0.066015 0.066662 0.065862 0.003632
-0.016610 -0.311673 1.675774 0.004451 -0.011611 0.066580 0.066008 0.066572 0.065860 0.003451
-0.011083 -0.310655 1.680467 0.004754 -0.011122 0.066495 0.066001 0.066481 0.065857 0.003570
-0.005535 -0.309627 1.685216 0.005061 -0.010639 0.066409 0.065987 0.066404 0.065848 0.003517
0.000032 -0.308587 1.690018 0.005373 -0.010159 0.066328 0.065969 0.066325 0.065841 0.003459
0.005617 -0.307535 1.694870 0.005688 -0.009682 0.066251 0.065953 0.066239 0.065833 0.003461
0.011220 -0.306470 1.699768 0.006006 -0.009210 0.066173 0.065934 0.066157 0.065824 0.003463
0.016839 -0.305391 1.704708 0.006327 -0.008745 0.066091 0.065918 0.066070 0.065819 0.003467
0.022473 -0.304299 1.709688 0.006649 -0.008288 0.066006 0.065891 0.065999 0.065807 0.003557
0.028121 -0.303192 1.714704 0.006973 -0.007836 0.065931 0.065866 0.065915 0.065798 0.003467
0.033783 -0.302069 1.719754 0.007298 -0.007389 0.065853 0.065834 0.065839 0.065784 0.003711
0.039456 -0.300930 1.724832 0.007623 -0.006948 0.065774 0.065799 0.065766 0.065768 0.003458
0.045141 -0.299774 1.729936 0.007947 -0.006511 0.065698 0.065762 0.065688 0.065752 0.003510
0.050837 -0.298601 1.735063 0.008272 -0.006079 0.065628 0.065720 0.065606 0.065733 0.003596
0.056541 -0.297409 1.740208 0.008595 -0.005655 0.065545 0.065672 0.065534 0.065712 0.003456
0.062255 -0.296198 1.745369 0.008917 -0.005236 0.065471 0.065622 0.065454 0.065689 0.003559
0.067975 -0.294968 1.750540 0.009237 -0.004823 0.065389 0.065563 0.065385 0.065661 0.003642
0.073703 -0.293717 1.755717 0.009556 -0.004412 0.065312 0.065500 0.065312 0.065630 0.003551
0.079436 -0.292445 1.760898 0.009872 -0.004003 0.065240 0.065435 0.065226 0.065601 0.003611
0.085173 -0.291152 1.766077 0.010186 -0.003598 0.065153 0.065362 0.065150 0.065567 0.003590
0.090915 -0.289836 1.771251 0.010498 -0.003196 0.065074 0.065285 0.065063 0.065532 0.003595
0.096659 -0.288497 1.776413 0.010806 -0.002798 0.064986 0.065198 0.064984 0.065488 0.003599
0.102406 -0.287134 1.781560 0.011112 -0.002403 0.064898 0.065106 0.064900 0.065445 0.003528
0.108153 -0.285746 1.786687 0.011414 -0.002007 0.064805 0.065008 0.064812 0.065399 0.003447
0.113900 -0.284334 1.791788 0.011713 -0.001612 0.064715 0.064901 0.064716 0.065349 0.003634
0.119646 -0.282895 1.796857 0.012009 -0.001217 0.064614 0.064785 0.064617 0.065294 0.003645
0.125390 -0.281430 1.801888 0.012301 -0.000822 0.064504 0.064659 0.064519 0.065236 0.003586
0.131131 -0.279937 1.806876 0.012589 -0.000424 0.064390 0.064524 0.064410 0.065175 0.003568
0.136867 -0.278416 1.811814 0.012874 -0.000021 0.064271 0.064380 0.064289 0.065110 0.003565
0.142598 -0.276866 1.816693 0.013155 0.000386 0.064142 0.064218 0.064163 0.065036 0.003560
0.148322 -0.275286 1.821508 0.013432 0.000798 0.064003 0.064044 0.064021 0.064960 0.003635
0.154038 -0.273676 1.826248 0.013705 0.001213 0.063843 0.063853 0.063872 0.064877 0.003548
0.159744 -0.272033 1.830906 0.013974 0.001638 0.063655 0.063634 0.063732 0.064776 0.003579
0.165439 -0.270357 1.835470 0.014238 0.002092 0.063428 0.063365 0.063621 0.064637 0.003531
0.171121 -0.268648 1.839931 0.014499 0.002609 0.063235 0.063081 0.063442 0.064508 0.003574
0.176788 -0.266902 1.844275 0.014755 0.003198 0.063026 0.062763 0.063196 0.064360 0.003598
0.182437 -0.265119 1.848491 0.015008 0.003847 0.062773 0.062419 0.062918 0.064203 0.003571
0.188066 -0.263296 1.852561 0.015258 0.004545 0.062467 0.062034 0.062602 0.064028 0.003646
0.193672 -0.261432 1.856469 0.015503 0.005287 0.062117 0.061625 0.062249 0.063853 0.003558
0.199251 -0.259524 1.860195 0.015743 0.006069 0.061727 0.061208 0.061851 0.063673 0.003606
0.204802 -0.257568 1.863718 0.015978 0.006890 0.061298 0.060783 0.061439 0.063497 0.008579
0.210321 -0.255560 1.867018 0.016207 0.007753 0.060851 0.060379 0.061004 0.063329 0.003454
0.215803 -0.253497 1.870072 0.016429 0.008661 0.060417 0.060032 0.060573 0.063184 0.003480
0.221246 -0.251372 1.872863 0.016641 0.009616 0.059998 0.059763 0.060175 0.063057 0.003470
0.226644 -0.249179 1.875372 0.016843 0.010625 0.059634 0.059609 0.059844 0.062970 0.003600
0.231993 -0.246911 1.877587 0.017033 0.011697 0.059376 0.059604 0.059579 0.062935 0.003459
0.237287 -0.244560 1.879503 0.017208 0.012830 0.059235 0.059765 0.059420 0.062964 0.003456
0.242519 -0.242118 1.881119 0.017368 0.014020 0.059220 0.060101 0.059381 0.063060 0.003575
0.247684 -0.239574 1.882442 0.017510 0.015259 0.059343 0.060621 0.059485 0.063229 0.003744
0.252774 -0.236922 1.883491 0.017632 0.016541 0.059638 0.061329 0.059729 0.063502 0.003876
0.257781 -0.234151 1.884288 0.017733 0.017851 0.060088 0.062216 0.060121 0.063868 0.003708
0.262696 -0.231257 1.884870 0.017810 0.019168 0.060728 0.063289 0.060669 0.064355 0.003744
0.267512 -0.228232 1.885281 0.017862 0.020461 0.061558 0.064528 0.061370 0.064969 0.003831
0.272221 -0.225075 1.885576 0.017888 0.021682 0.062553 0.065918 0.062239 0.065704 0.003808
0.276814 -0.221783 1.885820 0.017885 0.022782 0.063709 0.067436 0.063280 0.066558 0.003867
0.281288 -0.218359 1.886089 0.017854 0.023711 0.065043 0.069069 0.064474 0.067531 0.003857
0.285635 -0.214807 1.886466 0.017791 0.024410 0.066464 0.070740 0.065822 0.068562 0.003824
0.289856 -0.211136 1.887046 0.017699 0.024843 0.067952 0.072412 0.067299 0.069647 0.003854
0.293950 -0.207353 1.887924 0.017576 0.024993 0.069451 0.073990 0.068830 0.070703 0.003823
0.297921 -0.203470 1.889198 0.017424 0.024883 0.070796 0.075487 0.070425 0.071634 0.003899
0.301775 -0.199499 1.890965 0.017244 0.024611 0.072071 0.076885 0.072003 0.072476 0.003589
0.305519 -0.195452 1.893316 0.017039 0.024315 0.073287 0.078114 0.073456 0.073216 0.003642
0.309163 -0.191339 1.896336 0.016812 0.024116 0.074371 0.079106 0.074707 0.073811 0.003559
0.312713 -0.187170 1.900098 0.016566 0.024103 0.075237 0.079757 0.075690 0.074214 0.003551
0.316175 -0.182950 1.904655 0.016304 0.024342 0.075797 0.079997 0.076337 0.074392 0.003635
0.319551 -0.178685 1.910036 0.016031 0.024878 0.075996 0.079767 0.076598 0.074315 0.003549
0.322840 -0.174373 1.916243 0.015750 0.025740 0.075820 0.079057 0.076437 0.073988 0.003595
0.326038 -0.170014 1.923244 0.015464 0.026928 0.075269 0.077895 0.075842 0.073409 0.003533
0.329136 -0.165601 1.930981 0.015178 0.028402 0.074439 0.076299 0.074829 0.072581 0.003574
0.332128 -0.161130 1.939369 0.014893 0.030061 0.073353 0.074334 0.073461 0.071510 0.003694
0.335008 -0.156594 1.948301 0.014612 0.031756 0.072063 0.072147 0.071891 0.070240 0.003573
0.337772 -0.151986 1.957657 0.014338 0.033348 0.070660 0.069895 0.070255 0.068907 0.003580
0.340423 -0.147304 1.967313 0.014074 0.034723 0.069255 0.067759 0.068682 0.067585 0.003570
0.342966 -0.142544 1.977151 0.013821 0.035807 0.067932 0.065825 0.067270 0.066391 0.003557
0.345408 -0.137705 1.987068 0.013581 0.036568 0.066741 0.064184 0.066067 0.065338 0.003753
0.347758 -0.132790 1.996974 0.013355 0.037008 0.065698 0.062826 0.065088 0.064486 0.003551
0.350026 -0.127802 2.006797 0.013143 0.037166 0.064809 0.061778 0.064324 0.063781 0.003657
0.352219 -0.122745 2.016480 0.012946 0.037097 0.064099 0.060980 0.063733 0.063248 0.003546
0.354343 -0.117625 2.025981 0.012763 0.036862 0.063515 0.060416 0.063289 0.062834 0.003738
0.356404 -0.112447 2.035269 0.012594 0.036523 0.063062 0.060041 0.062966 0.062539 0.003672
0.358404 -0.107219 2.044323 0.012439 0.036137 0.062712 0.059824 0.062723 0.062341 0.003572
0.360345 -0.101947 2.053129 0.012297 0.035752 0.062453 0.059741 0.062546 0.062216 0.003633
0.362225 -0.096636 2.061681 0.012166 0.035404 0.062258 0.059764 0.062422 0.062155 0.003625
0.364043 -0.091292 2.069975 0.012047 0.035141 0.061935 0.059911 0.062415 0.062188 0.003567
0.365797 -0.085921 2.078015 0.011936 0.035055 0.061898 0.060169 0.062323 0.062299 0.003696
0.367482 -0.080528 2.085807 0.011832 0.035138 0.061954 0.060443 0.062180 0.062411 0.003570
0.369092 -0.075117 2.093359 0.011733 0.035321 0.061991 0.060719 0.062078 0.062517 0.003570
0.370626 -0.069691 2.100679 0.011638 0.035546 0.062017 0.061001 0.062022 0.062626 0.003550
0.372080 -0.064254 2.107777 0.011544 0.035775 0.062064 0.061284 0.062003 0.062745 0.003561
0.373453 -0.058808 2.114661 0.011450 0.035985 0.062095 0.061566 0.062032 0.062881 0.005995
0.374741 -0.053355 2.121341 0.011355 0.036171 0.062150 0.061864 0.062087 0.063040 0.003629
0.375944 -0.047896 2.127828 0.011257 0.036332 0.062238 0.062162 0.062161 0.063203 0.003576
0.377060 -0.042435 2.134133 0.011156 0.036465 0.062326 0.062458 0.062266 0.063368 0.003592
0.378088 -0.036971 2.140270 0.011049 0.036575 0.062433 0.062758 0.062386 0.063550 0.003741
0.379025 -0.031506 2.146250 0.010937 0.036669 0.062550 0.063055 0.062519 0.063731 0.003594
0.379870 -0.026041 2.152087 0.010817 0.036751 0.062709 0.063338 0.062650 0.063917 0.003642
0.380622 -0.020578 2.157794 0.010690 0.036814 0.062860 0.063601 0.062794 0.064086 0.003553
0.381280 -0.015116 2.163384 0.010554 0.036856 0.062990 0.063858 0.062955 0.064251 0.003447
0.381843 -0.009657 2.168870 0.010410 0.036886 0.063143 0.064099 0.063114 0.064422 0.003578
0.382309 -0.004201 2.174264 0.010257 0.036908 0.063299 0.064328 0.063266 0.064586 0.003569
0.382679 0.001251 2.179578 0.010093 0.036922 0.063462 0.064530 0.063417 0.064734 0.003623
0.382951 0.006697 2.184824 0.009920 0.036925 0.063610 0.064715 0.063572 0.064865 0.003625
0.383125 0.012138 2.190012 0.009737 0.036918 0.063751 0.064881 0.063725 0.064994 0.003570
0.383201 0.017572 2.195153 0.009545 0.036905 0.063902 0.065031 0.063865 0.065115 0.003585
0.383178 0.022999 2.200256 0.009342 0.036885 0.064041 0.065162 0.064002 0.065217 0.003575
0.383055 0.028417 2.205331 0.009130 0.036858 0.064158 0.065279 0.064140 0.065309 0.003660
0.382834 0.033826 2.210385 0.008908 0.036829 0.064282 0.065386 0.064265 0.065399 0.003585
0.382513 0.039225 2.215425 0.008677 0.036801 0.064414 0.065464 0.064375 0.065476 0.003579
0.382093 0.044612 2.220460 0.008436 0.036766 0.064537 0.065521 0.064482 0.065528 0.003537
0.381574 0.049988 2.225494 0.008188 0.036718 0.064635 0.065561 0.064591 0.065574 0.003577
0.380956 0.055349 2.230532 0.007931 0.036661 0.064722 0.065602 0.064694 0.065610 0.003582
0.380240 0.060697 2.235581 0.007667 0.036600 0.064814 0.065636 0.064783 0.065647 0.003567
0.379425 0.066028 2.240643 0.007396 0.036537 0.064904 0.065651 0.064866 0.065665 0.003611
0.378512 0.071342 2.245722 0.007118 0.036467 0.064983 0.065658 0.064943 0.065681 0.003571
0.377502 0.076638 2.250823 0.006834 0.036391 0.065066 0.065654 0.065013 0.065683 0.003689
0.376395 0.081914 2.255947 0.006545 0.036303 0.065127 0.065640 0.065080 0.065690 0.003569
0.375191 0.087169 2.261097 0.006252 0.036206 0.065177 0.065635 0.065146 0.065682 0.003648
0.373892 0.092401 2.266276 0.005954 0.036106 0.065243 0.065612 0.065201 0.065670 0.003677
0.372498 0.097610 2.271484 0.005652 0.035999 0.065296 0.065593 0.065249 0.065660 0.003668
0.371008 0.102792 2.276723 0.005348 0.035883 0.065348 0.065561 0.065293 0.065645 0.004021
0.369426 0.107948 2.281994 0.005041 0.035756 0.065379 0.065532 0.065341 0.065622 0.003795
0.367750 0.113075 2.287299 0.004733 0.035624 0.065409 0.065509 0.065380 0.065598 0.003589
0.365981 0.118172 2.292638 0.004423 0.035489 0.065459 0.065478 0.065405 0.065581 0.003756
0.364122 0.123237 2.298012 0.004112 0.035345 0.065472 0.065448 0.065436 0.065557 0.003718
0.362171 0.128269 2.303421 0.003801 0.035196 0.065507 0.065419 0.065460 0.065526 0.003673
0.360131 0.133266 2.308865 0.003490 0.035039 0.065522 0.065384 0.065481 0.065499 0.003577
0.358003 0.138226 2.314344 0.003179 0.034877 0.065533 0.065358 0.065498 0.065478 0.003605
0.355786 0.143148 2.319859 0.002870 0.034711 0.065545 0.065336 0.065508 0.065452 0.003567
0.353483 0.148030 2.325409 0.002561 0.034542 0.065548 0.065309 0.065515 0.065430 0.003843
0.351094 0.152870 2.330994 0.002254 0.034371 0.065557 0.065288 0.065515 0.065413 0.003809
0.348621 0.157667 2.336614 0.001948 0.034194 0.065556 0.065265 0.065516 0.065387 0.004820
0.346064 0.162420 2.342269 0.001644 0.034012 0.065559 0.065236 0.065515 0.065361 0.013371
0.343424 0.167126 2.347958 0.001342 0.033824 0.065545 0.065212 0.065513 0.065341 0.008644
0.340703 0.171784 2.353680 0.001042 0.033632 0.065554 0.065186 0.065506 0.065310 0.009464
0.337902 0.176393 2.359435 0.000745 0.033433 0.065538 0.065160 0.065501 0.065286 0.014873
0.335023 0.180951 2.365221 0.000450 0.033228 0.065524 0.065142 0.065491 0.065267 0.008002
0.332065 0.185456 2.371040 0.000157 0.033021 0.065520 0.065120 0.065479 0.065239 0.008250
0.329032 0.189906 2.376888 -0.000132 0.032809 0.065512 0.065093 0.065467 0.065212 0.010802
0.325924 0.194302 2.382766 -0.000419 0.032588 0.065492 0.065076 0.065455 0.065186 0.010794
0.322742 0.198640 2.388673 -0.000703 0.032362 0.065491 0.065044 0.065442 0.065154 0.009869
0.319489 0.202920 2.394608 -0.000984 0.032126 0.065468 0.065018 0.065434 0.065128 0.007636
0.316165 0.207140 2.400569 -0.001262 0.031887 0.065448 0.065005 0.065416 0.065115 0.004651
0.312772 0.211299 2.406556 -0.001536 0.031645 0.065427 0.064993 0.065398 0.065092 0.003862
0.309312 0.215396 2.412568 -0.001808 0.031404 0.065397 0.064989 0.065374 0.065081 0.003855
0.305785 0.219429 2.418604 -0.002077 0.031164 0.065374 0.064984 0.065346 0.065063 0.003824
0.302194 0.223397 2.424662 -0.002342 0.030924 0.065346 0.064974 0.065314 0.065059 0.003859
0.298539 0.227299 2.430742 -0.002605 0.030682 0.065319 0.064972 0.065287 0.065048 0.003887
0.294823 0.231134 2.436843 -0.002866 0.030438 0.065283 0.064977 0.065254 0.065039 0.003904
0.291046 0.234901 2.442964 -0.003125 0.030192 0.065255 0.064974 0.065221 0.065029 0.003934
0.287211 0.238598 2.449103 -0.003381 0.029943 0.065215 0.064979 0.065187 0.065031 0.004034
0.283319 0.242224 2.455259 -0.003636 0.029692 0.065184 0.064980 0.065152 0.065031 0.003901
0.279371 0.245780 2.461433 -0.003890 0.029437 0.065158 0.064979 0.065123 0.065020 0.003980
0.275369 0.249263 2.467622 -0.004142 0.029178 0.065123 0.064982 0.065091 0.065018 0.003898
0.271315 0.252673 2.473825 -0.004393 0.028915 0.065092 0.064982 0.065061 0.065016 0.004048
0.267210 0.256009 2.480042 -0.004644 0.028649 0.065069 0.064980 0.065034 0.065003 0.003858
0.263056 0.259271 2.486271 -0.004894 0.028377 0.065032 0.064987 0.065003 0.065004 0.003904
0.258853 0.262457 2.492512 -0.005145 0.028103 0.065006 0.064985 0.064974 0.065000 0.003942
0.254605 0.265567 2.498763 -0.005395 0.027825 0.064980 0.064996 0.064944 0.065002 0.003902
0.250313 0.268600 2.505024 -0.005645 0.027541 0.064957 0.064988 0.064921 0.064990 0.003899
0.245977 0.271555 2.511293 -0.005896 0.027251 0.064926 0.064991 0.064899 0.064989 0.003895
0.241600 0.274432 2.517571 -0.006147 0.026959 0.064901 0.065003 0.064868 0.064990 0.003876
0.237184 0.277231 2.523855 -0.006400 0.026663 0.064872 0.065007 0.064842 0.064987 0.003990
0.232729 0.279951 2.530145 -0.006653 0.026363 0.064861 0.064996 0.064822 0.064979 0.004030
0.228238 0.282590 2.536439 -0.006908 0.026056 0.064825 0.065010 0.064800 0.064976 0.003896
0.223712 0.285150 2.542738 -0.007165 0.025746 0.064816 0.065000 0.064777 0.064964 0.003968
0.219153 0.287629 2.549040 -0.007422 0.025429 0.064793 0.065000 0.064759 0.064965 0.003910
0.214562 0.290027 2.555345 -0.007682 0.025106 0.064774 0.065004 0.064740 0.064956 0.003976
0.209941 0.292344 2.561650 -0.007943 0.024775 0.064767 0.064995 0.064725 0.064950 0.003872
0.205291 0.294579 2.567957 -0.008207 0.024436 0.064739 0.065002 0.064710 0.064951 0.003967
0.200615 0.296733 2.574263 -0.008472 0.024092 0.064736 0.064996 0.064698 0.064937 0.003942
0.195913 0.298804 2.580568 -0.008740 0.023741 0.064723 0.064992 0.064687 0.064931 0.003904
0.191187 0.300792 2.586871 -0.009009 0.023381 0.064710 0.064988 0.064677 0.064926 0.003897
0.186440 0.302698 2.593172 -0.009281 0.023017 0.064692 0.065000 0.064661 0.064923 0.003902
0.181671 0.304521 2.599470 -0.009555 0.022646 0.064692 0.064984 0.064649 0.064911 0.007334
0.176884 0.306261 2.605764 -0.009832 0.022267 0.064675 0.064987 0.064645 0.064898 0.008723
0.172079 0.307917 2.612053 -0.010110 0.021882 0.064664 0.064977 0.064627 0.064896 0.003804
0.167258 0.309490 2.618336 -0.010392 0.021489 0.064659 0.064975 0.064624 0.064879 0.003863
0.162423 0.310980 2.624613 -0.010675 0.021088 0.064652 0.064961 0.064608 0.064872 0.003807
0.157575 0.312385 2.630882 -0.010961 0.020675 0.064643 0.064955 0.064606 0.064863 0.003783
0.152716 0.313708 2.637143 -0.011250 0.020252 0.064629 0.064952 0.064594 0.064852 0.003779
0.147847 0.314946 2.643395 -0.011540 0.019822 0.064614 0.064953 0.064583 0.064840 0.003776
0.142970 0.316101 2.649637 -0.011834 0.019386 0.064597 0.064951 0.064556 0.064834 0.003857
0.138087 0.317172 2.655867 -0.012130 0.018940 0.064575 0.064942 0.064545 0.064813 0.003893
0.133198 0.318160 2.662084 -0.012428 0.018487 0.064565 0.064927 0.064520 0.064799 0.003913
0.128306 0.319063 2.668288 -0.012729 0.018022 0.064539 0.064914 0.064506 0.064785 0.003954
0.123412 0.319883 2.674476 -0.013033 0.017548 0.064526 0.064896 0.064489 0.064757 0.003891
0.118517 0.320620 2.680646 -0.013340 0.017066 0.064507 0.064875 0.064471 0.064732 0.003806
0.113623 0.321273 2.686797 -0.013649 0.016574 0.064489 0.064854 0.064449 0.064700 0.003895
0.108731 0.321843 2.692927 -0.013961 0.016070 0.064466 0.064820 0.064430 0.064663 0.003939
0.103842 0.322330 2.699034 -0.014275 0.015557 0.064444 0.064778 0.064414 0.064617 0.003881
0.098959 0.322735 2.705114 -0.014591 0.015040 0.064420 0.064739 0.064392 0.064558 0.003964
0.094082 0.323056 2.711166 -0.014910 0.014519 0.064392 0.064687 0.064355 0.064495 0.003950
0.089213 0.323296 2.717185 -0.015230 0.013989 0.064362 0.064626 0.064322 0.064421 0.003898
0.084353 0.323453 2.723168 -0.015552 0.013447 0.064318 0.064554 0.064285 0.064334 0.003919
0.079503 0.323528 2.729110 -0.015874 0.012897 0.064268 0.064477 0.064243 0.064226 0.003891
0.074664 0.323523 2.735006 -0.016198 0.012346 0.064200 0.064387 0.064177 0.064099 0.003975
0.069837 0.323437 2.740849 -0.016522 0.011795 0.064125 0.064277 0.064099 0.063949 0.004098
0.065023 0.323271 2.746632 -0.016846 0.011242 0.064031 0.064140 0.064001 0.063771 0.004002
0.060222 0.323026 2.752346 -0.017170 0.010685 0.063903 0.064001 0.063882 0.063572 0.003892
0.055436 0.322703 2.757979 -0.017492 0.010131 0.063743 0.063831 0.063733 0.063308 0.004124
0.050664 0.322303 2.763520 -0.017814 0.009587 0.063550 0.063642 0.063538 0.062985 0.004018
0.045907 0.321828 2.768951 -0.018133 0.009056 0.063286 0.063404 0.063284 0.062583 0.003989
0.041163 0.321279 2.774252 -0.018450 0.008545 0.062954 0.063142 0.062958 0.062093 0.003864
0.036431 0.320660 2.779398 -0.018765 0.008062 0.062518 0.062838 0.062540 0.061444 0.003896
0.031709 0.319974 2.784358 -0.019076 0.007622 0.061957 0.062485 0.061994 0.060632 0.003949
0.026995 0.319224 2.789092 -0.019384 0.007243 0.061238 0.062075 0.061311 0.059578 0.003880
0.022284 0.318417 2.793551 -0.019689 0.006961 0.060380 0.061580 0.060499 0.058205 0.003859
0.017571 0.317559 2.797675 -0.019989 0.006815 0.059377 0.061031 0.059539 0.056515 0.003866
0.012849 0.316660 2.801394 -0.020285 0.006842 0.058302 0.060447 0.058494 0.054558 0.003849
0.008108 0.315730 2.804631 -0.020574 0.007060 0.057256 0.059839 0.057461 0.052492 0.003903
0.003343 0.314784 2.807309 -0.020855 0.007460 0.056372 0.059270 0.056548 0.050579 0.003875
-0.001455 0.313837 2.809355 -0.021127 0.007992 0.055758 0.058732 0.055873 0.049037 0.003869
-0.006289 0.312904 2.810710 -0.021387 0.008583 0.055427 0.058275 0.055502 0.048007 0.003828
-0.011160 0.312002 2.811332 -0.021631 0.009175 0.055410 0.057934 0.055456 0.047471 0.003770
-0.016061 0.311145 2.811193 -0.021859 0.009733 0.055652 0.057750 0.055700 0.047357 0.003984
-0.020983 0.310345 2.810282 -0.022067 0.010245 0.056146 0.057762 0.056207 0.047606 0.003823
-0.025911 0.309612 2.808605 -0.022252 0.010720 0.056860 0.057959 0.056925 0.048147 0.003902
-0.030826 0.308950 2.806178 -0.022411 0.011159 0.057761 0.058333 0.057814 0.048964 0.003886
-0.035705 0.308361 2.803035 -0.022542 0.011562 0.058815 0.058860 0.058863 0.050047 0.003837
-0.040524 0.307839 2.799219 -0.022643 0.011931 0.060002 0.059500 0.060023 0.051380 0.003838
-0.045258 0.307376 2.794779 -0.022711 0.012237 0.060304 0.059718 0.060087 0.052763 0.004155
-0.049883 0.306958 2.789745 -0.022752 0.012380 0.060112 0.059991 0.059822 0.054388 0.007787
-0.054378 0.306566 2.784140 -0.022772 0.012334 0.059915 0.060374 0.059656 0.056150 0.005495
-0.058725 0.306175 2.777993 -0.022781 0.012130 0.059856 0.060916 0.059587 0.058157 0.004369
-0.062912 0.305755 2.771350 -0.022789 0.011775 0.059958 0.061682 0.059592 0.060454 0.004659
-0.066932 0.305277 2.764271 -0.022807 0.011234 0.060234 0.062865 0.059725 0.063138 0.005060
-0.070788 0.304708 2.756840 -0.022850 0.010441 0.060682 0.064703 0.059971 0.066309 0.004910
-0.074491 0.304020 2.749169 -0.022936 0.009307 0.061553 0.067418 0.060651 0.070060 0.005491
-0.078062 0.303188 2.741415 -0.023085 0.007755 0.062965 0.071107 0.062048 0.074492 0.004589
-0.081528 0.302197 2.733794 -0.023326 0.005784 0.065165 0.075884 0.064596 0.079941 0.005074
-0.084917 0.301041 2.726597 -0.023684 0.003545 0.068387 0.080705 0.068588 0.085910 0.004861
-0.088259 0.299726 2.720170 -0.024183 0.001373 0.072636 0.083517 0.073848 0.090000 0.004796
-0.091576 0.298272 2.714834 -0.024816 -0.000304 0.077287 0.084404 0.078937 0.090000 0.004826
-0.094884 0.296706 2.710816 -0.025545 -0.001245 0.081707 0.084066 0.083273 0.090000 0.005103
-0.098196 0.295057 2.708293 -0.026325 -0.001437 0.085377 0.083479 0.086782 0.090000 0.004818
-0.101525 0.293348 2.707404 -0.027115 -0.000935 0.087946 0.083090 0.089186 0.090000 0.004910
-0.104884 0.291598 2.708248 -0.027886 0.000129 0.089552 0.082991 0.090000 0.090000 0.004576
-0.108288 0.289815 2.710879 -0.028622 0.001402 0.090000 0.083073 0.090000 0.090000 0.005019
-0.111744 0.288000 2.715312 -0.029320 0.002649 0.090000 0.083077 0.090000 0.090000 0.004588
-0.115256 0.286139 2.721546 -0.029980 0.003833 0.090000 0.082445 0.089844 0.090000 0.004405
-0.118822 0.284208 2.729543 -0.030597 0.004892 0.089009 0.080672 0.088639 0.087576 0.003795
-0.122432 0.282175 2.739160 -0.031161 0.005744 0.086774 0.077213 0.086378 0.083173 0.003977
-0.126069 0.280005 2.750135 -0.031657 0.006360 0.083888 0.072257 0.083328 0.077364 0.003660
-0.129712 0.277670 2.762133 -0.032064 0.006677 0.080682 0.067048 0.079923 0.071121 0.003653
-0.133340 0.275149 2.774812 -0.032364 0.006618 0.077398 0.062749 0.076605 0.065512 0.003576
-0.136928 0.272432 2.787871 -0.032549 0.006185 0.074279 0.059804 0.073685 0.061171 0.003556
-0.140458 0.269514 2.801077 -0.032619 0.005473 0.071522 0.058058 0.071259 0.058241 0.003591
-0.143919 0.266400 2.814260 -0.032579 0.004634 0.069226 0.057156 0.069285 0.056463 0.003641
-0.147304 0.263100 2.827300 -0.032438 0.003805 0.067388 0.056762 0.067660 0.055512 0.003547
-0.150616 0.259624 2.840113 -0.032207 0.003078 0.065949 0.056683 0.066307 0.055098 0.003614
-0.153859 0.255985 2.852643 -0.031896 0.002489 0.064820 0.056814 0.065171 0.055042 0.003543
-0.157040 0.252196 2.864852 -0.031514 0.002032 0.063933 0.057076 0.064211 0.055225 0.003583
-0.160165 0.248270 2.876714 -0.031071 0.001679 0.063206 0.057432 0.063419 0.055570 0.003604
-0.163242 0.244221 2.888215 -0.030575 0.001398 0.062623 0.057841 0.062750 0.056024 0.003548
-0.166276 0.240059 2.899348 -0.030035 0.001157 0.062136 0.058289 0.062202 0.056547 0.003580
-0.169274 0.235797 2.910111 -0.029458 0.000928 0.061734 0.058755 0.061755 0.057110 0.003560
-0.172241 0.231444 2.920508 -0.028852 0.000694 0.061405 0.059228 0.061387 0.057693 0.003616
-0.175182 0.227010 2.930545 -0.028224 0.000442 0.061131 0.059700 0.061101 0.058281 0.003694
-0.178100 0.222504 2.940230 -0.027578 0.000165 0.060916 0.060161 0.060868 0.058860 0.003568
-0.180999 0.217933 2.949574 -0.026923 -0.000140 0.060748 0.060610 0.060694 0.059423 0.003622
-0.183884 0.213303 2.958589 -0.026261 -0.000473 0.060625 0.061038 0.060571 0.059969 0.003561
-0.186756 0.208621 2.967287 -0.025599 -0.000835 0.060541 0.061450 0.060488 0.060486 0.003558
-0.189618 0.203892 2.975681 -0.024940 -0.001222 0.060496 0.061836 0.060447 0.060979 0.003631
-0.192472 0.199120 2.983785 -0.024289 -0.001631 0.060488 0.062203 0.060439 0.061433 0.003548
-0.195320 0.194310 2.991613 -0.023648 -0.002061 0.060508 0.062541 0.060460 0.061867 0.003732
-0.198164 0.189464 2.999179 -0.023021 -0.002510 0.060555 0.062855 0.060512 0.062272 0.003576
-0.201003 0.184585 3.006496 -0.022409 -0.002975 0.060622 0.063152 0.060597 0.062642 0.003447
-0.203840 0.179676 3.013579 -0.021816 -0.003449 0.060720 0.063421 0.060690 0.062981 0.003571
-0.206674 0.174740 3.020442 -0.021243 -0.003930 0.060829 0.063666 0.060811 0.063305 0.006299
-0.209506 0.169777 3.027097 -0.020691 -0.004417 0.060961 0.063894 0.060944 0.063591 0.005843
-0.212335 0.164790 3.033557 -0.020161 -0.004906 0.061104 0.064101 0.061092 0.063855 0.003470
-0.215162 0.159779 3.039836 -0.019654 -0.005396 0.061267 0.064288 0.061247 0.064088 0.003486
-0.217986 0.154746 3.045944 -0.019171 -0.005889 0.061428 0.064458 0.061419 0.064307 0.003448
-0.220806 0.149691 3.051895 -0.018712 -0.006381 0.061598 0.064611 0.061598 0.064501 0.003587
