0.300000 0.000000 0.040000 0.000000 0.000000 0.065500 0.065500 0.065500 0.065500 0.005210
0.300000 0.000000 0.040001 0.000000 0.000000 0.065468 0.065468 0.065468 0.065468 0.006711
0.300000 0.000000 0.040061 0.000044 0.000736 0.080019 0.054532 0.089565 0.054508 0.007542
0.299995 0.000000 0.040525 0.000315 0.004726 0.090000 0.053332 0.090000 0.068456 0.023813
0.299969 -0.000001 0.041698 0.000848 0.009591 0.081388 0.061073 0.081688 0.062201 0.027056
0.299902 -0.000008 0.043456 0.001568 0.014272 0.083060 0.067485 0.079902 0.071722 0.011284
0.299778 -0.000023 0.045871 0.002405 0.017619 0.076570 0.071587 0.073063 0.067123 0.008894
0.299593 -0.000049 0.048847 0.003281 0.019160 0.074039 0.080207 0.068228 0.080030 0.004721
0.299351 -0.000082 0.052530 0.004086 0.018635 0.069821 0.086211 0.068848 0.078616 0.004748
0.299061 -0.000115 0.057013 0.004765 0.017447 0.069265 0.088604 0.069986 0.082277 0.004059
0.298728 -0.000131 0.062414 0.005293 0.016553 0.070637 0.090000 0.072808 0.082307 0.004231
0.298347 -0.000105 0.068832 0.005669 0.016422 0.070752 0.090000 0.071659 0.083893 0.004058
0.297908 -0.000007 0.076307 0.005889 0.016864 0.072355 0.090000 0.074168 0.083780 0.004470
0.297400 0.000199 0.084879 0.005964 0.017955 0.071563 0.090000 0.071993 0.084007 0.004389
0.296812 0.000554 0.094533 0.005886 0.019441 0.072099 0.090000 0.073889 0.084231 0.004475
0.296132 0.001107 0.105275 0.005658 0.021523 0.070566 0.090000 0.071205 0.083853 0.004044
0.295349 0.001911 0.117051 0.005269 0.024034 0.069986 0.090000 0.071973 0.084000 0.004067
0.294455 0.003027 0.129812 0.004716 0.027174 0.067919 0.088431 0.068875 0.082032 0.003769
0.293448 0.004517 0.143408 0.004000 0.030745 0.066418 0.084871 0.068022 0.080592 0.003480
0.292339 0.006438 0.157641 0.003136 0.034724 0.064094 0.078063 0.064460 0.076602 0.003611
0.291150 0.008820 0.172217 0.002153 0.038763 0.062238 0.072903 0.062331 0.073262 0.003575
0.289911 0.011670 0.186869 0.001075 0.042617 0.059919 0.066310 0.058936 0.069039 0.003470
0.288663 0.014970 0.201328 -0.000071 0.045970 0.058136 0.061841 0.056837 0.065811 0.003851
0.287441 0.018685 0.215386 -0.001267 0.048660 0.056156 0.056922 0.054419 0.062588 0.003507
0.286279 0.022766 0.228864 -0.002498 0.050578 0.054710 0.053935 0.053001 0.060249 0.003478
0.285199 0.027163 0.241634 -0.003753 0.051728 0.053237 0.050896 0.051600 0.058197 0.003629
0.284215 0.031819 0.253598 -0.005024 0.052162 0.052323 0.049214 0.050993 0.056747 0.003603
0.283327 0.036683 0.264693 -0.006305 0.051989 0.051523 0.047554 0.050555 0.055496 0.003691
0.282528 0.041708 0.274877 -0.007590 0.051348 0.051208 0.046656 0.050669 0.054618 0.003576
0.281804 0.046851 0.284130 -0.008874 0.050387 0.051073 0.045814 0.050808 0.053847 0.003478
0.281135 0.052076 0.292444 -0.010152 0.049223 0.051295 0.045406 0.051290 0.053286 0.003478
0.280500 0.057354 0.299823 -0.011418 0.047961 0.051654 0.045099 0.051804 0.052838 0.003679
0.279876 0.062658 0.306281 -0.012667 0.046675 0.052258 0.045083 0.052494 0.052542 0.003648
0.279241 0.067969 0.311841 -0.013893 0.045420 0.052986 0.045209 0.053268 0.052352 0.003616
0.278575 0.073270 0.316531 -0.015092 0.044233 0.053913 0.045525 0.054207 0.052278 0.004348
0.277859 0.078550 0.320388 -0.016257 0.043139 0.054986 0.046038 0.055286 0.052291 0.003536
0.277078 0.083799 0.323458 -0.017383 0.042156 0.056211 0.046906 0.056478 0.052517 0.003480
0.276217 0.089011 0.325796 -0.018464 0.041294 0.057572 0.048061 0.057862 0.052921 0.003486
0.275266 0.094180 0.327467 -0.019495 0.040573 0.059080 0.049447 0.059405 0.053517 0.003607
0.274213 0.099303 0.328548 -0.020472 0.040016 0.060711 0.051019 0.061083 0.054253 0.003492
0.273053 0.104379 0.329123 -0.021388 0.039649 0.062429 0.052713 0.062834 0.055126 0.003601
0.271779 0.109403 0.329285 -0.022238 0.039489 0.064193 0.054484 0.064576 0.056073 0.003506
0.270386 0.114375 0.329128 -0.023019 0.039535 0.065953 0.056269 0.066322 0.057044 0.003614
0.268871 0.119290 0.328751 -0.023725 0.039778 0.067662 0.058015 0.067970 0.058031 0.003476
0.267230 0.124145 0.328249 -0.024352 0.040192 0.069246 0.059680 0.069485 0.058992 0.003626
0.265461 0.128937 0.327715 -0.024895 0.040742 0.070697 0.061216 0.070838 0.059908 0.003614
0.263562 0.133661 0.327232 -0.025353 0.041382 0.071938 0.062588 0.072000 0.060767 0.003553
0.261531 0.138315 0.326876 -0.025723 0.042066 0.072979 0.063746 0.072957 0.061551 0.003653
0.259370 0.142894 0.326711 -0.026002 0.042751 0.073783 0.064708 0.073664 0.062263 0.003581
0.257076 0.147397 0.326788 -0.026192 0.043390 0.074313 0.065491 0.074155 0.062912 0.003485
0.254653 0.151822 0.327148 -0.026293 0.043956 0.074619 0.066095 0.074447 0.063472 0.003478
0.252101 0.156170 0.327816 -0.026306 0.044437 0.074752 0.066515 0.074544 0.063956 0.003617
0.249424 0.160443 0.328809 -0.026235 0.044817 0.074660 0.066841 0.074438 0.064412 0.003720
0.246624 0.164643 0.330133 -0.026084 0.045088 0.074451 0.067021 0.074221 0.064787 0.003486
0.243706 0.168774 0.331789 -0.025856 0.045246 0.074091 0.067140 0.073846 0.065156 0.003691
0.240674 0.172840 0.333767 -0.025559 0.045289 0.073644 0.067182 0.073428 0.065440 0.003594
0.237532 0.176848 0.336056 -0.025196 0.045229 0.073088 0.067222 0.072906 0.065722 0.003680
0.234286 0.180802 0.338640 -0.024775 0.045085 0.072530 0.067192 0.072356 0.065939 0.003688
0.230940 0.184708 0.341500 -0.024302 0.044864 0.071902 0.067189 0.071750 0.066168 0.003670
0.227497 0.188571 0.344619 -0.023782 0.044578 0.071301 0.067137 0.071152 0.066342 0.003498
0.223963 0.192398 0.347974 -0.023223 0.044231 0.070675 0.067115 0.070517 0.066537 0.003661
0.220341 0.196191 0.351547 -0.022631 0.043827 0.070054 0.067083 0.069962 0.066669 0.003613
0.216635 0.199957 0.355318 -0.022010 0.043389 0.069437 0.067084 0.069352 0.066824 0.003664
0.212847 0.203698 0.359268 -0.021369 0.042925 0.068889 0.067045 0.068796 0.066936 0.003595
0.208981 0.207419 0.363379 -0.020711 0.042434 0.068323 0.067061 0.068245 0.067073 0.003594
0.205040 0.211123 0.367634 -0.020042 0.041924 0.067812 0.067051 0.067769 0.067156 0.003520
0.201024 0.214811 0.372018 -0.019368 0.041406 0.067337 0.067045 0.067284 0.067248 0.003617
0.196937 0.218486 0.376517 -0.018692 0.040879 0.066878 0.067075 0.066829 0.067341 0.003616
0.192780 0.222150 0.381116 -0.018019 0.040347 0.066451 0.067098 0.066435 0.067414 0.003683
0.188553 0.225804 0.385805 -0.017353 0.039818 0.066086 0.067096 0.066052 0.067469 0.003533
0.184258 0.229449 0.390572 -0.016698 0.039287 0.065749 0.067101 0.065697 0.067538 0.003667
0.179896 0.233085 0.395406 -0.016056 0.038750 0.065426 0.067121 0.065419 0.067576 0.003483
0.175468 0.236714 0.400301 -0.015430 0.038217 0.065132 0.067143 0.065119 0.067620 0.003571
0.170973 0.240334 0.405247 -0.014824 0.037689 0.064876 0.067156 0.064871 0.067648 0.003569
0.166413 0.243945 0.410236 -0.014239 0.037166 0.064671 0.067141 0.064651 0.067656 0.003628
0.161787 0.247548 0.415264 -0.013677 0.036644 0.064472 0.067147 0.064447 0.067678 0.003492
0.157096 0.251142 0.420324 -0.013141 0.036120 0.064269 0.067174 0.064269 0.067705 0.003573
0.152340 0.254725 0.425410 -0.012631 0.035599 0.064142 0.067144 0.064125 0.067684 0.003662
0.147518 0.258297 0.430519 -0.012149 0.035079 0.064004 0.067139 0.064021 0.067668 0.003680
0.142631 0.261857 0.435647 -0.011695 0.034567 0.063882 0.067136 0.063885 0.067658 0.003515
0.137679 0.265403 0.440789 -0.011272 0.034057 0.063806 0.067112 0.063765 0.067648 0.003477
0.132662 0.268934 0.445943 -0.010878 0.033539 0.063727 0.067084 0.063733 0.067619 0.003624
0.127579 0.272449 0.451106 -0.010515 0.033020 0.063692 0.067023 0.063684 0.067562 0.003739
0.122431 0.275946 0.456275 -0.010183 0.032500 0.063654 0.066987 0.063640 0.067523 0.003619
0.117218 0.279423 0.461448 -0.009881 0.031974 0.063609 0.066972 0.063570 0.067512 0.003770
0.111939 0.282879 0.466623 -0.009609 0.031436 0.063582 0.066939 0.063576 0.067471 0.003543
0.106594 0.286312 0.471800 -0.009368 0.030892 0.063559 0.066912 0.063538 0.067435 0.003669
0.101184 0.289718 0.476977 -0.009158 0.030340 0.063521 0.066916 0.063494 0.067430 0.003590
0.095709 0.293098 0.482152 -0.008978 0.029777 0.063487 0.066910 0.063471 0.067419 0.003701
0.090169 0.296447 0.487326 -0.008829 0.029202 0.063506 0.066877 0.063417 0.067400 0.003684
0.084564 0.299765 0.492497 -0.008712 0.028588 0.063551 0.066845 0.063376 0.067411 0.003778
0.078894 0.303047 0.497666 -0.008625 0.027905 0.063577 0.066837 0.063380 0.067457 0.003583
0.073161 0.306292 0.502836 -0.008568 0.027143 0.063596 0.066821 0.063425 0.067489 0.003676
0.067366 0.309495 0.508009 -0.008543 0.026311 0.063594 0.066817 0.063461 0.067520 0.003686
0.061509 0.312653 0.513187 -0.008548 0.025423 0.063636 0.066756 0.063526 0.067495 0.003721
0.055592 0.315762 0.518371 -0.008582 0.024490 0.063677 0.066702 0.063564 0.067464 0.003581
0.049615 0.318818 0.523562 -0.008646 0.023509 0.063717 0.066656 0.063573 0.067461 0.003603
0.043579 0.321817 0.528762 -0.008739 0.022475 0.063756 0.066616 0.063637 0.067437 0.003483
0.037486 0.324754 0.533971 -0.008860 0.021393 0.063815 0.066537 0.063692 0.067406 0.003487
0.031338 0.327623 0.539191 -0.009007 0.020264 0.063903 0.066442 0.063765 0.067358 0.003586
0.025135 0.330421 0.544422 -0.009180 0.019085 0.063979 0.066371 0.063838 0.067315 0.003520
0.018881 0.333141 0.549665 -0.009378 0.017857 0.064051 0.066299 0.063940 0.067260 0.006793
0.012575 0.335779 0.554923 -0.009600 0.016588 0.064127 0.066226 0.063994 0.067215 0.018860
0.006221 0.338327 0.560195 -0.009844 0.015275 0.064224 0.066153 0.064078 0.067164 0.010668
-0.000179 0.340780 0.565484 -0.010108 0.013914 0.064328 0.066064 0.064187 0.067105 0.012707
-0.006623 0.343132 0.570790 -0.010393 0.012508 0.064449 0.065964 0.064316 0.067025 0.012630
-0.013108 0.345377 0.576115 -0.010695 0.011061 0.064565 0.065882 0.064413 0.066951 0.013791
-0.019631 0.347508 0.581461 -0.011013 0.009567 0.064691 0.065802 0.064535 0.066887 0.003659
-0.026188 0.349518 0.586828 -0.011346 0.008031 0.064813 0.065713 0.064692 0.066794 0.003544
-0.032777 0.351401 0.592220 -0.011692 0.006461 0.064932 0.065635 0.064790 0.066707 0.003569
-0.039392 0.353150 0.597636 -0.012049 0.004856 0.065055 0.065566 0.064923 0.066624 0.003599
-0.046031 0.354758 0.603077 -0.012415 0.003220 0.065176 0.065482 0.065062 0.066512 0.003493
-0.052687 0.356219 0.608545 -0.012788 0.001559 0.065289 0.065415 0.065156 0.066411 0.003473
-0.059358 0.357527 0.614039 -0.013168 -0.000127 0.065395 0.065354 0.065283 0.066303 0.003538
-0.066036 0.358676 0.619560 -0.013551 -0.001831 0.065463 0.065308 0.065378 0.066183 0.003706
-0.072718 0.359659 0.625106 -0.013937 -0.003545 0.065573 0.065218 0.065466 0.066042 0.003797
-0.079397 0.360472 0.630677 -0.014325 -0.005269 0.065632 0.065154 0.065578 0.065903 0.003561
-0.086067 0.361109 0.636269 -0.014711 -0.006988 0.065660 0.065089 0.065610 0.065744 0.003609
-0.092722 0.361568 0.641878 -0.015096 -0.008697 0.065707 0.064997 0.065676 0.065559 0.003765
-0.099356 0.361842 0.647501 -0.015477 -0.010388 0.065716 0.064897 0.065693 0.065373 0.003481
-0.105963 0.361931 0.653130 -0.015854 -0.012059 0.065699 0.064826 0.065670 0.065190 0.003957
-0.112537 0.361831 0.658760 -0.016225 -0.013708 0.065673 0.064722 0.065701 0.064979 0.004122
-0.119070 0.361542 0.664382 -0.016588 -0.015317 0.065612 0.064601 0.065663 0.064759 0.003980
-0.125557 0.361061 0.669987 -0.016944 -0.016877 0.065518 0.064503 0.065588 0.064542 0.004467
-0.131992 0.360390 0.675564 -0.017292 -0.018378 0.065420 0.064359 0.065545 0.064306 0.004076
-0.138370 0.359530 0.681104 -0.017629 -0.019806 0.065321 0.064201 0.065427 0.064065 0.003636
-0.144685 0.358481 0.686592 -0.017957 -0.021161 0.065183 0.064090 0.065328 0.063846 0.003760
-0.150932 0.357246 0.692017 -0.018273 -0.022432 0.065034 0.063954 0.065214 0.063631 0.003579
-0.157108 0.355828 0.697366 -0.018579 -0.023610 0.064911 0.063806 0.065099 0.063420 0.003644
-0.163208 0.354229 0.702627 -0.018873 -0.024687 0.064790 0.063648 0.065018 0.063214 0.003565
-0.169229 0.352455 0.707788 -0.019155 -0.025655 0.064669 0.063503 0.064900 0.063038 0.003616
-0.175168 0.350509 0.712838 -0.019425 -0.026509 0.064563 0.063369 0.064815 0.062881 0.003630
-0.181022 0.348395 0.717766 -0.019682 -0.027248 0.064466 0.063250 0.064706 0.062758 0.003652
-0.186789 0.346117 0.722563 -0.019926 -0.027874 0.064409 0.063149 0.064630 0.062654 0.003619
-0.192467 0.343681 0.727222 -0.020156 -0.028395 0.064374 0.063051 0.064597 0.062583 0.003613
-0.198055 0.341089 0.731735 -0.020373 -0.028816 0.064364 0.062972 0.064545 0.062541 0.003600
-0.203552 0.338348 0.736100 -0.020576 -0.029153 0.064400 0.062916 0.064529 0.062539 0.003817
-0.208955 0.335459 0.740313 -0.020765 -0.029424 0.064459 0.062869 0.064566 0.062544 0.003591
-0.214263 0.332427 0.744374 -0.020939 -0.029640 0.064506 0.062851 0.064609 0.062582 0.003679
-0.219475 0.329256 0.748284 -0.021098 -0.029807 0.064572 0.062824 0.064648 0.062640 0.003584
-0.224590 0.325949 0.752043 -0.021241 -0.029935 0.064632 0.062817 0.064675 0.062699 0.003661
-0.229605 0.322508 0.755654 -0.021369 -0.030034 0.064684 0.062811 0.064726 0.062774 0.003572
-0.234520 0.318936 0.759116 -0.021482 -0.030110 0.064735 0.062775 0.064769 0.062842 0.003678
-0.239333 0.315236 0.762433 -0.021578 -0.030166 0.064750 0.062749 0.064784 0.062920 0.003659
-0.244042 0.311409 0.765602 -0.021659 -0.030202 0.064711 0.062719 0.064758 0.063005 0.003780
-0.248646 0.307458 0.768624 -0.021724 -0.030216 0.064695 0.062641 0.064731 0.063067 0.003944
-0.253142 0.303384 0.771495 -0.021774 -0.030210 0.064591 0.062585 0.064659 0.063167 0.003892
-0.257530 0.299188 0.774212 -0.021810 -0.030175 0.064501 0.062500 0.064570 0.063242 0.003852
-0.261806 0.294872 0.776769 -0.021832 -0.030110 0.064379 0.062426 0.064459 0.063327 0.004039
-0.265968 0.290437 0.779161 -0.021842 -0.030013 0.064229 0.062373 0.064314 0.063426 0.003835
-0.270014 0.285883 0.781380 -0.021840 -0.029880 0.064087 0.062346 0.064179 0.063533 0.007110
-0.273940 0.281211 0.783421 -0.021829 -0.029714 0.063999 0.062353 0.064058 0.063641 0.006938
-0.277745 0.276423 0.785280 -0.021809 -0.029538 0.064078 0.062397 0.063904 0.063664 0.007365
-0.281423 0.271519 0.786954 -0.021782 -0.029423 0.064220 0.062598 0.063974 0.063750 0.007038
-0.284971 0.266502 0.788448 -0.021746 -0.029398 0.064307 0.062858 0.064164 0.063863 0.006947
-0.288385 0.261373 0.789770 -0.021704 -0.029438 0.064428 0.063179 0.064336 0.063997 0.005819
-0.291662 0.256135 0.790932 -0.021655 -0.029520 0.064616 0.063521 0.064590 0.064118 0.003820
-0.294798 0.250791 0.791945 -0.021600 -0.029620 0.064812 0.063913 0.064810 0.064270 0.003733
-0.297790 0.245343 0.792824 -0.021538 -0.029726 0.065052 0.064366 0.065076 0.064448 0.004046
-0.300636 0.239795 0.793586 -0.021472 -0.029826 0.065311 0.064853 0.065409 0.064669 0.004002
-0.303335 0.234151 0.794251 -0.021400 -0.029892 0.065575 0.065377 0.065737 0.064931 0.004230
-0.305884 0.228414 0.794843 -0.021324 -0.029899 0.065890 0.065941 0.066067 0.065220 0.004178
-0.308284 0.222587 0.795386 -0.021245 -0.029835 0.066197 0.066584 0.066419 0.065586 0.004110
-0.310535 0.216673 0.795908 -0.021164 -0.029681 0.066493 0.067289 0.066772 0.066038 0.004122
-0.312636 0.210675 0.796441 -0.021083 -0.029410 0.066808 0.068055 0.067140 0.066571 0.004538
-0.314591 0.204596 0.797022 -0.021006 -0.028995 0.067143 0.068870 0.067535 0.067186 0.004384
-0.316400 0.198437 0.797688 -0.020934 -0.028408 0.067464 0.069752 0.067926 0.067916 0.004286
-0.318068 0.192199 0.798482 -0.020873 -0.027619 0.067820 0.070702 0.068267 0.068723 0.004417
-0.319599 0.185884 0.799452 -0.020827 -0.026633 0.068300 0.071727 0.068630 0.069543 0.004370
-0.320997 0.179492 0.800648 -0.020800 -0.025488 0.068844 0.072850 0.069095 0.070461 0.004407
-0.322271 0.173024 0.802130 -0.020797 -0.024219 0.069434 0.074074 0.069629 0.071464 0.004122
-0.323427 0.166479 0.803964 -0.020824 -0.022858 0.070153 0.075366 0.070223 0.072475 0.004181
-0.324475 0.159856 0.806224 -0.020886 -0.021454 0.070949 0.076753 0.070915 0.073545 0.004234
-0.325428 0.153158 0.808991 -0.020988 -0.020061 0.071839 0.078187 0.071684 0.074619 0.004218
-0.326300 0.146385 0.812354 -0.021134 -0.018740 0.072793 0.079667 0.072504 0.075707 0.004242
-0.327107 0.139540 0.816407 -0.021329 -0.017563 0.073782 0.081160 0.073328 0.076770 0.004054
-0.327868 0.132629 0.821247 -0.021577 -0.016618 0.074789 0.082565 0.074157 0.077750 0.003925
-0.328604 0.125663 0.826971 -0.021882 -0.016004 0.075723 0.083798 0.074897 0.078591 0.003859
-0.329340 0.118657 0.833671 -0.022246 -0.015832 0.076455 0.084734 0.075417 0.079222 0.003850
-0.330098 0.111634 0.841419 -0.022672 -0.016217 0.076840 0.085187 0.075610 0.079474 0.003935
-0.330902 0.104626 0.850260 -0.023161 -0.017266 0.076715 0.084988 0.075349 0.079224 0.003863
-0.331769 0.097671 0.860196 -0.023711 -0.019048 0.075992 0.083967 0.074561 0.078311 0.003904
-0.332713 0.090820 0.871175 -0.024321 -0.021587 0.074558 0.082127 0.073224 0.076765 0.003722
-0.333739 0.084125 0.883094 -0.024986 -0.024815 0.072473 0.079481 0.071517 0.074639 0.003648
-0.334846 0.077641 0.895801 -0.025699 -0.028544 0.069877 0.076210 0.069549 0.072144 0.003713
-0.336030 0.071418 0.909115 -0.026454 -0.032489 0.067074 0.072561 0.067503 0.069492 0.003631
-0.337284 0.065499 0.922839 -0.027242 -0.036340 0.064348 0.068938 0.065482 0.066955 0.003801
-0.338602 0.059914 0.936781 -0.028057 -0.039829 0.061985 0.065549 0.063650 0.064690 0.003592
-0.339979 0.054679 0.950772 -0.028890 -0.042780 0.060157 0.062582 0.062093 0.062784 0.003679
-0.341411 0.049799 0.964668 -0.029736 -0.045117 0.058842 0.060176 0.060774 0.061279 0.003601
-0.342889 0.045268 0.978354 -0.030589 -0.046899 0.058410 0.058174 0.059582 0.060077 0.003605
-0.344405 0.041074 0.991745 -0.031444 -0.048365 0.058331 0.056682 0.058901 0.059198 0.003750
-0.345939 0.037196 1.004779 -0.032293 -0.049711 0.058149 0.055568 0.058712 0.058537 0.003606
-0.347473 0.033612 1.017414 -0.033133 -0.050965 0.057969 0.054676 0.058659 0.057972 0.003609
-0.348989 0.030296 1.029614 -0.033958 -0.052085 0.057850 0.053957 0.058644 0.057494 0.003682
-0.350475 0.027220 1.041352 -0.034765 -0.053029 0.057830 0.053357 0.058675 0.057082 0.003616
-0.351920 0.024355 1.052603 -0.035550 -0.053771 0.057892 0.052906 0.058743 0.056747 0.003701
-0.353315 0.021674 1.063352 -0.036310 -0.054300 0.058049 0.052620 0.058848 0.056479 0.003592
-0.354655 0.019148 1.073587 -0.037042 -0.054623 0.058268 0.052481 0.059026 0.056303 0.003620
-0.355935 0.016751 1.083304 -0.037743 -0.054748 0.058580 0.052466 0.059242 0.056191 0.003567
-0.357153 0.014459 1.092504 -0.038411 -0.054695 0.058945 0.052526 0.059556 0.056163 0.003638
-0.358304 0.012247 1.101192 -0.039043 -0.054479 0.059369 0.052713 0.059885 0.056180 0.003687
-0.359387 0.010095 1.109379 -0.039638 -0.054121 0.059838 0.052955 0.060284 0.056270 0.003643
-0.360402 0.007984 1.117079 -0.040192 -0.053641 0.060346 0.053285 0.060677 0.056409 0.009105
-0.361345 0.005895 1.124310 -0.040705 -0.053072 0.060895 0.053628 0.061128 0.056590 0.003743
-0.362216 0.003814 1.131093 -0.041173 -0.052445 0.061465 0.053996 0.061599 0.056792 0.003612
-0.363014 0.001727 1.137449 -0.041596 -0.051787 0.062022 0.054390 0.062094 0.057025 0.003641
-0.363737 -0.000380 1.143402 -0.041970 -0.051121 0.062566 0.054798 0.062589 0.057267 0.004168
-0.364383 -0.002517 1.148976 -0.042295 -0.050458 0.063079 0.055207 0.063080 0.057532 0.003695
-0.364951 -0.004693 1.154196 -0.042568 -0.049806 0.063566 0.055598 0.063531 0.057811 0.003961
-0.365439 -0.006918 1.159086 -0.042788 -0.049175 0.064013 0.055982 0.063963 0.058081 0.004192
-0.365848 -0.009198 1.163667 -0.042954 -0.048569 0.064425 0.056342 0.064348 0.058353 0.003618
-0.366175 -0.011541 1.167961 -0.043065 -0.047995 0.064784 0.056682 0.064704 0.058609 0.004432
-0.366419 -0.013951 1.171987 -0.043120 -0.047454 0.065088 0.056991 0.065011 0.058864 0.003979
-0.366579 -0.016434 1.175763 -0.043119 -0.046943 0.065328 0.057272 0.065269 0.059106 0.003631
-0.366654 -0.018993 1.179303 -0.043062 -0.046454 0.065493 0.057523 0.065466 0.059347 0.004624
-0.366644 -0.021631 1.182619 -0.042949 -0.045976 0.065604 0.057732 0.065583 0.059569 0.011861
-0.366547 -0.024352 1.185720 -0.042780 -0.045507 0.065645 0.057904 0.065627 0.059790 0.009308
-0.366363 -0.027158 1.188613 -0.042557 -0.045043 0.065579 0.058058 0.065578 0.060013 0.003958
-0.366091 -0.030049 1.191298 -0.042282 -0.044580 0.065458 0.058133 0.065479 0.060208 0.003651
-0.365730 -0.033028 1.193775 -0.041956 -0.044113 0.065270 0.058139 0.065292 0.060385 0.004129
-0.365278 -0.036094 1.196038 -0.041582 -0.043640 0.064993 0.058108 0.065029 0.060555 0.004116
-0.364735 -0.039248 1.198077 -0.041163 -0.043160 0.064615 0.058056 0.064666 0.060730 0.003702
-0.364099 -0.042488 1.199880 -0.040702 -0.042670 0.064168 0.057986 0.064240 0.060922 0.003831
-0.363369 -0.045813 1.201430 -0.040204 -0.042166 0.063707 0.057912 0.063808 0.061101 0.003760
-0.362541 -0.049220 1.202712 -0.039672 -0.041641 0.063231 0.057914 0.063350 0.061326 0.003480
-0.361612 -0.052707 1.203710 -0.039112 -0.041095 0.062797 0.058021 0.062940 0.061577 0.003613
-0.360579 -0.056270 1.204411 -0.038527 -0.040522 0.062445 0.058250 0.062634 0.061874 0.003834
-0.359437 -0.059903 1.204808 -0.037923 -0.039914 0.062211 0.058639 0.062403 0.062239 0.003879
-0.358181 -0.063599 1.204900 -0.037305 -0.039276 0.062160 0.059184 0.062348 0.062624 0.003897
-0.356806 -0.067353 1.204695 -0.036675 -0.038612 0.062234 0.059863 0.062433 0.063077 0.003751
-0.355307 -0.071157 1.204206 -0.036039 -0.037930 0.062529 0.060560 0.062661 0.063395 0.003862
-0.353678 -0.075002 1.203455 -0.035398 -0.037255 0.062937 0.061329 0.063012 0.063745 0.003906
-0.351915 -0.078879 1.202466 -0.034754 -0.036608 0.063465 0.062182 0.063548 0.064114 0.003866
-0.350015 -0.082782 1.201272 -0.034106 -0.035991 0.064103 0.063147 0.064238 0.064565 0.003871
-0.347973 -0.086703 1.199915 -0.033456 -0.035390 0.064834 0.064208 0.064999 0.065105 0.003938
-0.345789 -0.090635 1.198443 -0.032804 -0.034794 0.065660 0.065359 0.065863 0.065727 0.003844
-0.343459 -0.094575 1.196913 -0.032150 -0.034186 0.066581 0.066601 0.066807 0.066423 0.003942
-0.340983 -0.098519 1.195388 -0.031495 -0.033561 0.067607 0.067926 0.067806 0.067215 0.003949
-0.338362 -0.102467 1.193940 -0.030838 -0.032922 0.068656 0.069337 0.068835 0.068102 0.003858
-0.335596 -0.106423 1.192647 -0.030182 -0.032276 0.069737 0.070808 0.069895 0.069065 0.003942
-0.332686 -0.110389 1.191592 -0.029526 -0.031631 0.070855 0.072302 0.070949 0.070042 0.003951
-0.329634 -0.114372 1.190862 -0.028873 -0.031006 0.071940 0.073825 0.071990 0.071043 0.004041
-0.326443 -0.118381 1.190547 -0.028225 -0.030418 0.073012 0.075336 0.073007 0.072018 0.003872
-0.323118 -0.122426 1.190736 -0.027583 -0.029882 0.074046 0.076801 0.074014 0.072946 0.003887
-0.319661 -0.126517 1.191521 -0.026949 -0.029409 0.075037 0.078212 0.074957 0.073818 0.004355
-0.316078 -0.130665 1.192989 -0.026326 -0.029007 0.075889 0.079538 0.075825 0.074645 0.003871
-0.312377 -0.134880 1.195228 -0.025715 -0.028670 0.076657 0.080739 0.076533 0.075356 0.004266
-0.308567 -0.139169 1.198313 -0.025119 -0.028408 0.077215 0.081757 0.077103 0.075961 0.004433
-0.304658 -0.143535 1.202312 -0.024541 -0.028213 0.077612 0.082484 0.077481 0.076359 0.004083
-0.300664 -0.147979 1.207278 -0.023982 -0.028081 0.077722 0.082922 0.077575 0.076572 0.004373
-0.296601 -0.152493 1.213243 -0.023445 -0.028008 0.077553 0.082932 0.077422 0.076519 0.003736
-0.292487 -0.157064 1.220216 -0.022931 -0.027977 0.076969 0.082519 0.076863 0.076198 0.003725
-0.288344 -0.161672 1.228175 -0.022443 -0.027971 0.076010 0.081654 0.075913 0.075567 0.004593
-0.284190 -0.166291 1.237069 -0.021981 -0.027973 0.074663 0.080356 0.074597 0.074678 0.003730
-0.280045 -0.170890 1.246816 -0.021549 -0.027965 0.073043 0.078641 0.072991 0.073551 0.003969
-0.275928 -0.175438 1.257313 -0.021146 -0.027935 0.071243 0.076634 0.071212 0.072271 0.004377
-0.271851 -0.179900 1.268439 -0.020773 -0.027873 0.069398 0.074402 0.069375 0.070906 0.003697
-0.267823 -0.184247 1.280065 -0.020430 -0.027774 0.067617 0.072064 0.067595 0.069526 0.004084
-0.263849 -0.188453 1.292062 -0.020116 -0.027639 0.065968 0.069794 0.065938 0.068194 0.004283
-0.259928 -0.192497 1.304309 -0.019828 -0.027473 0.064528 0.067637 0.064486 0.066968 0.003736
-0.256054 -0.196368 1.316692 -0.019563 -0.027284 0.063296 0.065697 0.063232 0.065860 0.004171
-0.252221 -0.200058 1.329113 -0.019320 -0.027081 0.062287 0.063962 0.062224 0.064872 0.006785
-0.248418 -0.203566 1.341485 -0.019094 -0.026867 0.061471 0.062489 0.061423 0.064000 0.010069
-0.244636 -0.206896 1.353738 -0.018882 -0.026636 0.061019 0.061169 0.061030 0.063218 0.003478
-0.240864 -0.210057 1.365813 -0.018679 -0.026373 0.060713 0.060040 0.060788 0.062478 0.004092
-0.237093 -0.213061 1.377665 -0.018481 -0.026058 0.060531 0.059076 0.060589 0.061783 0.003735
-0.233316 -0.215919 1.389253 -0.018281 -0.025698 0.060428 0.058238 0.060439 0.061134 0.003854
-0.229525 -0.218648 1.400545 -0.018076 -0.025307 0.060351 0.057541 0.060317 0.060566 0.004214
-0.225717 -0.221260 1.411511 -0.017862 -0.024901 0.060284 0.057014 0.060251 0.060070 0.003629
-0.221885 -0.223772 1.422128 -0.017635 -0.024485 0.060279 0.056537 0.060205 0.059674 0.004503
-0.218027 -0.226198 1.432376 -0.017391 -0.024068 0.060278 0.056186 0.060190 0.059321 0.003833
-0.214140 -0.228551 1.442241 -0.017129 -0.023659 0.060309 0.055895 0.060220 0.059047 0.003657
-0.210222 -0.230845 1.451712 -0.016846 -0.023260 0.060363 0.055686 0.060240 0.058832 0.003771
-0.206272 -0.233092 1.460779 -0.016540 -0.022878 0.060412 0.055523 0.060299 0.058675 0.003678
-0.202290 -0.235304 1.469437 -0.016210 -0.022515 0.060469 0.055428 0.060346 0.058572 0.003645
-0.198274 -0.237491 1.477682 -0.015855 -0.022173 0.060542 0.055362 0.060415 0.058502 0.003959
-0.194225 -0.239663 1.485512 -0.015472 -0.021853 0.060598 0.055342 0.060490 0.058473 0.003741
-0.190143 -0.241826 1.492925 -0.015063 -0.021552 0.060654 0.055310 0.060568 0.058480 0.003742
-0.186029 -0.243990 1.499923 -0.014626 -0.021262 0.060667 0.055334 0.060590 0.058523 0.003587
-0.181883 -0.246160 1.506506 -0.014160 -0.020982 0.060697 0.055302 0.060614 0.058578 0.003771
-0.177705 -0.248340 1.512672 -0.013667 -0.020713 0.060665 0.055275 0.060617 0.058624 0.003702
-0.173497 -0.250536 1.518422 -0.013147 -0.020448 0.060587 0.055252 0.060564 0.058718 0.003575
-0.169258 -0.252749 1.523752 -0.012599 -0.020179 0.060477 0.055201 0.060483 0.058799 0.003691
-0.164988 -0.254982 1.528660 -0.012026 -0.019899 0.060315 0.055153 0.060353 0.058902 0.003780
-0.160689 -0.257236 1.533141 -0.011428 -0.019602 0.060119 0.055118 0.060161 0.059023 0.003591
-0.156358 -0.259509 1.537189 -0.010806 -0.019290 0.059903 0.055103 0.059953 0.059161 0.003786
-0.151995 -0.261802 1.540799 -0.010165 -0.018965 0.059667 0.055155 0.059725 0.059341 0.003595
-0.147599 -0.264110 1.543967 -0.009505 -0.018632 0.059473 0.055274 0.059518 0.059555 0.003603
-0.143167 -0.266429 1.546690 -0.008830 -0.018303 0.059313 0.055507 0.059335 0.059823 0.003578
-0.138696 -0.268753 1.548968 -0.008143 -0.017990 0.059187 0.055851 0.059225 0.060152 0.003672
-0.134184 -0.271075 1.550807 -0.007446 -0.017698 0.059173 0.056293 0.059206 0.060522 0.003735
-0.129626 -0.273385 1.552215 -0.006745 -0.017435 0.059247 0.056863 0.059266 0.060951 0.003698
-0.125017 -0.275675 1.553209 -0.006041 -0.017212 0.059408 0.057544 0.059415 0.061439 0.003649
-0.120355 -0.277933 1.553808 -0.005337 -0.017038 0.059663 0.058302 0.059696 0.061955 0.003700
-0.115635 -0.280147 1.554038 -0.004638 -0.016912 0.060023 0.059167 0.060055 0.062518 0.003613
-0.110852 -0.282304 1.553930 -0.003945 -0.016837 0.060470 0.060089 0.060538 0.063095 0.003729
-0.106004 -0.284393 1.553520 -0.003260 -0.016804 0.060996 0.061087 0.061097 0.063710 0.003717
-0.101089 -0.286399 1.552848 -0.002586 -0.016803 0.061578 0.062128 0.061718 0.064355 0.003713
-0.096103 -0.288312 1.551959 -0.001925 -0.016824 0.062259 0.063191 0.062401 0.064985 0.003581
-0.091047 -0.290122 1.550902 -0.001279 -0.016863 0.062926 0.064291 0.063114 0.065641 0.003662
-0.085920 -0.291818 1.549726 -0.000647 -0.016886 0.063531 0.065193 0.064021 0.066021 0.003599
-0.080723 -0.293395 1.548479 -0.000032 -0.016803 0.064296 0.066147 0.064900 0.066500 0.003577
-0.075457 -0.294846 1.547214 0.000570 -0.016569 0.065204 0.067095 0.065702 0.066982 0.003668
-0.070124 -0.296168 1.545987 0.001157 -0.016207 0.066163 0.068046 0.066539 0.067469 0.003781
-0.064727 -0.297362 1.544853 0.001733 -0.015761 0.067072 0.069013 0.067355 0.068008 0.003620
-0.059270 -0.298429 1.543870 0.002297 -0.015267 0.068012 0.069969 0.068184 0.068551 0.003816
-0.053757 -0.299372 1.543098 0.002851 -0.014760 0.068924 0.070917 0.069065 0.069070 0.006855
-0.048190 -0.300199 1.542594 0.003396 -0.014257 0.069817 0.071863 0.069895 0.069650 0.003702
-0.042574 -0.300916 1.542419 0.003933 -0.013773 0.070664 0.072790 0.070739 0.070196 0.006979
-0.036911 -0.301534 1.542630 0.004463 -0.013309 0.071477 0.073693 0.071558 0.070748 0.007966
-0.031205 -0.302063 1.543286 0.004985 -0.012855 0.072254 0.074539 0.072371 0.071234 0.003604
-0.025457 -0.302514 1.544442 0.005503 -0.012392 0.072988 0.075352 0.073137 0.071691 0.003514
-0.019669 -0.302899 1.546151 0.006015 -0.011901 0.073650 0.076116 0.073834 0.072110 0.003563
-0.013844 -0.303229 1.548463 0.006524 -0.011357 0.074252 0.076783 0.074474 0.072461 0.003475
-0.007985 -0.303514 1.551425 0.007030 -0.010739 0.074749 0.077334 0.074998 0.072752 0.003600
-0.002095 -0.303762 1.555074 0.007534 -0.010026 0.075095 0.077744 0.075370 0.072972 0.003548
0.003821 -0.303981 1.559439 0.008037 -0.009197 0.075275 0.077945 0.075582 0.073072 0.003492
0.009758 -0.304174 1.564538 0.008538 -0.008231 0.075220 0.077929 0.075562 0.073089 0.003978
0.015707 -0.304342 1.570372 0.009038 -0.007107 0.074991 0.077599 0.075341 0.072929 0.004062
0.021660 -0.304482 1.576927 0.009536 -0.005817 0.074499 0.077016 0.074813 0.072633 0.003549
0.027607 -0.304590 1.584170 0.010033 -0.004374 0.073781 0.076129 0.074004 0.072166 0.003715
0.033537 -0.304659 1.592048 0.010526 -0.002814 0.072829 0.074989 0.072930 0.071530 0.004740
0.039441 -0.304680 1.600493 0.011016 -0.001187 0.071717 0.073613 0.071691 0.070746 0.003896
0.045310 -0.304645 1.609419 0.011501 0.000451 0.070501 0.072107 0.070308 0.069877 0.004048
0.051141 -0.304546 1.618737 0.011981 0.002039 0.069198 0.070541 0.068901 0.068974 0.003730
0.056929 -0.304376 1.628352 0.012455 0.003531 0.067924 0.069012 0.067524 0.068087 0.003720
0.062674 -0.304128 1.638170 0.012921 0.004888 0.066747 0.067530 0.066250 0.067232 0.003866
0.068379 -0.303801 1.648107 0.013380 0.006077 0.065645 0.066176 0.065107 0.066432 0.003611
0.074045 -0.303392 1.658082 0.013831 0.007087 0.064661 0.064947 0.064167 0.065693 0.003571
0.079678 -0.302902 1.668028 0.014275 0.007931 0.063806 0.063943 0.063353 0.065067 0.003593
0.085280 -0.302333 1.677885 0.014711 0.008628 0.063125 0.063026 0.062723 0.064508 0.003593
0.090857 -0.301687 1.687604 0.015140 0.009208 0.062479 0.062294 0.062285 0.064019 0.003648
0.096410 -0.300969 1.697148 0.015563 0.009742 0.061990 0.061667 0.062055 0.063616 0.003576
0.101940 -0.300182 1.706485 0.015981 0.010311 0.061703 0.061206 0.061805 0.063280 0.003571
0.107446 -0.299331 1.715595 0.016394 0.010931 0.061551 0.060806 0.061552 0.062988 0.003755
0.112928 -0.298420 1.724459 0.016805 0.011573 0.061400 0.060489 0.061318 0.062700 0.003745
0.118384 -0.297453 1.733063 0.017214 0.012205 0.061245 0.060237 0.061129 0.062468 0.003993
0.123814 -0.296433 1.741393 0.017622 0.012808 0.061125 0.060016 0.060976 0.062263 0.003608
0.129217 -0.295365 1.749438 0.018029 0.013369 0.061025 0.059857 0.060846 0.062097 0.003618
0.134592 -0.294250 1.757190 0.018435 0.013876 0.060914 0.059754 0.060748 0.061979 0.003627
0.139940 -0.293091 1.764642 0.018841 0.014330 0.060845 0.059677 0.060690 0.061896 0.003659
0.145258 -0.291890 1.771789 0.019247 0.014733 0.060783 0.059652 0.060654 0.061847 0.003913
0.150547 -0.290649 1.778631 0.019653 0.015093 0.060741 0.059682 0.060628 0.061850 0.003534
0.155805 -0.289369 1.785165 0.020057 0.015412 0.060742 0.059726 0.060624 0.061875 0.003619
0.161031 -0.288049 1.791395 0.020461 0.015690 0.060730 0.059812 0.060640 0.061931 0.003641
0.166224 -0.286691 1.797323 0.020863 0.015931 0.060772 0.059917 0.060683 0.062002 0.003743
0.171383 -0.285292 1.802954 0.021264 0.016138 0.060798 0.060061 0.060744 0.062093 0.003662
0.176506 -0.283854 1.808295 0.021661 0.016319 0.060846 0.060251 0.060809 0.062235 0.003587
0.181592 -0.282373 1.813353 0.022056 0.016480 0.060922 0.060455 0.060903 0.062381 0.004510
0.186639 -0.280849 1.818136 0.022446 0.016625 0.061019 0.060692 0.061004 0.062549 0.004168
0.191646 -0.279279 1.822657 0.022832 0.016756 0.061130 0.060939 0.061151 0.062717 0.003549
0.196611 -0.277661 1.826927 0.023212 0.016884 0.061262 0.061232 0.061304 0.062920 0.003602
0.201533 -0.275992 1.830958 0.023586 0.017013 0.061411 0.061559 0.061452 0.063150 0.003499
0.206411 -0.274271 1.834767 0.023952 0.017145 0.061582 0.061898 0.061644 0.063375 0.003502
0.211241 -0.272493 1.838369 0.024310 0.017286 0.061771 0.062265 0.061849 0.063618 0.003515
0.216023 -0.270657 1.841780 0.024659 0.017440 0.062009 0.062644 0.062078 0.063866 0.003688
0.220755 -0.268759 1.845021 0.024998 0.017605 0.062239 0.063050 0.062323 0.064126 0.003513
0.225435 -0.266796 1.848110 0.025327 0.017788 0.062497 0.063470 0.062620 0.064388 0.003528
0.230060 -0.264767 1.851069 0.025645 0.017998 0.062797 0.063922 0.062902 0.064676 0.003483
0.234630 -0.262668 1.853920 0.025950 0.018231 0.063102 0.064392 0.063175 0.064982 0.004012
0.239141 -0.260498 1.856686 0.026243 0.018480 0.063395 0.064849 0.063505 0.065262 0.003863
0.243593 -0.258255 1.859391 0.026523 0.018753 0.063750 0.065328 0.063858 0.065552 0.004079
0.247983 -0.255937 1.862060 0.026789 0.019052 0.064110 0.065801 0.064198 0.065848 0.003806
0.252309 -0.253544 1.864717 0.027041 0.019372 0.064448 0.066279 0.064537 0.066155 0.003610
0.256569 -0.251075 1.867388 0.027279 0.019715 0.064795 0.066761 0.064894 0.066450 0.003639
0.260763 -0.248530 1.870098 0.027502 0.020082 0.065176 0.067212 0.065260 0.066733 0.003481
0.264887 -0.245908 1.872872 0.027710 0.020471 0.065531 0.067642 0.065596 0.067012 0.003485
0.268942 -0.243211 1.875733 0.027903 0.020876 0.065844 0.068054 0.065904 0.067287 0.003476
0.272924 -0.240439 1.878705 0.028080 0.021298 0.066128 0.068424 0.066218 0.067528 0.003618
0.276835 -0.237592 1.881808 0.028242 0.021748 0.066416 0.068748 0.066514 0.067746 0.004109
0.280672 -0.234673 1.885061 0.028388 0.022229 0.066668 0.069034 0.066753 0.067946 0.003871
0.284433 -0.231682 1.888479 0.028519 0.022739 0.066868 0.069265 0.066925 0.068132 0.003578
0.288120 -0.228620 1.892077 0.028635 0.023270 0.067002 0.069421 0.067070 0.068259 0.003703
0.291730 -0.225490 1.895863 0.028734 0.023825 0.067111 0.069504 0.067177 0.068340 0.003567
0.295263 -0.222291 1.899843 0.028818 0.024404 0.067156 0.069528 0.067217 0.068388 0.003719
0.298718 -0.219026 1.904019 0.028886 0.025007 0.067160 0.069475 0.067216 0.068391 0.003563
0.302094 -0.215695 1.908390 0.028939 0.025632 0.067127 0.069357 0.067177 0.068339 0.003510
0.305391 -0.212299 1.912950 0.028978 0.026275 0.067051 0.069190 0.067066 0.068268 0.003692
0.308608 -0.208840 1.917692 0.029001 0.026924 0.066911 0.068981 0.066893 0.068172 0.003574
0.311744 -0.205318 1.922603 0.029010 0.027569 0.066720 0.068727 0.066717 0.068034 0.003490
0.314798 -0.201733 1.927669 0.029005 0.028209 0.066541 0.068449 0.066512 0.067878 0.003554
0.317771 -0.198088 1.932877 0.028985 0.028839 0.066355 0.068138 0.066303 0.067683 0.006630
0.320661 -0.194381 1.938210 0.028952 0.029447 0.066145 0.067831 0.066068 0.067504 0.003661
0.323468 -0.190616 1.943651 0.028905 0.030024 0.065939 0.067516 0.065840 0.067299 0.003589
0.326192 -0.186791 1.949184 0.028846 0.030564 0.065709 0.067227 0.065608 0.067116 0.003680
0.328832 -0.182909 1.954792 0.028773 0.031061 0.065508 0.066948 0.065383 0.066936 0.003787
0.331388 -0.178970 1.960461 0.028688 0.031511 0.065318 0.066677 0.065191 0.066750 0.003710
0.333859 -0.174975 1.966175 0.028590 0.031911 0.065116 0.066454 0.065009 0.066594 0.003574
0.336247 -0.170926 1.971922 0.028480 0.032266 0.064974 0.066246 0.064838 0.066447 0.003627
0.338549 -0.166823 1.977690 0.028358 0.032573 0.064822 0.066056 0.064717 0.066303 0.004369
0.340767 -0.162668 1.983470 0.028223 0.032836 0.064705 0.065910 0.064592 0.066186 0.003739
0.342900 -0.158461 1.989254 0.028077 0.033057 0.064594 0.065781 0.064500 0.066085 0.003739
0.344947 -0.154205 1.995035 0.027920 0.033244 0.064509 0.065681 0.064436 0.066003 0.003484
0.346909 -0.149900 2.000807 0.027751 0.033400 0.064488 0.065588 0.064376 0.065920 0.003495
0.348784 -0.145548 2.006567 0.027571 0.033519 0.064426 0.065527 0.064329 0.065858 0.003473
0.350574 -0.141149 2.012311 0.027380 0.033604 0.064374 0.065483 0.064324 0.065799 0.003491
0.352276 -0.136705 2.018038 0.027178 0.033671 0.064360 0.065455 0.064325 0.065774 0.003542
0.353891 -0.132218 2.023746 0.026965 0.033727 0.064378 0.065436 0.064334 0.065739 0.003487
0.355419 -0.127688 2.029437 0.026742 0.033773 0.064369 0.065447 0.064344 0.065730 0.003541
0.356858 -0.123117 2.035110 0.026509 0.033813 0.064388 0.065461 0.064359 0.065719 0.003667
0.358208 -0.118506 2.040768 0.026266 0.033847 0.064414 0.065470 0.064378 0.065726 0.003801
0.359469 -0.113857 2.046411 0.026012 0.033874 0.064447 0.065475 0.064412 0.065716 0.003700
0.360640 -0.109170 2.052042 0.025749 0.033894 0.064490 0.065480 0.064459 0.065710 0.003538
0.361721 -0.104447 2.057663 0.025477 0.033910 0.064511 0.065512 0.064498 0.065716 0.003614
0.362711 -0.099690 2.063275 0.025195 0.033926 0.064553 0.065541 0.064532 0.065726 0.003538
0.363610 -0.094899 2.068882 0.024904 0.033942 0.064597 0.065558 0.064568 0.065739 0.003533
0.364418 -0.090076 2.074485 0.024604 0.033956 0.064644 0.065566 0.064613 0.065744 0.003472
0.365133 -0.085222 2.080088 0.024296 0.033966 0.064697 0.065572 0.064670 0.065739 0.003523
0.365756 -0.080340 2.085692 0.023979 0.033974 0.064757 0.065570 0.064728 0.065738 0.006350
0.366286 -0.075430 2.091300 0.023655 0.033980 0.064793 0.065596 0.064759 0.065749 0.007110
0.366723 -0.070493 2.096915 0.023323 0.033983 0.064853 0.065583 0.064825 0.065748 0.007186
0.367066 -0.065532 2.102538 0.022984 0.033985 0.064894 0.065599 0.064873 0.065754 0.007038
0.367317 -0.060548 2.108173 0.022639 0.033987 0.064943 0.065608 0.064911 0.065759 0.007019
0.367473 -0.055543 2.113820 0.022287 0.033989 0.065023 0.065579 0.064987 0.065738 0.015215
0.367535 -0.050517 2.119484 0.021930 0.033988 0.065070 0.065574 0.065047 0.065735 0.015883
0.367502 -0.045474 2.125166 0.021568 0.033988 0.065129 0.065573 0.065088 0.065743 0.007082
0.367376 -0.040415 2.130868 0.021201 0.033984 0.065178 0.065568 0.065146 0.065744 0.006702
0.367154 -0.035340 2.136592 0.020830 0.033980 0.065233 0.065559 0.065206 0.065739 0.004720
0.366838 -0.030254 2.142341 0.020456 0.033975 0.065295 0.065547 0.065256 0.065741 0.004455
0.366426 -0.025156 2.148118 0.020078 0.033970 0.065349 0.065533 0.065323 0.065738 0.003601
0.365919 -0.020050 2.153924 0.019698 0.033965 0.065416 0.065522 0.065381 0.065741 0.003606
0.365317 -0.014936 2.159763 0.019316 0.033961 0.065477 0.065507 0.065439 0.065741 0.003641
0.364620 -0.009818 2.165636 0.018932 0.033955 0.065538 0.065493 0.065508 0.065738 0.003493
0.363827 -0.004698 2.171546 0.018548 0.033951 0.065601 0.065478 0.065570 0.065743 0.003475
0.362938 0.000423 2.177496 0.018163 0.033948 0.065666 0.065466 0.065624 0.065758 0.003811
0.361953 0.005541 2.183489 0.017779 0.033943 0.065723 0.065455 0.065696 0.065768 0.004210
0.360872 0.010656 2.189527 0.017395 0.033942 0.065791 0.065450 0.065758 0.065778 0.004298
0.359696 0.015763 2.195614 0.017013 0.033942 0.065851 0.065440 0.065813 0.065796 0.003702
0.358423 0.020860 2.201753 0.016633 0.033941 0.065911 0.065433 0.065862 0.065825 0.003888
0.357054 0.025946 2.207947 0.016255 0.033938 0.065994 0.065400 0.065955 0.065834 0.003694
0.355589 0.031016 2.214199 0.015880 0.033934 0.066054 0.065407 0.066039 0.065856 0.004318
0.354028 0.036068 2.220513 0.015508 0.033938 0.066149 0.065384 0.066104 0.065872 0.004120
0.352372 0.041098 2.226894 0.015141 0.033942 0.066196 0.065392 0.066164 0.065918 0.007041
0.350619 0.046103 2.233344 0.014778 0.033949 0.066273 0.065377 0.066234 0.065942 0.006831
0.348770 0.051080 2.239868 0.014420 0.033958 0.066340 0.065361 0.066320 0.065974 0.007217
0.346826 0.056025 2.246471 0.014068 0.033976 0.066416 0.065358 0.066388 0.066001 0.003893
0.344786 0.060935 2.253155 0.013722 0.034000 0.066509 0.065320 0.066465 0.066018 0.003777
0.342651 0.065804 2.259925 0.013382 0.034026 0.066546 0.065341 0.066522 0.066062 0.003871
0.340422 0.070628 2.266786 0.013050 0.034060 0.066582 0.065368 0.066552 0.066120 0.003844
0.338099 0.075404 2.273741 0.012725 0.034098 0.066581 0.065428 0.066530 0.066191 0.004545
0.335682 0.080126 2.280793 0.012406 0.034135 0.066573 0.065443 0.066510 0.066252 0.003698
0.333173 0.084790 2.287946 0.012093 0.034165 0.066578 0.065441 0.066530 0.066284 0.003711
0.330574 0.089390 2.295201 0.011786 0.034195 0.066539 0.065470 0.066508 0.066314 0.003545
0.327885 0.093922 2.302560 0.011484 0.034229 0.066520 0.065468 0.066465 0.066330 0.003498
0.325108 0.098380 2.310024 0.011187 0.034260 0.066440 0.065489 0.066366 0.066337 0.003479
0.322245 0.102759 2.317591 0.010894 0.034280 0.066363 0.065438 0.066286 0.066277 0.003705
0.319300 0.107053 2.325259 0.010606 0.034288 0.066228 0.065410 0.066157 0.066198 0.003708
0.316274 0.111259 2.333023 0.010320 0.034283 0.066083 0.065331 0.065989 0.066083 0.003689
0.313171 0.115370 2.340874 0.010038 0.034260 0.065851 0.065276 0.065779 0.065939 0.003567
0.309995 0.119382 2.348804 0.009757 0.034225 0.065631 0.065134 0.065545 0.065700 0.003755
0.306749 0.123292 2.356799 0.009477 0.034173 0.065330 0.064992 0.065235 0.065415 0.003484
0.303437 0.127096 2.364842 0.009199 0.034102 0.064977 0.064783 0.064889 0.065059 0.003739
0.300063 0.130791 2.372912 0.008920 0.034012 0.064573 0.064547 0.064484 0.064619 0.003596
0.296631 0.134376 2.380983 0.008641 0.033906 0.064082 0.064258 0.064013 0.064088 0.003630
0.293146 0.137850 2.389027 0.008361 0.033791 0.063563 0.063893 0.063490 0.063457 0.003574
0.289610 0.141215 2.397008 0.008080 0.033666 0.062958 0.063482 0.062895 0.062686 0.003491
0.286027 0.144473 2.404885 0.007797 0.033537 0.062260 0.063031 0.062215 0.061809 0.003591
0.282399 0.147628 2.412613 0.007513 0.033411 0.061483 0.062508 0.061460 0.060779 0.003493
0.278728 0.150686 2.420140 0.007228 0.033300 0.060619 0.061941 0.060620 0.059589 0.003673
0.275013 0.153655 2.427407 0.006941 0.033213 0.059662 0.061331 0.059687 0.058197 0.003848
0.271255 0.156545 2.434348 0.006654 0.033160 0.058595 0.060689 0.058647 0.056616 0.004097
0.267451 0.159370 2.440894 0.006366 0.033153 0.057431 0.060049 0.057528 0.054841 0.003975
0.263600 0.162145 2.446965 0.006078 0.033208 0.056216 0.059422 0.056357 0.052952 0.003922
0.259699 0.164887 2.452484 0.005790 0.033337 0.055068 0.058821 0.055200 0.051039 0.003873
0.255745 0.167615 2.457371 0.005502 0.033534 0.054042 0.058238 0.054186 0.049311 0.003768
0.251738 0.170350 2.461554 0.005216 0.033793 0.053227 0.057758 0.053352 0.047946 0.003730
0.247680 0.173113 2.464972 0.004930 0.034098 0.052681 0.057375 0.052760 0.047058 0.003934
0.243575 0.175920 2.467578 0.004647 0.034427 0.052431 0.057090 0.052557 0.046629 0.003823
0.239435 0.178789 2.469339 0.004366 0.034785 0.052487 0.056967 0.052665 0.046633 0.003739
0.235271 0.181729 2.470239 0.004089 0.035188 0.052843 0.057010 0.053104 0.046986 0.003815
0.231100 0.184749 2.470277 0.003817 0.035661 0.053459 0.057242 0.053781 0.047671 0.003902
0.226943 0.187850 2.469466 0.003551 0.036222 0.054308 0.057668 0.054699 0.048659 0.004182
0.222821 0.191029 2.467832 0.003293 0.036893 0.055398 0.058240 0.055826 0.049906 0.004826
0.218758 0.194279 2.465418 0.003045 0.037684 0.056682 0.058943 0.057146 0.051385 0.004479
0.214776 0.197589 2.462276 0.002809 0.038604 0.058128 0.059775 0.058577 0.053122 0.005051
0.210897 0.200941 2.458476 0.002586 0.039647 0.059684 0.060734 0.060115 0.055086 0.003742
0.207137 0.204319 2.454098 0.002377 0.040804 0.061357 0.061766 0.061730 0.057225 0.003856
0.203508 0.207700 2.449230 0.002184 0.042013 0.062844 0.062476 0.062626 0.059434 0.003868
0.200017 0.211065 2.443957 0.002004 0.043071 0.064156 0.063275 0.063492 0.061863 0.003906
0.196660 0.214395 2.438369 0.001835 0.043820 0.065328 0.064368 0.064761 0.064408 0.003835
0.193427 0.217671 2.432572 0.001670 0.044289 0.066493 0.065706 0.066265 0.066937 0.003743
0.190301 0.220883 2.426683 0.001507 0.044610 0.067770 0.067213 0.067839 0.069431 0.003996
0.187262 0.224024 2.420830 0.001338 0.044914 0.069159 0.068874 0.069450 0.071892 0.003848
0.184288 0.227095 2.415150 0.001160 0.045300 0.070671 0.070612 0.071099 0.074257 0.003997
0.181356 0.230102 2.409784 0.000968 0.045833 0.072266 0.072383 0.072762 0.076510 0.004026
0.178439 0.233058 2.404877 0.000757 0.046543 0.073938 0.074083 0.074424 0.078560 0.004133
0.175513 0.235979 2.400574 0.000525 0.047428 0.075636 0.075632 0.076021 0.080411 0.003763
0.172553 0.238885 2.397013 0.000272 0.048446 0.077299 0.076956 0.077538 0.081953 0.003841
0.169533 0.241795 2.394324 -0.000002 0.049527 0.078823 0.077989 0.078811 0.083271 0.003786
0.166432 0.244731 2.392619 -0.000295 0.050557 0.080196 0.078746 0.079900 0.084281 0.003919
0.163227 0.247709 2.391995 -0.000604 0.051409 0.081289 0.079276 0.080796 0.085046 0.003740
0.159900 0.250741 2.392530 -0.000925 0.051984 0.082120 0.079541 0.081473 0.085483 0.004447
0.156436 0.253835 2.394280 -0.001254 0.052211 0.082640 0.079527 0.081922 0.085553 0.003766
0.152823 0.256988 2.397279 -0.001586 0.052052 0.082854 0.079195 0.082064 0.085258 0.003729
0.149058 0.260193 2.401534 -0.001917 0.051476 0.082727 0.078600 0.081873 0.084620 0.003735
0.145137 0.263433 2.407024 -0.002240 0.050463 0.082211 0.077783 0.081361 0.083650 0.003723
0.141067 0.266684 2.413705 -0.002554 0.049024 0.081355 0.076719 0.080584 0.082324 0.003537
0.136856 0.269916 2.421505 -0.002852 0.047203 0.080148 0.075408 0.079482 0.080651 0.003492
0.132516 0.273095 2.430329 -0.003133 0.045070 0.078568 0.073866 0.078127 0.078637 0.003478
0.128062 0.276186 2.440057 -0.003394 0.042734 0.076715 0.072102 0.076517 0.076337 0.003478
0.123510 0.279154 2.450551 -0.003632 0.040315 0.074689 0.070230 0.074743 0.073887 0.003474
0.118876 0.281967 2.461662 -0.003845 0.037933 0.072573 0.068415 0.072884 0.071429 0.003619
0.114171 0.284596 2.473240 -0.004032 0.035698 0.070497 0.066732 0.071022 0.069109 0.004066
0.109408 0.287019 2.485144 -0.004195 0.033701 0.068563 0.065256 0.069282 0.067013 0.005128
0.104592 0.289217 2.497244 -0.004333 0.032013 0.066823 0.064043 0.067636 0.065218 0.003786
0.099728 0.291180 2.509427 -0.004449 0.030667 0.065341 0.063073 0.066163 0.063733 0.004627
0.094821 0.292900 2.521597 -0.004546 0.029656 0.064137 0.062318 0.064867 0.062549 0.007059
0.089872 0.294375 2.533677 -0.004627 0.028943 0.063138 0.061794 0.063771 0.061655 0.007044
0.084882 0.295606 2.545602 -0.004693 0.028481 0.062370 0.061423 0.062826 0.060994 0.006733
0.079855 0.296595 2.557326 -0.004748 0.028203 0.061775 0.061187 0.062080 0.060533 0.003773
0.074793 0.297350 2.568810 -0.004794 0.028048 0.061298 0.061084 0.061455 0.060235 0.004108
0.069700 0.297878 2.580027 -0.004835 0.027958 0.060931 0.061058 0.060968 0.060065 0.004017
0.064578 0.298187 2.590958 -0.004873 0.027887 0.060632 0.061118 0.060566 0.059997 0.003804
0.059431 0.298288 2.601589 -0.004911 0.027795 0.060401 0.061215 0.060268 0.060004 0.004070
0.054263 0.298192 2.611912 -0.004951 0.027642 0.060345 0.061346 0.059930 0.060031 0.003757
0.049079 0.297908 2.621923 -0.004995 0.027342 0.060314 0.061532 0.059770 0.060119 0.003824
0.043882 0.297449 2.631622 -0.005045 0.026850 0.060195 0.061751 0.059733 0.060257 0.003829
0.038678 0.296826 2.641013 -0.005103 0.026188 0.060061 0.061939 0.059752 0.060393 0.003848
0.033470 0.296052 2.650098 -0.005171 0.025409 0.059917 0.062120 0.059751 0.060539 0.003859
0.028261 0.295137 2.658882 -0.005251 0.024566 0.059841 0.062240 0.059777 0.060649 0.003890
0.023050 0.294093 2.667365 -0.005344 0.023698 0.059782 0.062369 0.059782 0.060770 0.003856
0.017838 0.292929 2.675550 -0.005450 0.022831 0.059742 0.062524 0.059766 0.060906 0.004650
0.012625 0.291655 2.683441 -0.005572 0.021975 0.059742 0.062669 0.059774 0.061052 0.003593
0.007410 0.290281 2.691041 -0.005710 0.021136 0.059777 0.062808 0.059821 0.061206 0.003625
0.002190 0.288816 2.698355 -0.005866 0.020318 0.059847 0.062941 0.059904 0.061357 0.003667
-0.003034 0.287268 2.705390 -0.006039 0.019525 0.059931 0.063101 0.059978 0.061524 0.003589
-0.008265 0.285646 2.712152 -0.006231 0.018756 0.060038 0.063259 0.060085 0.061702 0.003706
-0.013503 0.283956 2.718650 -0.006442 0.018011 0.060176 0.063405 0.060219 0.061888 0.003646
-0.018752 0.282206 2.724893 -0.006673 0.017286 0.060321 0.063584 0.060354 0.062080 0.003599
-0.024012 0.280403 2.730890 -0.006923 0.016579 0.060487 0.063751 0.060505 0.062285 0.003611
-0.029285 0.278552 2.736653 -0.007193 0.015883 0.060680 0.063913 0.060687 0.062486 0.003596
-0.034572 0.276660 2.742192 -0.007483 0.015196 0.060864 0.064094 0.060876 0.062702 0.003655
-0.039875 0.274731 2.747520 -0.007794 0.014514 0.061076 0.064265 0.061062 0.062911 0.003578
-0.045194 0.272771 2.752649 -0.008125 0.013831 0.061311 0.064429 0.061278 0.063113 0.003619
-0.050531 0.270784 2.757593 -0.008475 0.013139 0.061514 0.064611 0.061509 0.063339 0.003589
-0.055887 0.268774 2.762364 -0.008846 0.012443 0.061745 0.064775 0.061724 0.063541 0.003632
-0.061261 0.266745 2.766977 -0.009236 0.011739 0.061991 0.064924 0.061969 0.063740 0.003533
-0.066656 0.264701 2.771444 -0.009645 0.011025 0.062226 0.065090 0.062192 0.063945 0.003620
-0.072071 0.262645 2.775779 -0.010073 0.010296 0.062467 0.065242 0.062440 0.064145 0.003485
-0.077505 0.260579 2.779997 -0.010519 0.009552 0.062713 0.065370 0.062698 0.064333 0.003522
-0.082960 0.258507 2.784111 -0.010983 0.008797 0.062950 0.065514 0.062934 0.064523 0.003540
-0.088436 0.256431 2.788133 -0.011465 0.008030 0.063182 0.065640 0.063187 0.064707 0.003590
-0.093931 0.254353 2.792078 -0.011962 0.007255 0.063442 0.065745 0.063427 0.064860 0.003566
-0.099445 0.252275 2.795959 -0.012475 0.006468 0.063668 0.065869 0.063670 0.065039 0.003692
-0.104978 0.250199 2.799787 -0.013003 0.005671 0.063903 0.065973 0.063909 0.065189 0.003586
-0.110530 0.248125 2.803576 -0.013544 0.004865 0.064142 0.066059 0.064152 0.065327 0.003490
-0.116098 0.246056 2.807337 -0.014099 0.004050 0.064371 0.066156 0.064363 0.065465 0.003685
-0.121683 0.243992 2.811082 -0.014666 0.003220 0.064585 0.066244 0.064599 0.065600 0.003555
-0.127283 0.241935 2.814823 -0.015244 0.002377 0.064798 0.066334 0.064778 0.065725 0.003774
-0.132897 0.239885 2.818569 -0.015832 0.001509 0.065051 0.066386 0.065000 0.065816 0.003481
-0.138523 0.237843 2.822332 -0.016429 0.000601 0.065276 0.066482 0.065175 0.065931 0.003558
-0.144159 0.235810 2.826124 -0.017035 -0.000361 0.065494 0.066546 0.065423 0.066030 0.003544
-0.149804 0.233787 2.829955 -0.017647 -0.001375 0.065690 0.066599 0.065622 0.066116 0.003632
-0.155454 0.231774 2.833834 -0.018266 -0.002436 0.065878 0.066636 0.065822 0.066191 0.003496
-0.161109 0.229772 2.837772 -0.018889 -0.003541 0.066029 0.066682 0.065992 0.066255 0.003476
-0.166764 0.227781 2.841777 -0.019517 -0.004684 0.066168 0.066701 0.066146 0.066301 0.003808
-0.172418 0.225802 2.845854 -0.020147 -0.005860 0.066295 0.066722 0.066246 0.066342 0.003487
-0.178068 0.223835 2.850010 -0.020780 -0.007076 0.066390 0.066734 0.066379 0.066379 0.003483
-0.183710 0.221881 2.854251 -0.021414 -0.008323 0.066499 0.066702 0.066472 0.066374 0.003656
-0.189341 0.219939 2.858578 -0.022048 -0.009603 0.066572 0.066690 0.066560 0.066388 0.003476
-0.194959 0.218010 2.862997 -0.022682 -0.010911 0.066622 0.066648 0.066639 0.066376 0.003663
-0.200560 0.216094 2.867508 -0.023316 -0.012238 0.066654 0.066608 0.066672 0.066359 0.003547
-0.206140 0.214192 2.872113 -0.023948 -0.013584 0.066691 0.066545 0.066696 0.066325 0.003487
-0.211696 0.212302 2.876811 -0.024577 -0.014951 0.066722 0.066455 0.066730 0.066284 0.003476
-0.217224 0.210425 2.881601 -0.025204 -0.016339 0.066724 0.066370 0.066741 0.066244 0.003615
-0.222722 0.208561 2.886482 -0.025826 -0.017746 0.066723 0.066264 0.066750 0.066184 0.003637
-0.228184 0.206709 2.891452 -0.026445 -0.019165 0.066684 0.066170 0.066750 0.066126 0.003657
-0.233608 0.204867 2.896508 -0.027059 -0.020583 0.066654 0.066036 0.066715 0.066040 0.003665
-0.238989 0.203036 2.901644 -0.027667 -0.022003 0.066621 0.065917 0.066658 0.065964 0.003513
-0.244324 0.201214 2.906857 -0.028269 -0.023430 0.066583 0.065776 0.066618 0.065886 0.003576
-0.249609 0.199400 2.912141 -0.028865 -0.024865 0.066518 0.065657 0.066586 0.065806 0.003543
-0.254840 0.197591 2.917492 -0.029454 -0.026297 0.066451 0.065504 0.066540 0.065709 0.003473
-0.260014 0.195787 2.922902 -0.030035 -0.027715 0.066401 0.065325 0.066501 0.065586 0.003482
-0.265127 0.193984 2.928366 -0.030608 -0.029117 0.066344 0.065147 0.066425 0.065470 0.003575
-0.270176 0.192180 2.933876 -0.031171 -0.030506 0.066267 0.065006 0.066363 0.065368 0.003610
-0.275157 0.190374 2.939424 -0.031726 -0.031876 0.066185 0.064841 0.066310 0.065249 0.003631
-0.280066 0.188561 2.945005 -0.032270 -0.033219 0.066147 0.064649 0.066241 0.065109 0.004635
-0.284902 0.186739 2.950609 -0.032803 -0.034538 0.066057 0.064528 0.066185 0.065005 0.003507
-0.289660 0.184905 2.956231 -0.033324 -0.035826 0.066011 0.064346 0.066130 0.064863 0.003475
-0.294337 0.183055 2.961862 -0.033834 -0.037083 0.065970 0.064190 0.066091 0.064737 0.003649
-0.298932 0.181185 2.967495 -0.034330 -0.038304 0.065902 0.064059 0.066055 0.064614 0.003670
-0.303441 0.179293 2.973125 -0.034812 -0.039483 0.065868 0.063908 0.066006 0.064480 0.003508
-0.307861 0.177375 2.978744 -0.035280 -0.040619 0.065833 0.063786 0.065970 0.064361 0.003571
-0.312191 0.175427 2.984347 -0.035733 -0.041713 0.065810 0.063654 0.065957 0.064238 0.003484
-0.316429 0.173445 2.989927 -0.036169 -0.042761 0.065793 0.063537 0.065930 0.064122 0.003484
-0.320572 0.171427 2.995479 -0.036589 -0.043762 0.065760 0.063465 0.065921 0.064018 0.003587
-0.324619 0.169368 3.001000 -0.036991 -0.044710 0.065752 0.063363 0.065907 0.063911 0.003573
-0.328567 0.167266 3.006483 -0.037375 -0.045603 0.065739 0.063297 0.065910 0.063815 0.003556
-0.332416 0.165118 3.011926 -0.037740 -0.046436 0.065757 0.063210 0.065920 0.063705 0.003477
-0.336163 0.162920 3.017325 -0.038085 -0.047213 0.065789 0.063141 0.065918 0.063622 0.003488
-0.339809 0.160670 3.022678 -0.038410 -0.047941 0.065819 0.063075 0.065969 0.063545 0.003483
-0.343351 0.158366 3.027981 -0.038713 -0.048615 0.065831 0.063059 0.065982 0.063471 0.003596
-0.346789 0.156004 3.033234 -0.038994 -0.049236 0.065899 0.063003 0.066024 0.063393 0.003603
-0.350121 0.153583 3.038436 -0.039252 -0.049808 0.065925 0.062996 0.066061 0.063355 0.003473
-0.353347 0.151100 3.043587 -0.039487 -0.050329 0.065956 0.062983 0.066114 0.063305 0.003664
-0.356466 0.148554 3.048685 -0.039698 -0.050793 0.066012 0.062972 0.066126 0.063257 0.003589
-0.359478 0.145943 3.053731 -0.039884 -0.051213 0.066089 0.062968 0.066186 0.063212 0.003643
-0.362381 0.143266 3.058726 -0.040045 -0.051593 0.066129 0.062979 0.066257 0.063194 0.003560
-0.365176 0.140520 3.063671 -0.040180 -0.051926 0.066187 0.062995 0.066287 0.063166 0.003475
