0.300000 0.000000 0.040000 0.000000 0.000000 0.065500 0.065500 0.065500 0.065500 0.004377
0.300000 0.000000 0.040010 0.000000 0.000000 0.066199 0.066199 0.066199 0.066199 0.005768
0.300000 -0.000000 0.040005 0.000021 0.000127 0.067339 0.054055 0.069010 0.054591 0.005954
0.300000 0.000000 0.039805 0.000139 0.000809 0.069742 0.046360 0.070811 0.061410 0.005951
0.299998 0.000001 0.039461 0.000374 0.002024 0.070413 0.055854 0.071956 0.065907 0.007791
0.299993 0.000006 0.039173 0.000697 0.003827 0.071704 0.062250 0.072681 0.068822 0.008537
0.299979 0.000014 0.039115 0.001081 0.006051 0.072522 0.066454 0.073139 0.067663 0.008843
0.299949 0.000023 0.039374 0.001517 0.008527 0.073039 0.069174 0.073428 0.067230 0.008310
0.299895 0.000031 0.039999 0.002000 0.011151 0.073365 0.070915 0.073610 0.066000 0.007702
0.299808 0.000035 0.041021 0.002527 0.013859 0.073570 0.072022 0.073724 0.066896 0.007714
0.299678 0.000036 0.042474 0.003092 0.016613 0.073699 0.072723 0.073796 0.067256 0.007814
0.299495 0.000036 0.044384 0.003691 0.019393 0.073781 0.073166 0.073842 0.068141 0.006455
0.299248 0.000038 0.046774 0.004320 0.022189 0.073832 0.073445 0.073870 0.068545 0.006221
0.298928 0.000049 0.049659 0.004974 0.024997 0.073864 0.073620 0.073888 0.069065 0.006870
0.298521 0.000078 0.053051 0.005652 0.027819 0.073884 0.073731 0.073899 0.069344 0.005561
0.298018 0.000134 0.056957 0.006352 0.030659 0.073897 0.073800 0.073906 0.069712 0.005335
0.297406 0.000230 0.061384 0.007072 0.033521 0.073905 0.073844 0.073911 0.069994 0.005369
0.296674 0.000381 0.066338 0.007810 0.036412 0.073910 0.073872 0.073913 0.070300 0.008086
0.295810 0.000602 0.071821 0.008565 0.039337 0.073913 0.073889 0.073913 0.070548 0.006379
0.294805 0.000910 0.077833 0.009335 0.042200 0.073915 0.073806 0.072664 0.070797 0.005482
0.293653 0.001325 0.084354 0.010115 0.044578 0.073916 0.073284 0.072059 0.070704 0.005997
0.292356 0.001865 0.091361 0.010905 0.046213 0.073917 0.072822 0.072049 0.070307 0.005788
0.290923 0.002549 0.098835 0.011709 0.047103 0.073917 0.071882 0.072441 0.069629 0.007970
0.289366 0.003396 0.106752 0.012537 0.047406 0.073918 0.070402 0.072874 0.068658 0.007098
0.287698 0.004425 0.115072 0.013401 0.047305 0.073918 0.068522 0.073128 0.067446 0.007389
0.285934 0.005649 0.123745 0.014317 0.046923 0.073918 0.066410 0.073271 0.066093 0.005844
0.284086 0.007081 0.132711 0.015299 0.046331 0.073918 0.064253 0.073313 0.064677 0.005536
0.282170 0.008728 0.141911 0.016362 0.045559 0.073918 0.062254 0.073362 0.063411 0.005106
0.280197 0.010593 0.151292 0.017521 0.044636 0.073918 0.060505 0.073403 0.062322 0.004863
0.278181 0.012676 0.160806 0.018785 0.043550 0.073918 0.059156 0.073017 0.061475 0.004888
0.276132 0.014974 0.170408 0.020161 0.042114 0.073310 0.058125 0.071516 0.060962 0.004620
0.274069 0.017480 0.180025 0.021641 0.040132 0.069269 0.057435 0.068524 0.060820 0.005030
0.272009 0.020180 0.189527 0.023199 0.037926 0.064795 0.057071 0.064758 0.061045 0.004859
0.269960 0.023059 0.198779 0.024801 0.035782 0.060814 0.057088 0.061069 0.061519 0.005537
0.267924 0.026097 0.207668 0.026415 0.033809 0.057620 0.057537 0.057944 0.062148 0.006082
0.265896 0.029274 0.216119 0.028012 0.032022 0.055214 0.058395 0.055565 0.062893 0.008049
0.263870 0.032572 0.224089 0.029570 0.030411 0.053500 0.059587 0.053856 0.063769 0.007395
0.261838 0.035973 0.231566 0.031068 0.028963 0.052283 0.060984 0.052734 0.064675 0.005496
0.259792 0.039465 0.238559 0.032488 0.027683 0.051593 0.062561 0.052024 0.065711 0.004578
0.257724 0.043036 0.245093 0.033817 0.026555 0.051251 0.064201 0.051655 0.066823 0.004766
0.255627 0.046679 0.251209 0.035039 0.025561 0.051155 0.065817 0.051545 0.067954 0.005504
0.253495 0.050390 0.256952 0.036143 0.024686 0.051252 0.067344 0.051598 0.069059 0.006177
0.251322 0.054164 0.262372 0.037118 0.023915 0.051482 0.068727 0.051793 0.070087 0.004875
0.249104 0.058001 0.267519 0.037954 0.023232 0.051810 0.069933 0.052076 0.071016 0.005353
0.246836 0.061899 0.272441 0.038644 0.022625 0.052214 0.070946 0.052428 0.071814 0.005140
0.244517 0.065857 0.277183 0.039183 0.022073 0.052798 0.071719 0.052905 0.072483 0.005634
0.242143 0.069875 0.281788 0.039568 0.021552 0.053306 0.072346 0.053397 0.072981 0.005500
0.239712 0.073952 0.286291 0.039796 0.021056 0.053815 0.072791 0.053902 0.073324 0.006231
0.237222 0.078087 0.290724 0.039867 0.020585 0.054350 0.073071 0.054397 0.073544 0.006146
0.234673 0.082279 0.295111 0.039784 0.020127 0.055040 0.073145 0.055009 0.073652 0.006528
0.232062 0.086525 0.299476 0.039549 0.019668 0.055621 0.073174 0.055593 0.073640 0.005830
0.229388 0.090822 0.303838 0.039167 0.019206 0.056333 0.073017 0.056255 0.073487 0.005947
0.226651 0.095169 0.308212 0.038645 0.018729 0.057074 0.072757 0.056950 0.073227 0.005721
0.223850 0.099560 0.312611 0.037989 0.018233 0.057655 0.072516 0.057574 0.072938 0.005495
0.220984 0.103992 0.317046 0.037206 0.017727 0.058339 0.072137 0.058227 0.072573 0.007511
0.218053 0.108461 0.321524 0.036306 0.017208 0.059031 0.071707 0.058896 0.072151 0.007008
0.215056 0.112961 0.326052 0.035298 0.016672 0.059831 0.071155 0.059648 0.071633 0.005091
0.211993 0.117488 0.330635 0.034191 0.016109 0.060488 0.070678 0.060335 0.071117 0.004987
0.208865 0.122036 0.335278 0.032997 0.015529 0.061199 0.070118 0.061030 0.070563 0.004573
0.205672 0.126598 0.339985 0.031724 0.014935 0.061760 0.069652 0.061619 0.070060 0.004681
0.202413 0.131170 0.344758 0.030383 0.014335 0.062364 0.069121 0.062206 0.069527 0.004672
0.199090 0.135746 0.349598 0.028983 0.013728 0.063030 0.068519 0.062840 0.068944 0.004576
0.195702 0.140318 0.354506 0.027534 0.013109 0.063547 0.068029 0.063381 0.068416 0.004648
0.192251 0.144882 0.359483 0.026045 0.012485 0.064066 0.067511 0.063900 0.067880 0.004601
0.188737 0.149431 0.364529 0.024525 0.011861 0.064525 0.067030 0.064363 0.067375 0.004587
0.185162 0.153958 0.369643 0.022981 0.011239 0.064984 0.066531 0.064817 0.066859 0.004710
0.181527 0.158458 0.374823 0.021423 0.010620 0.065367 0.066085 0.065207 0.066391 0.005435
0.177833 0.162925 0.380068 0.019857 0.010007 0.065676 0.065705 0.065517 0.065967 0.005306
0.174081 0.167353 0.385374 0.018289 0.009403 0.065954 0.065325 0.065805 0.065552 0.005964
0.170272 0.171737 0.390737 0.016725 0.008811 0.066216 0.064955 0.066060 0.065161 0.007522
0.166410 0.176070 0.396156 0.015169 0.008231 0.066400 0.064649 0.066264 0.064810 0.005581
0.162494 0.180349 0.401623 0.013628 0.007668 0.066557 0.064370 0.066420 0.064478 0.006882
0.158528 0.184568 0.407136 0.012104 0.007123 0.066677 0.064114 0.066541 0.064188 0.005675
0.154512 0.188723 0.412688 0.010600 0.006595 0.066734 0.063923 0.066607 0.063943 0.006120
0.150450 0.192809 0.418274 0.009120 0.006087 0.066783 0.063736 0.066663 0.063704 0.004813
0.146342 0.196823 0.423888 0.007665 0.005599 0.066787 0.063603 0.066659 0.063524 0.005712
0.142192 0.200762 0.429525 0.006236 0.005131 0.066752 0.063504 0.066639 0.063373 0.005155
