0.300000 0.000000 0.040000 0.000000 0.000000 0.065500 0.065500 0.065500 0.065500 0.004193
0.300000 0.000000 0.040002 0.000000 0.000000 0.065581 0.065581 0.065581 0.065581 0.004645
0.300000 0.000000 0.040021 0.000033 0.000425 0.074250 0.054544 0.079669 0.054627 0.005576
0.299998 0.000000 0.040220 0.000240 0.002896 0.086169 0.051558 0.089765 0.068678 0.004990
0.299984 -0.000001 0.040989 0.000686 0.007265 0.080593 0.056873 0.082836 0.060341 0.004548
0.299940 -0.000007 0.042254 0.001345 0.012490 0.084753 0.061962 0.082910 0.067409 0.010704
0.299846 -0.000022 0.044088 0.002179 0.016957 0.077855 0.065154 0.074785 0.060419 0.024276
0.299694 -0.000047 0.046325 0.003124 0.019894 0.075857 0.072288 0.071288 0.072988 0.022700
0.299480 -0.000083 0.049058 0.004089 0.021112 0.071216 0.077528 0.070275 0.070534 0.013742
0.299205 -0.000125 0.052316 0.005031 0.021847 0.072017 0.078309 0.073842 0.072048 0.004016
0.298861 -0.000161 0.056196 0.005947 0.023142 0.073486 0.081178 0.074683 0.073479 0.003924
0.298435 -0.000177 0.060812 0.006834 0.024981 0.074787 0.081121 0.075424 0.073661 0.004079
0.297913 -0.000149 0.066220 0.007697 0.027122 0.075825 0.081969 0.075860 0.074346 0.003947
0.297281 -0.000048 0.072459 0.008537 0.029330 0.076163 0.080732 0.075851 0.073564 0.003649
0.296531 0.000160 0.079505 0.009365 0.031447 0.076081 0.079386 0.075518 0.072940 0.003658
0.295660 0.000512 0.087299 0.010190 0.033373 0.075442 0.076853 0.074703 0.071590 0.003846
0.294669 0.001045 0.095739 0.011023 0.035040 0.074416 0.074114 0.073540 0.070244 0.003755
0.293569 0.001791 0.104702 0.011872 0.036405 0.073071 0.071040 0.072123 0.068756 0.003727
0.292374 0.002775 0.114049 0.012746 0.037451 0.071541 0.068108 0.070561 0.067368 0.003677
0.291102 0.004011 0.123642 0.013649 0.038180 0.069916 0.065392 0.068950 0.066111 0.003702
0.289770 0.005506 0.133353 0.014584 0.038612 0.068298 0.063052 0.067396 0.065037 0.003728
0.288396 0.007256 0.143067 0.015550 0.038781 0.066766 0.061118 0.065964 0.064145 0.003733
0.286994 0.009251 0.152684 0.016548 0.038733 0.065374 0.059598 0.064665 0.063434 0.003635
0.285573 0.011475 0.162123 0.017573 0.038505 0.064137 0.058470 0.063538 0.062885 0.003746
0.284141 0.013910 0.171320 0.018623 0.038139 0.063072 0.057693 0.062572 0.062491 0.003677
0.282701 0.016536 0.180224 0.019694 0.037668 0.062171 0.057230 0.061770 0.062237 0.003801
0.281251 0.019330 0.188800 0.020783 0.037122 0.061440 0.057054 0.061121 0.062101 0.003704
0.279790 0.022274 0.197024 0.021884 0.036522 0.060866 0.057129 0.060617 0.062076 0.003732
0.278314 0.025349 0.204883 0.022993 0.035886 0.060421 0.057407 0.060236 0.062169 0.003685
0.276815 0.028536 0.212374 0.024106 0.035225 0.060103 0.057871 0.059959 0.062349 0.003694
0.275289 0.031822 0.219502 0.025218 0.034546 0.059884 0.058484 0.059790 0.062610 0.003647
0.273728 0.035194 0.226277 0.026323 0.033857 0.059746 0.059206 0.059697 0.062952 0.003672
0.272126 0.038640 0.232717 0.027418 0.033163 0.059683 0.060012 0.059649 0.063363 0.003645
0.270478 0.042154 0.238843 0.028497 0.032463 0.059662 0.060871 0.059650 0.063833 0.003757
0.268777 0.045726 0.244679 0.029555 0.031758 0.059679 0.061762 0.059684 0.064341 0.003705
0.267019 0.049354 0.250252 0.030585 0.031047 0.059717 0.062657 0.059745 0.064877 0.003748
0.265201 0.053031 0.255589 0.031584 0.030332 0.059777 0.063536 0.059799 0.065448 0.003745
0.263317 0.056757 0.260718 0.032544 0.029609 0.059837 0.064387 0.059871 0.066026 0.003644
0.261366 0.060528 0.265669 0.033461 0.028878 0.059904 0.065195 0.059943 0.066597 0.003663
0.259344 0.064343 0.270468 0.034330 0.028139 0.059971 0.065951 0.060010 0.067164 0.003678
0.257251 0.068201 0.275143 0.035146 0.027391 0.060032 0.066649 0.060079 0.067716 0.003630
0.255085 0.072102 0.279719 0.035903 0.026636 0.060101 0.067290 0.060140 0.068245 0.003743
0.252843 0.076044 0.284220 0.036597 0.025872 0.060170 0.067865 0.060225 0.068733 0.003629
0.250527 0.080027 0.288670 0.037224 0.025105 0.060249 0.068374 0.060307 0.069184 0.003648
0.248133 0.084050 0.293088 0.037780 0.024338 0.060337 0.068819 0.060392 0.069586 0.003616
0.245663 0.088111 0.297496 0.038263 0.023571 0.060431 0.069200 0.060482 0.069952 0.003634
0.243116 0.092209 0.301911 0.038670 0.022805 0.060532 0.069523 0.060576 0.070265 0.003723
0.240491 0.096342 0.306349 0.038998 0.022041 0.060635 0.069785 0.060683 0.070520 0.003665
0.237787 0.100508 0.310826 0.039246 0.021281 0.060747 0.069995 0.060777 0.070730 0.003637
0.235005 0.104704 0.315353 0.039414 0.020524 0.060852 0.070152 0.060874 0.070895 0.003703
0.232144 0.108926 0.319941 0.039500 0.019770 0.060957 0.070260 0.060974 0.071010 0.003633
0.229205 0.113171 0.324601 0.039504 0.019021 0.061064 0.070322 0.061072 0.071068 0.003928
0.226187 0.117435 0.329340 0.039427 0.018277 0.061167 0.070349 0.061150 0.071087 0.003842
0.223090 0.121713 0.334163 0.039269 0.017535 0.061257 0.070330 0.061239 0.071051 0.003671
0.219916 0.126000 0.339074 0.039030 0.016798 0.061339 0.070280 0.061307 0.070978 0.003829
0.216663 0.130290 0.344076 0.038713 0.016067 0.061414 0.070190 0.061374 0.070862 0.003841
0.213333 0.134578 0.349169 0.038319 0.015343 0.061480 0.070079 0.061424 0.070714 0.003810
0.209926 0.138859 0.354352 0.037848 0.014627 0.061538 0.069937 0.061474 0.070520 0.003882
0.206444 0.143126 0.359622 0.037304 0.013919 0.061586 0.069778 0.061505 0.070301 0.003741
0.202888 0.147373 0.364977 0.036688 0.013220 0.061626 0.069592 0.061537 0.070053 0.003717
0.199259 0.151595 0.370410 0.036003 0.012532 0.061660 0.069399 0.061556 0.069779 0.003795
0.195559 0.155785 0.375915 0.035250 0.011854 0.061687 0.069184 0.061575 0.069483 0.003768
0.191789 0.159938 0.381485 0.034433 0.011187 0.061711 0.068965 0.061584 0.069179 0.003679
0.187953 0.164049 0.387112 0.033553 0.010533 0.061732 0.068734 0.061599 0.068853 0.003635
0.184051 0.168112 0.392787 0.032613 0.009892 0.061753 0.068503 0.061606 0.068526 0.003733
0.180088 0.172124 0.398501 0.031617 0.009265 0.061774 0.068263 0.061622 0.068185 0.003622
0.176065 0.176080 0.404246 0.030566 0.008653 0.061798 0.068022 0.061637 0.067856 0.003652
0.171985 0.179976 0.410010 0.029463 0.008055 0.061832 0.067787 0.061655 0.067528 0.003616
0.167851 0.183810 0.415786 0.028311 0.007470 0.061863 0.067553 0.061690 0.067194 0.003633
0.163666 0.187579 0.421563 0.027112 0.006899 0.061909 0.067317 0.061726 0.066879 0.003727
0.159434 0.191280 0.427332 0.025870 0.006343 0.061956 0.067090 0.061776 0.066569 0.003651
0.155156 0.194912 0.433086 0.024587 0.005803 0.062020 0.066868 0.061833 0.066262 0.003651
0.150837 0.198474 0.438815 0.023266 0.005277 0.062090 0.066649 0.061899 0.065980 0.003802
0.146479 0.201965 0.444511 0.021909 0.004766 0.062171 0.066438 0.061983 0.065705 0.003726
0.142084 0.205385 0.450169 0.020519 0.004268 0.062262 0.066235 0.062079 0.065436 0.003671
0.137657 0.208733 0.455781 0.019099 0.003786 0.062368 0.066034 0.062179 0.065196 0.003522
0.133199 0.212009 0.461341 0.017651 0.003316 0.062478 0.065846 0.062300 0.064964 0.003674
0.128713 0.215214 0.466845 0.016179 0.002861 0.062606 0.065664 0.062431 0.064740 0.003701
0.124202 0.218349 0.472287 0.014685 0.002420 0.062743 0.065487 0.062572 0.064533 0.003746
0.119669 0.221414 0.477664 0.013172 0.001991 0.062888 0.065317 0.062724 0.064346 0.003653
0.115114 0.224410 0.482973 0.011642 0.001576 0.063047 0.065155 0.062884 0.064177 0.003642
0.110542 0.227338 0.488212 0.010098 0.001172 0.063209 0.065003 0.063064 0.064014 0.003632
0.105952 0.230199 0.493379 0.008543 0.000783 0.063387 0.064856 0.063246 0.063866 0.003742
0.101349 0.232994 0.498474 0.006979 0.000406 0.063570 0.064719 0.063437 0.063728 0.003676
0.096733 0.235723 0.503495 0.005410 0.000042 0.063758 0.064588 0.063633 0.063606 0.003674
0.092107 0.238389 0.508443 0.003837 -0.000311 0.063957 0.064462 0.063837 0.063499 0.003613
0.087471 0.240990 0.513319 0.002264 -0.000653 0.064159 0.064347 0.064048 0.063399 0.003678
0.082828 0.243529 0.518124 0.000692 -0.000984 0.064361 0.064237 0.064260 0.063313 0.003812
0.078179 0.246006 0.522861 -0.000875 -0.001305 0.064566 0.064133 0.064476 0.063240 0.003661
0.073525 0.248420 0.527532 -0.002435 -0.001616 0.064779 0.064039 0.064692 0.063172 0.003731
0.068869 0.250773 0.532139 -0.003986 -0.001917 0.064988 0.063949 0.064910 0.063115 0.003657
0.064210 0.253065 0.536686 -0.005525 -0.002209 0.065197 0.063868 0.065128 0.063063 0.003657
0.059551 0.255295 0.541176 -0.007050 -0.002491 0.065406 0.063791 0.065340 0.063022 0.003728
0.054892 0.257463 0.545612 -0.008558 -0.002767 0.065609 0.063720 0.065549 0.062991 0.003659
0.050235 0.259569 0.550000 -0.010049 -0.003036 0.065808 0.063656 0.065759 0.062963 0.003654
0.045580 0.261613 0.554343 -0.011518 -0.003297 0.066007 0.063601 0.065959 0.062937 0.003608
0.040929 0.263594 0.558644 -0.012966 -0.003552 0.066194 0.063545 0.066149 0.062927 0.003639
0.036284 0.265512 0.562909 -0.014388 -0.003803 0.066379 0.063502 0.066337 0.062911 0.003697
0.031643 0.267366 0.567142 -0.015785 -0.004050 0.066548 0.063455 0.066518 0.062910 0.003800
0.027010 0.269154 0.571346 -0.017153 -0.004291 0.066716 0.063418 0.066689 0.062909 0.003657
0.022384 0.270877 0.575526 -0.018492 -0.004528 0.066878 0.063389 0.066848 0.062907 0.003653
0.017766 0.272533 0.579686 -0.019800 -0.004762 0.067025 0.063360 0.066999 0.062912 0.003638
0.013158 0.274120 0.583830 -0.021075 -0.004994 0.067161 0.063335 0.067141 0.062924 0.003801
0.008560 0.275639 0.587962 -0.022317 -0.005225 0.067292 0.063317 0.067272 0.062934 0.006503
0.003973 0.277087 0.592086 -0.023524 -0.005453 0.067410 0.063301 0.067393 0.062949 0.016172
-0.000603 0.278464 0.596204 -0.024695 -0.005681 0.067521 0.063291 0.067504 0.062963 0.005588
-0.005166 0.279768 0.600320 -0.025829 -0.005908 0.067620 0.063285 0.067605 0.062976 0.022890
-0.009716 0.280999 0.604438 -0.026926 -0.006136 0.067708 0.063278 0.067692 0.062999 0.017836
-0.014252 0.282154 0.608559 -0.027984 -0.006365 0.067786 0.063280 0.067775 0.063016 0.006431
-0.018773 0.283233 0.612687 -0.029003 -0.006594 0.067854 0.063282 0.067845 0.063037 0.006504
-0.023280 0.284235 0.616824 -0.029983 -0.006825 0.067914 0.063286 0.067903 0.063063 0.006790
-0.027770 0.285158 0.620972 -0.030923 -0.007056 0.067966 0.063295 0.067953 0.063086 0.006613
-0.032243 0.286002 0.625133 -0.031822 -0.007291 0.068006 0.063304 0.067995 0.063113 0.004406
-0.036699 0.286765 0.629309 -0.032681 -0.007528 0.068037 0.063318 0.068031 0.063140 0.003647
-0.041137 0.287446 0.633500 -0.033500 -0.007767 0.068063 0.063337 0.068054 0.063164 0.003658
-0.045556 0.288045 0.637710 -0.034278 -0.008009 0.068078 0.063353 0.068072 0.063193 0.003682
-0.049956 0.288561 0.641937 -0.035016 -0.008253 0.068088 0.063371 0.068081 0.063226 0.003811
-0.054336 0.288992 0.646184 -0.035713 -0.008500 0.068093 0.063395 0.068082 0.063256 0.003635
-0.058695 0.289338 0.650452 -0.036370 -0.008751 0.068088 0.063419 0.068081 0.063285 0.003723
-0.063033 0.289598 0.654740 -0.036987 -0.009005 0.068076 0.063444 0.068072 0.063319 0.003802
-0.067349 0.289772 0.659049 -0.037564 -0.009262 0.068062 0.063472 0.068056 0.063350 0.003704
-0.071643 0.289859 0.663380 -0.038102 -0.009522 0.068044 0.063503 0.068034 0.063380 0.004178
-0.075913 0.289859 0.667733 -0.038602 -0.009786 0.068016 0.063531 0.068010 0.063415 0.003729
-0.080160 0.289771 0.672107 -0.039062 -0.010054 0.067988 0.063565 0.067976 0.063449 0.003659
-0.084382 0.289594 0.676503 -0.039485 -0.010328 0.067950 0.063598 0.067938 0.063490 0.003774
-0.088580 0.289330 0.680921 -0.039871 -0.010608 0.067911 0.063634 0.067899 0.063528 0.003731
-0.092752 0.288977 0.685360 -0.040221 -0.010893 0.067867 0.063670 0.067859 0.063564 0.003661
-0.096897 0.288535 0.689820 -0.040534 -0.011182 0.067821 0.063705 0.067815 0.063603 0.003835
-0.101016 0.288005 0.694300 -0.040813 -0.011475 0.067775 0.063742 0.067767 0.063640 0.003643
-0.105107 0.287386 0.698801 -0.041056 -0.011772 0.067725 0.063780 0.067721 0.063676 0.003955
-0.109171 0.286679 0.703322 -0.041266 -0.012071 0.067671 0.063815 0.067671 0.063717 0.003733
-0.113206 0.285884 0.707862 -0.041444 -0.012371 0.067623 0.063852 0.067616 0.063754 0.003916
-0.117211 0.285000 0.712421 -0.041589 -0.012675 0.067568 0.063888 0.067562 0.063796 0.003817
-0.121187 0.284029 0.716998 -0.041702 -0.012981 0.067512 0.063929 0.067511 0.063831 0.003664
-0.125133 0.282970 0.721593 -0.041785 -0.013289 0.067457 0.063966 0.067454 0.063869 0.003811
-0.129048 0.281824 0.726205 -0.041838 -0.013598 0.067402 0.064005 0.067396 0.063907 0.003635
-0.132932 0.280592 0.730833 -0.041862 -0.013911 0.067345 0.064041 0.067338 0.063948 0.003747
-0.136784 0.279274 0.735478 -0.041857 -0.014226 0.067287 0.064083 0.067281 0.063983 0.003624
-0.140604 0.277870 0.740137 -0.041825 -0.014543 0.067226 0.064120 0.067225 0.064022 0.003648
-0.144391 0.276382 0.744811 -0.041767 -0.014861 0.067170 0.064156 0.067162 0.064066 0.003801
-0.148145 0.274810 0.749500 -0.041683 -0.015182 0.067112 0.064196 0.067105 0.064102 0.003664
-0.151864 0.273154 0.754201 -0.041574 -0.015504 0.067049 0.064234 0.067047 0.064143 0.003638
-0.155550 0.271416 0.758916 -0.041441 -0.015827 0.066991 0.064273 0.066987 0.064183 0.003729
-0.159200 0.269596 0.763643 -0.041284 -0.016151 0.066934 0.064312 0.066928 0.064221 0.005277
-0.162815 0.267695 0.768381 -0.041105 -0.016477 0.066877 0.064351 0.066869 0.064257 0.003663
-0.166395 0.265714 0.773131 -0.040905 -0.016805 0.066818 0.064391 0.066813 0.064294 0.003813
-0.169938 0.263654 0.777891 -0.040683 -0.017133 0.066759 0.064428 0.066753 0.064336 0.003657
-0.173444 0.261516 0.782662 -0.040442 -0.017463 0.066700 0.064465 0.066697 0.064376 0.003743
-0.176913 0.259300 0.787442 -0.040181 -0.017791 0.066644 0.064503 0.066640 0.064414 0.003695
-0.180345 0.257009 0.792232 -0.039902 -0.018120 0.066590 0.064541 0.066583 0.064452 0.004810
-0.183738 0.254642 0.797030 -0.039605 -0.018449 0.066533 0.064579 0.066530 0.064488 0.004046
-0.187093 0.252202 0.801837 -0.039292 -0.018778 0.066481 0.064612 0.066472 0.064529 0.003737
-0.190409 0.249688 0.806651 -0.038962 -0.019107 0.066426 0.064651 0.066422 0.064563 0.003839
-0.193686 0.247103 0.811473 -0.038617 -0.019435 0.066375 0.064685 0.066367 0.064602 0.003959
-0.196922 0.244447 0.816303 -0.038258 -0.019763 0.066323 0.064723 0.066317 0.064634 0.003564
-0.200118 0.241721 0.821139 -0.037885 -0.020091 0.066272 0.064757 0.066266 0.064671 0.003971
-0.203274 0.238927 0.825982 -0.037499 -0.020418 0.066221 0.064791 0.066217 0.064708 0.003953
-0.206388 0.236066 0.830831 -0.037100 -0.020743 0.066173 0.064825 0.066168 0.064743 0.003749
-0.209461 0.233139 0.835686 -0.036690 -0.021066 0.066127 0.064857 0.066119 0.064777 0.003858
-0.212492 0.230147 0.840547 -0.036269 -0.021389 0.066082 0.064890 0.066072 0.064810 0.003627
-0.215481 0.227092 0.845414 -0.035837 -0.021711 0.066035 0.064922 0.066029 0.064843 0.003768
-0.218427 0.223974 0.850286 -0.035396 -0.022031 0.065991 0.064953 0.065985 0.064874 0.004022
-0.221330 0.220795 0.855163 -0.034945 -0.022349 0.065947 0.064984 0.065943 0.064905 0.003652
-0.224189 0.217556 0.860045 -0.034487 -0.022664 0.065906 0.065014 0.065900 0.064935 0.003642
-0.227004 0.214258 0.864932 -0.034020 -0.022977 0.065867 0.065043 0.065859 0.064965 0.003665
-0.229775 0.210903 0.869823 -0.033546 -0.023288 0.065829 0.065070 0.065820 0.064994 0.003699
-0.232501 0.207492 0.874719 -0.033066 -0.023597 0.065789 0.065097 0.065784 0.065022 0.003740
-0.235182 0.204026 0.879620 -0.032580 -0.023903 0.065753 0.065123 0.065747 0.065050 0.003629
-0.237817 0.200506 0.884525 -0.032087 -0.024206 0.065716 0.065149 0.065712 0.065077 0.004191
-0.240407 0.196934 0.889434 -0.031590 -0.024506 0.065685 0.065176 0.065678 0.065097 0.004579
-0.242951 0.193311 0.894347 -0.031089 -0.024801 0.065652 0.065198 0.065644 0.065124 0.003878
-0.245448 0.189638 0.899265 -0.030583 -0.025094 0.065620 0.065218 0.065612 0.065151 0.003705
-0.247898 0.185917 0.904186 -0.030073 -0.025384 0.065588 0.065240 0.065583 0.065176 0.005249
-0.250300 0.182148 0.909112 -0.029561 -0.025670 0.065561 0.065262 0.065555 0.065194 0.003726
-0.252656 0.178333 0.914041 -0.029045 -0.025952 0.065536 0.065282 0.065526 0.065213 0.003946
-0.254963 0.174474 0.918975 -0.028528 -0.026231 0.065506 0.065299 0.065501 0.065238 0.003739
-0.257222 0.170571 0.923912 -0.028008 -0.026506 0.065482 0.065318 0.065475 0.065255 0.003720
-0.259432 0.166625 0.928854 -0.027486 -0.026776 0.065456 0.065336 0.065452 0.065273 0.003667
-0.261594 0.162638 0.933799 -0.026964 -0.027043 0.065437 0.065350 0.065427 0.065291 0.003852
-0.263706 0.158612 0.938748 -0.026440 -0.027305 0.065415 0.065368 0.065407 0.065303 0.003638
-0.265768 0.154546 0.943702 -0.025916 -0.027564 0.065391 0.065382 0.065387 0.065322 0.003808
-0.267781 0.150444 0.948659 -0.025391 -0.027818 0.065373 0.065396 0.065368 0.065334 0.003728
-0.269743 0.146305 0.953620 -0.024867 -0.028066 0.065354 0.065406 0.065348 0.065353 0.003662
-0.271654 0.142131 0.958585 -0.024343 -0.028310 0.065340 0.065420 0.065330 0.065360 0.003674
-0.273515 0.137923 0.963554 -0.023819 -0.028549 0.065321 0.065430 0.065316 0.065374 0.003692
-0.275325 0.133682 0.968528 -0.023296 -0.028783 0.065306 0.065439 0.065299 0.065388 0.003746
-0.277083 0.129410 0.973505 -0.022773 -0.029012 0.065291 0.065450 0.065287 0.065396 0.003699
-0.278790 0.125107 0.978487 -0.022252 -0.029236 0.065278 0.065459 0.065272 0.065404 0.003763
-0.280445 0.120775 0.983472 -0.021732 -0.029454 0.065267 0.065465 0.065259 0.065415 0.003701
-0.282047 0.116415 0.988462 -0.021214 -0.029667 0.065252 0.065472 0.065248 0.065425 0.003794
-0.283597 0.112028 0.993456 -0.020698 -0.029875 0.065243 0.065480 0.065237 0.065430 0.003860
-0.285094 0.107615 0.998454 -0.020183 -0.030077 0.065235 0.065485 0.065227 0.065437 0.003730
-0.286538 0.103178 1.003456 -0.019670 -0.030274 0.065224 0.065490 0.065219 0.065444 0.003655
-0.287929 0.098717 1.008463 -0.019159 -0.030465 0.065217 0.065495 0.065211 0.065446 0.003639
-0.289266 0.094233 1.013474 -0.018650 -0.030651 0.065208 0.065500 0.065204 0.065450 0.003646
-0.290550 0.089728 1.018489 -0.018144 -0.030830 0.065202 0.065502 0.065196 0.065456 0.003776
-0.291779 0.085202 1.023509 -0.017640 -0.031004 0.065193 0.065504 0.065191 0.065461 0.003750
-0.292955 0.080657 1.028533 -0.017138 -0.031171 0.065192 0.065505 0.065184 0.065464 0.003999
-0.294076 0.076094 1.033561 -0.016639 -0.031333 0.065183 0.065508 0.065182 0.065466 0.003791
-0.295143 0.071513 1.038594 -0.016142 -0.031488 0.065183 0.065509 0.065176 0.065465 0.003788
-0.296155 0.066916 1.043632 -0.015648 -0.031638 0.065178 0.065506 0.065173 0.065472 0.003642
-0.297112 0.062304 1.048674 -0.015157 -0.031782 0.065175 0.065509 0.065172 0.065466 0.003887
-0.298014 0.057678 1.053721 -0.014668 -0.031919 0.065172 0.065507 0.065168 0.065470 0.003796
-0.298860 0.053039 1.058772 -0.014182 -0.032050 0.065172 0.065505 0.065166 0.065471 0.003769
-0.299652 0.048387 1.063828 -0.013699 -0.032175 0.065169 0.065503 0.065165 0.065471 0.004234
-0.300388 0.043724 1.068889 -0.013218 -0.032294 0.065170 0.065502 0.065164 0.065469 0.004224
-0.301068 0.039051 1.073954 -0.012740 -0.032407 0.065168 0.065500 0.065165 0.065467 0.004315
-0.301692 0.034368 1.079024 -0.012265 -0.032514 0.065170 0.065498 0.065165 0.065463 0.004305
-0.302261 0.029677 1.084099 -0.011792 -0.032615 0.065169 0.065496 0.065166 0.065461 0.003788
-0.302773 0.024979 1.089178 -0.011322 -0.032709 0.065170 0.065491 0.065166 0.065462 0.003630
-0.303230 0.020274 1.094263 -0.010854 -0.032797 0.065170 0.065488 0.065168 0.065457 0.003799
-0.303630 0.015564 1.099352 -0.010389 -0.032878 0.065173 0.065483 0.065168 0.065457 0.003677
-0.303973 0.010849 1.104445 -0.009927 -0.032952 0.065174 0.065480 0.065171 0.065451 0.003766
-0.304261 0.006130 1.109544 -0.009467 -0.033020 0.065176 0.065475 0.065173 0.065450 0.004425
-0.304492 0.001408 1.114648 -0.009009 -0.033082 0.065184 0.065468 0.065175 0.065444 0.003822
-0.304666 -0.003316 1.119756 -0.008554 -0.033139 0.065185 0.065464 0.065180 0.065439 0.003805
-0.304784 -0.008040 1.124869 -0.008101 -0.033191 0.065192 0.065458 0.065183 0.065434 0.003976
-0.304846 -0.012766 1.129987 -0.007650 -0.033238 0.065196 0.065450 0.065189 0.065430 0.003729
-0.304850 -0.017490 1.135110 -0.007201 -0.033279 0.065197 0.065442 0.065194 0.065428 0.003650
-0.304798 -0.022213 1.140238 -0.006755 -0.033314 0.065200 0.065437 0.065198 0.065420 0.003791
-0.304689 -0.026934 1.145370 -0.006310 -0.033343 0.065209 0.065430 0.065201 0.065414 0.003661
-0.304524 -0.031651 1.150508 -0.005867 -0.033366 0.065211 0.065424 0.065208 0.065408 0.003724
-0.304301 -0.036365 1.155650 -0.005425 -0.033384 0.065217 0.065418 0.065214 0.065400 0.003623
-0.304022 -0.041073 1.160797 -0.004986 -0.033395 0.065223 0.065409 0.065218 0.065398 0.003712
-0.303686 -0.045777 1.165949 -0.004548 -0.033400 0.065225 0.065405 0.065225 0.065388 0.003642
-0.303293 -0.050473 1.171106 -0.004111 -0.033399 0.065234 0.065395 0.065227 0.065387 0.003670
-0.302844 -0.055163 1.176267 -0.003676 -0.033391 0.065236 0.065390 0.065234 0.065378 0.003717
-0.302338 -0.059844 1.181434 -0.003241 -0.033377 0.065242 0.065381 0.065238 0.065375 0.003866
-0.301775 -0.064516 1.186604 -0.002808 -0.033358 0.065248 0.065372 0.065242 0.065370 0.005647
-0.301156 -0.069179 1.191780 -0.002377 -0.033332 0.065253 0.065363 0.065247 0.065367 0.003973
-0.300480 -0.073832 1.196960 -0.001946 -0.033302 0.065259 0.065358 0.065254 0.065353 0.005885
-0.299747 -0.078473 1.202144 -0.001516 -0.033265 0.065260 0.065352 0.065259 0.065351 0.003696
-0.298958 -0.083102 1.207333 -0.001086 -0.033222 0.065266 0.065343 0.065262 0.065347 0.003784
-0.298113 -0.087718 1.212526 -0.000658 -0.033172 0.065271 0.065336 0.065267 0.065339 0.003885
-0.297211 -0.092321 1.217723 -0.000229 -0.033117 0.065277 0.065327 0.065271 0.065337 0.003955
-0.296253 -0.096910 1.222924 0.000198 -0.033057 0.065280 0.065318 0.065276 0.065331 0.003915
-0.295239 -0.101484 1.228129 0.000625 -0.032991 0.065284 0.065313 0.065281 0.065322 0.003690
-0.294169 -0.106042 1.233338 0.001052 -0.032919 0.065287 0.065307 0.065286 0.065317 0.003644
-0.293043 -0.110583 1.238551 0.001479 -0.032841 0.065293 0.065300 0.065288 0.065312 0.003778
-0.291861 -0.115108 1.243767 0.001905 -0.032757 0.065296 0.065291 0.065292 0.065309 0.003783
-0.290624 -0.119614 1.248987 0.002332 -0.032667 0.065297 0.065284 0.065295 0.065304 0.003684
-0.289331 -0.124101 1.254210 0.002758 -0.032571 0.065304 0.065276 0.065298 0.065298 0.003732
-0.287982 -0.128569 1.259436 0.003185 -0.032470 0.065306 0.065268 0.065301 0.065296 0.003731
-0.286579 -0.133017 1.264665 0.003612 -0.032363 0.065308 0.065261 0.065304 0.065289 0.003741
-0.285120 -0.137444 1.269897 0.004039 -0.032251 0.065313 0.065255 0.065308 0.065280 0.003645
-0.283606 -0.141849 1.275131 0.004466 -0.032133 0.065314 0.065248 0.065309 0.065280 0.003849
-0.282038 -0.146232 1.280368 0.004894 -0.032010 0.065315 0.065242 0.065313 0.065272 0.003662
-0.280415 -0.150591 1.285607 0.005323 -0.031881 0.065317 0.065234 0.065313 0.065272 0.003834
-0.278737 -0.154927 1.290847 0.005751 -0.031746 0.065317 0.065226 0.065314 0.065268 0.003693
-0.277006 -0.159239 1.296089 0.006181 -0.031605 0.065319 0.065217 0.065314 0.065265 0.003730
-0.275220 -0.163525 1.301332 0.006611 -0.031458 0.065318 0.065209 0.065314 0.065261 0.003903
-0.273380 -0.167785 1.306577 0.007042 -0.031306 0.065320 0.065203 0.065316 0.065252 0.003715
-0.271487 -0.172018 1.311822 0.007473 -0.031149 0.065319 0.065194 0.065314 0.065254 0.003659
-0.269540 -0.176224 1.317067 0.007905 -0.030986 0.065320 0.065186 0.065314 0.065245 0.003661
-0.267540 -0.180402 1.322312 0.008338 -0.030819 0.065316 0.065180 0.065315 0.065243 0.003619
-0.265487 -0.184551 1.327556 0.008772 -0.030645 0.065314 0.065170 0.065311 0.065242 0.003645
-0.263381 -0.188671 1.332800 0.009207 -0.030466 0.065313 0.065162 0.065308 0.065237 0.003903
-0.261223 -0.192760 1.338042 0.009643 -0.030282 0.065307 0.065156 0.065307 0.065233 0.003649
-0.259012 -0.196819 1.343282 0.010080 -0.030092 0.065306 0.065143 0.065301 0.065235 0.003721
-0.256749 -0.200846 1.348519 0.010518 -0.029897 0.065300 0.065137 0.065299 0.065223 0.003631
-0.254434 -0.204841 1.353754 0.010956 -0.029696 0.065299 0.065128 0.065296 0.065222 0.003632
-0.252068 -0.208803 1.358985 0.011396 -0.029489 0.065291 0.065119 0.065291 0.065220 0.003817
-0.249650 -0.212732 1.364213 0.011837 -0.029276 0.065285 0.065108 0.065283 0.065221 0.003806
-0.247181 -0.216626 1.369435 0.012278 -0.029058 0.065277 0.065096 0.065275 0.065218 0.003722
-0.244662 -0.220485 1.374652 0.012721 -0.028834 0.065271 0.065086 0.065268 0.065211 0.003648
-0.242091 -0.224309 1.379862 0.013165 -0.028605 0.065261 0.065074 0.065260 0.065210 0.003694
-0.239471 -0.228096 1.385066 0.013610 -0.028371 0.065250 0.065061 0.065250 0.065206 0.003819
-0.236800 -0.231846 1.390261 0.014055 -0.028130 0.065238 0.065050 0.065241 0.065202 0.003672
-0.234080 -0.235559 1.395448 0.014502 -0.027884 0.065227 0.065036 0.065228 0.065201 0.003681
-0.231310 -0.239234 1.400625 0.014949 -0.027631 0.065216 0.065023 0.065218 0.065192 0.003628
-0.228491 -0.242869 1.405791 0.015398 -0.027372 0.065199 0.065010 0.065204 0.065196 0.003630
-0.225623 -0.246466 1.410945 0.015847 -0.027106 0.065189 0.064991 0.065189 0.065187 0.003687
-0.222706 -0.250022 1.416087 0.016297 -0.026835 0.065173 0.064975 0.065176 0.065184 0.003632
-0.219741 -0.253537 1.421214 0.016748 -0.026559 0.065155 0.064955 0.065159 0.065180 0.003653
-0.216728 -0.257011 1.426326 0.017200 -0.026276 0.065134 0.064935 0.065140 0.065179 0.003685
-0.213667 -0.260443 1.431421 0.017652 -0.025987 0.065111 0.064914 0.065121 0.065170 0.003628
-0.210559 -0.263832 1.436497 0.018105 -0.025690 0.065089 0.064893 0.065099 0.065168 0.003817
-0.207404 -0.267178 1.441554 0.018558 -0.025385 0.065068 0.064866 0.065074 0.065161 0.003656
-0.204202 -0.270480 1.446589 0.019012 -0.025074 0.065038 0.064842 0.065051 0.065155 0.003641
-0.200954 -0.273738 1.451600 0.019467 -0.024755 0.065016 0.064811 0.065026 0.065143 0.003625
-0.197659 -0.276950 1.456586 0.019921 -0.024430 0.064983 0.064780 0.064994 0.065147 0.003736
-0.194319 -0.280117 1.461545 0.020376 -0.024098 0.064955 0.064740 0.064965 0.065128 0.003743
-0.190933 -0.283238 1.466473 0.020831 -0.023760 0.064915 0.064706 0.064932 0.065126 0.003701
-0.187502 -0.286312 1.471370 0.021286 -0.023413 0.064879 0.064660 0.064895 0.065110 0.003646
-0.184026 -0.289338 1.476232 0.021742 -0.023059 0.064834 0.064620 0.064859 0.065099 0.003669
-0.180505 -0.292317 1.481056 0.022197 -0.022696 0.064790 0.064573 0.064813 0.065092 0.003628
-0.176941 -0.295247 1.485840 0.022651 -0.022323 0.064745 0.064518 0.064766 0.065076 0.003792
-0.173332 -0.298127 1.490580 0.023106 -0.021942 0.064689 0.064465 0.064718 0.065065 0.003811
-0.169679 -0.300958 1.495273 0.023559 -0.021551 0.064635 0.064404 0.064663 0.065049 0.003649
-0.165983 -0.303739 1.499915 0.024013 -0.021151 0.064574 0.064340 0.064605 0.065038 0.003630
-0.162244 -0.306468 1.504502 0.024465 -0.020741 0.064508 0.064272 0.064544 0.065017 0.003710
-0.158462 -0.309146 1.509030 0.024916 -0.020321 0.064444 0.064199 0.064482 0.064995 0.003692
-0.154637 -0.311771 1.513495 0.025367 -0.019890 0.064371 0.064126 0.064413 0.064981 0.003644
-0.150770 -0.314343 1.517892 0.025815 -0.019448 0.064296 0.064050 0.064339 0.064965 0.003698
-0.146861 -0.316861 1.522217 0.026263 -0.018995 0.064220 0.063969 0.064263 0.064946 0.003652
-0.142910 -0.319324 1.526464 0.026708 -0.018532 0.064133 0.063898 0.064188 0.064931 0.003638
-0.138917 -0.321732 1.530629 0.027151 -0.018056 0.064051 0.063829 0.064109 0.064918 0.003691
-0.134883 -0.324082 1.534707 0.027592 -0.017566 0.063968 0.063773 0.064034 0.064909 0.003693
-0.130808 -0.326374 1.538694 0.028030 -0.017061 0.063897 0.063729 0.063960 0.064913 0.003625
-0.126691 -0.328607 1.542585 0.028465 -0.016542 0.063831 0.063697 0.063897 0.064911 0.003608
-0.122534 -0.330779 1.546378 0.028896 -0.016010 0.063772 0.063703 0.063847 0.064935 0.003655
-0.118336 -0.332888 1.550069 0.029323 -0.015462 0.063732 0.063733 0.063813 0.064958 0.003699
-0.114097 -0.334933 1.553660 0.029745 -0.014898 0.063718 0.063812 0.063803 0.065008 0.003634
-0.109819 -0.336911 1.557150 0.030161 -0.014316 0.063733 0.063929 0.063817 0.065073 0.003648
-0.105501 -0.338820 1.560542 0.030572 -0.013718 0.063777 0.064103 0.063869 0.065161 0.003673
-0.101145 -0.340658 1.563842 0.030976 -0.013101 0.063858 0.064339 0.063953 0.065279 0.003731
-0.096750 -0.342423 1.567058 0.031372 -0.012466 0.063988 0.064622 0.064075 0.065416 0.003891
-0.092318 -0.344111 1.570202 0.031760 -0.011815 0.064157 0.064967 0.064243 0.065576 0.003912
-0.087850 -0.345721 1.573287 0.032140 -0.011148 0.064368 0.065375 0.064455 0.065777 0.003655
-0.083347 -0.347250 1.576330 0.032509 -0.010466 0.064623 0.065838 0.064701 0.066001 0.003730
-0.078810 -0.348696 1.579351 0.032868 -0.009771 0.064917 0.066344 0.064990 0.066246 0.003640
-0.074242 -0.350057 1.582374 0.033216 -0.009064 0.065246 0.066881 0.065315 0.066506 0.003699
-0.069645 -0.351331 1.585424 0.033551 -0.008348 0.065612 0.067453 0.065660 0.066793 0.003634
-0.065020 -0.352517 1.588529 0.033874 -0.007627 0.065993 0.068049 0.066030 0.067085 0.003898
-0.060371 -0.353614 1.591716 0.034183 -0.006906 0.066393 0.068647 0.066421 0.067380 0.003646
-0.055699 -0.354622 1.595018 0.034479 -0.006187 0.066802 0.069237 0.066816 0.067677 0.003777
-0.051008 -0.355539 1.598463 0.034760 -0.005474 0.067207 0.069819 0.067206 0.067972 0.003694
-0.046300 -0.356367 1.602083 0.035026 -0.004770 0.067593 0.070384 0.067583 0.068258 0.003890
-0.041579 -0.357105 1.605908 0.035277 -0.004079 0.067954 0.070908 0.067939 0.068527 0.003657
-0.036847 -0.357754 1.609965 0.035513 -0.003400 0.068285 0.071374 0.068256 0.068774 0.003720
-0.032109 -0.358313 1.614281 0.035732 -0.002739 0.068564 0.071774 0.068520 0.068990 0.003671
-0.027367 -0.358782 1.618877 0.035934 -0.002098 0.068777 0.072090 0.068727 0.069166 0.003808
-0.022625 -0.359161 1.623771 0.036120 -0.001479 0.068922 0.072299 0.068863 0.069295 0.003633
-0.017885 -0.359450 1.628975 0.036288 -0.000885 0.068986 0.072390 0.068925 0.069366 0.003709
-0.013152 -0.359645 1.634496 0.036439 -0.000316 0.068966 0.072355 0.068899 0.069381 0.003631
-0.008427 -0.359746 1.640331 0.036572 0.000227 0.068851 0.072190 0.068786 0.069332 0.003639
-0.003714 -0.359749 1.646475 0.036688 0.000746 0.068656 0.071895 0.068590 0.069221 0.003745
0.000986 -0.359652 1.652913 0.036786 0.001240 0.068376 0.071481 0.068318 0.069050 0.003630
0.005671 -0.359452 1.659623 0.036868 0.001712 0.068026 0.070958 0.067971 0.068826 0.003954
0.010340 -0.359145 1.666580 0.036932 0.002165 0.067620 0.070350 0.067575 0.068552 0.003901
0.014993 -0.358728 1.673752 0.036980 0.002601 0.067175 0.069683 0.067145 0.068239 0.003700
0.019628 -0.358200 1.681106 0.037013 0.003026 0.066702 0.068974 0.066677 0.067905 0.003744
0.024248 -0.357558 1.688605 0.037030 0.003443 0.066226 0.068244 0.066202 0.067554 0.003769
0.028852 -0.356802 1.696213 0.037032 0.003850 0.065741 0.067513 0.065727 0.067194 0.003773
0.033441 -0.355930 1.703893 0.037021 0.004251 0.065268 0.066806 0.065268 0.066830 0.004316
0.038018 -0.354944 1.711609 0.036997 0.004650 0.064819 0.066131 0.064822 0.066478 0.005343
0.042582 -0.353844 1.719328 0.036960 0.005049 0.064398 0.065507 0.064410 0.066136 0.003958
0.047135 -0.352632 1.727016 0.036911 0.005449 0.064009 0.064935 0.064030 0.065818 0.003703
0.051678 -0.351312 1.734647 0.036851 0.005854 0.063661 0.064422 0.063680 0.065525 0.003645
0.056212 -0.349885 1.742193 0.036780 0.006262 0.063358 0.063977 0.063373 0.065252 0.003928
0.060736 -0.348356 1.749632 0.036699 0.006673 0.063089 0.063595 0.063116 0.065011 0.003799
0.065252 -0.346727 1.756946 0.036608 0.007089 0.062871 0.063276 0.062888 0.064800 0.003714
0.069758 -0.345001 1.764118 0.036508 0.007509 0.062690 0.063024 0.062716 0.064614 0.003982
0.074254 -0.343183 1.771135 0.036398 0.007934 0.062554 0.062831 0.062578 0.064459 0.003826
0.078740 -0.341275 1.777987 0.036280 0.008363 0.062459 0.062696 0.062475 0.064334 0.003857
0.083214 -0.339280 1.784668 0.036153 0.008796 0.062390 0.062613 0.062415 0.064240 0.003788
0.087674 -0.337201 1.791174 0.036017 0.009233 0.062366 0.062581 0.062387 0.064166 0.003718
0.092120 -0.335041 1.797502 0.035874 0.009674 0.062376 0.062595 0.062388 0.064118 0.003643
0.096549 -0.332801 1.803654 0.035723 0.010117 0.062409 0.062648 0.062420 0.064097 0.003817
0.100960 -0.330483 1.809631 0.035564 0.010562 0.062464 0.062735 0.062478 0.064099 0.003631
0.105351 -0.328088 1.815439 0.035397 0.011009 0.062550 0.062854 0.062557 0.064115 0.003789
0.109720 -0.325619 1.821082 0.035223 0.011457 0.062651 0.062999 0.062658 0.064155 0.003840
0.114065 -0.323075 1.826569 0.035041 0.011905 0.062766 0.063164 0.062773 0.064212 0.003717
0.118384 -0.320458 1.831907 0.034851 0.012355 0.062893 0.063345 0.062901 0.064284 0.003710
0.122676 -0.317768 1.837107 0.034655 0.012807 0.063032 0.063540 0.063032 0.064369 0.004977
0.126937 -0.315006 1.842177 0.034450 0.013257 0.063185 0.063741 0.063174 0.064457 0.003737
0.131167 -0.312171 1.847128 0.034238 0.013703 0.063336 0.063945 0.063326 0.064557 0.003653
0.135364 -0.309265 1.851970 0.034019 0.014146 0.063488 0.064146 0.063479 0.064662 0.003723
0.139525 -0.306287 1.856715 0.033792 0.014585 0.063638 0.064343 0.063631 0.064771 0.003650
0.143650 -0.303238 1.861373 0.033557 0.015022 0.063791 0.064535 0.063776 0.064879 0.003813
0.147737 -0.300117 1.865954 0.033315 0.015453 0.063937 0.064716 0.063920 0.064987 0.003630
0.151785 -0.296926 1.870468 0.033065 0.015878 0.064079 0.064881 0.064063 0.065089 0.003636
0.155791 -0.293664 1.874924 0.032807 0.016298 0.064215 0.065041 0.064194 0.065191 0.003604
0.159756 -0.290332 1.879332 0.032542 0.016711 0.064345 0.065182 0.064323 0.065284 0.003663
0.163677 -0.286929 1.883700 0.032270 0.017117 0.064465 0.065307 0.064445 0.065372 0.003688
0.167554 -0.283457 1.888036 0.031990 0.017516 0.064577 0.065426 0.064552 0.065456 0.003651
0.171385 -0.279916 1.892346 0.031703 0.017906 0.064682 0.065526 0.064658 0.065533 0.003800
0.175170 -0.276306 1.896638 0.031408 0.018289 0.064778 0.065612 0.064757 0.065602 0.003653
0.178907 -0.272627 1.900916 0.031107 0.018664 0.064870 0.065686 0.064844 0.065662 0.003631
0.182595 -0.268881 1.905187 0.030798 0.019031 0.064951 0.065748 0.064925 0.065717 0.003763
0.186235 -0.265067 1.909455 0.030483 0.019389 0.065024 0.065799 0.065001 0.065767 0.003628
0.189824 -0.261187 1.913724 0.030162 0.019739 0.065093 0.065842 0.065067 0.065808 0.003640
0.193363 -0.257241 1.917998 0.029834 0.020080 0.065153 0.065874 0.065128 0.065845 0.003624
0.196849 -0.253229 1.922279 0.029500 0.020413 0.065207 0.065897 0.065184 0.065878 0.003661
0.200283 -0.249153 1.926571 0.029161 0.020737 0.065259 0.065916 0.065233 0.065904 0.003684
0.203664 -0.245014 1.930876 0.028815 0.021053 0.065303 0.065927 0.065278 0.065927 0.003691
0.206991 -0.240811 1.935197 0.028465 0.021360 0.065343 0.065931 0.065320 0.065946 0.003725
0.210263 -0.236546 1.939534 0.028109 0.021658 0.065382 0.065934 0.065355 0.065960 0.003630
0.213479 -0.232220 1.943890 0.027748 0.021948 0.065415 0.065930 0.065389 0.065972 0.003849
0.216640 -0.227833 1.948265 0.027383 0.022230 0.065444 0.065922 0.065421 0.065982 0.003760
0.219743 -0.223387 1.952662 0.027014 0.022504 0.065471 0.065911 0.065450 0.065990 0.003731
0.222788 -0.218882 1.957080 0.026640 0.022770 0.065496 0.065904 0.065469 0.065997 0.003659
0.225775 -0.214320 1.961522 0.026262 0.023028 0.065521 0.065893 0.065491 0.065997 0.003632
0.228702 -0.209700 1.965987 0.025881 0.023276 0.065537 0.065877 0.065513 0.066003 0.003644
0.231568 -0.205026 1.970476 0.025496 0.023517 0.065559 0.065861 0.065534 0.066001 0.003760
0.234374 -0.200296 1.974991 0.025108 0.023750 0.065575 0.065845 0.065549 0.066003 0.003630
0.237118 -0.195513 1.979531 0.024716 0.023974 0.065593 0.065830 0.065563 0.066002 0.003639
0.239799 -0.190677 1.984098 0.024322 0.024190 0.065607 0.065813 0.065578 0.066000 0.003699
0.242416 -0.185790 1.988691 0.023925 0.024397 0.065616 0.065797 0.065589 0.066004 0.003646
0.244969 -0.180853 1.993312 0.023526 0.024596 0.065632 0.065780 0.065602 0.065999 0.003732
0.247456 -0.175868 1.997960 0.023125 0.024786 0.065642 0.065763 0.065612 0.065999 0.003638
0.249877 -0.170834 2.002638 0.022721 0.024967 0.065653 0.065742 0.065625 0.065995 0.003743
0.252230 -0.165754 2.007344 0.022315 0.025141 0.065662 0.065723 0.065635 0.065995 0.003612
0.254515 -0.160629 2.012079 0.021908 0.025308 0.065672 0.065709 0.065640 0.065996 0.003687
0.256730 -0.155461 2.016845 0.021499 0.025466 0.065684 0.065694 0.065649 0.065989 0.003724
0.258876 -0.150250 2.021642 0.021088 0.025615 0.065689 0.065679 0.065655 0.065987 0.003807
0.260949 -0.144998 2.026470 0.020676 0.025754 0.065696 0.065661 0.065664 0.065982 0.003641
0.262951 -0.139707 2.031331 0.020263 0.025886 0.065700 0.065643 0.065667 0.065984 0.003703
0.264879 -0.134379 2.036223 0.019849 0.026010 0.065708 0.065627 0.065672 0.065979 0.003648
0.266732 -0.129014 2.041149 0.019434 0.026126 0.065711 0.065611 0.065674 0.065979 0.003712
0.268510 -0.123615 2.046109 0.019017 0.026233 0.065717 0.065597 0.065678 0.065971 0.003637
0.270212 -0.118183 2.051104 0.018601 0.026331 0.065717 0.065581 0.065678 0.065970 0.003834
0.271835 -0.112721 2.056133 0.018183 0.026421 0.065719 0.065562 0.065682 0.065964 0.003619
0.273380 -0.107229 2.061199 0.017765 0.026503 0.065721 0.065547 0.065680 0.065958 0.003712
0.274845 -0.101710 2.066300 0.017347 0.026576 0.065719 0.065532 0.065677 0.065954 0.003777
0.276229 -0.096166 2.071439 0.016928 0.026641 0.065718 0.065518 0.065673 0.065945 0.003641
0.277531 -0.090599 2.076614 0.016509 0.026696 0.065712 0.065501 0.065668 0.065938 0.003650
0.278751 -0.085011 2.081828 0.016089 0.026743 0.065706 0.065483 0.065663 0.065929 0.003670
0.279886 -0.079403 2.087079 0.015670 0.026782 0.065701 0.065467 0.065655 0.065917 0.003697
0.280936 -0.073779 2.092370 0.015250 0.026813 0.065692 0.065448 0.065645 0.065906 0.003750
0.281900 -0.068140 2.097698 0.014830 0.026835 0.065684 0.065433 0.065633 0.065892 0.003640
0.282777 -0.062490 2.103066 0.014411 0.026848 0.065670 0.065415 0.065620 0.065879 0.003643
0.283567 -0.056829 2.108473 0.013991 0.026852 0.065655 0.065396 0.065607 0.065864 0.003612
0.284267 -0.051161 2.113919 0.013571 0.026849 0.065642 0.065380 0.065590 0.065843 0.003639
0.284878 -0.045488 2.119404 0.013151 0.026837 0.065626 0.065363 0.065571 0.065817 0.003736
0.285399 -0.039813 2.124927 0.012731 0.026817 0.065601 0.065340 0.065550 0.065794 0.003724
0.285829 -0.034138 2.130489 0.012312 0.026788 0.065582 0.065323 0.065524 0.065771 0.003647
0.286167 -0.028466 2.136088 0.011892 0.026751 0.065557 0.065305 0.065499 0.065745 0.003703
0.286413 -0.022799 2.141724 0.011473 0.026704 0.065530 0.065285 0.065473 0.065713 0.003706
0.286567 -0.017140 2.147397 0.011053 0.026648 0.065502 0.065265 0.065442 0.065681 0.003705
0.286628 -0.011492 2.153105 0.010633 0.026584 0.065470 0.065250 0.065406 0.065652 0.003732
0.286595 -0.005858 2.158848 0.010214 0.026509 0.065435 0.065253 0.065356 0.065640 0.003631
0.286469 -0.000240 2.164624 0.009793 0.026419 0.065391 0.065253 0.065313 0.065623 0.003700
0.286250 0.005360 2.170433 0.009373 0.026314 0.065347 0.065252 0.065271 0.065598 0.003646
0.285937 0.010938 2.176273 0.008951 0.026195 0.065299 0.065243 0.065229 0.065571 0.003617
0.285532 0.016492 2.182143 0.008528 0.026065 0.065255 0.065232 0.065185 0.065543 0.003661
0.285033 0.022019 2.188042 0.008103 0.025924 0.065210 0.065218 0.065144 0.065507 0.003683
0.284443 0.027517 2.193967 0.007677 0.025774 0.065167 0.065202 0.065101 0.065460 0.003617
0.283761 0.032983 2.199918 0.007249 0.025616 0.065121 0.065180 0.065056 0.065413 0.003804
0.282987 0.038415 2.205891 0.006820 0.025450 0.065077 0.065155 0.065010 0.065364 0.003896
0.282123 0.043810 2.211884 0.006389 0.025276 0.065035 0.065131 0.064965 0.065307 0.003660
0.281170 0.049166 2.217895 0.005956 0.025093 0.064987 0.065104 0.064921 0.065242 0.003693
0.280128 0.054481 2.223920 0.005521 0.024903 0.064941 0.065072 0.064874 0.065176 0.003733
0.278998 0.059753 2.229957 0.005084 0.024705 0.064893 0.065036 0.064827 0.065111 0.003636
0.277781 0.064980 2.236003 0.004646 0.024500 0.064848 0.065001 0.064783 0.065038 0.003850
0.276480 0.070160 2.242054 0.004205 0.024289 0.064799 0.064964 0.064737 0.064966 0.003665
0.275094 0.075291 2.248106 0.003764 0.024073 0.064755 0.064927 0.064692 0.064889 0.003784
0.273626 0.080372 2.254156 0.003320 0.023851 0.064709 0.064889 0.064645 0.064812 0.003683
0.272077 0.085402 2.260201 0.002875 0.023624 0.064662 0.064850 0.064602 0.064731 0.003645
0.270449 0.090378 2.266235 0.002429 0.023393 0.064617 0.064811 0.064556 0.064654 0.003712
0.268742 0.095301 2.272257 0.001982 0.023157 0.064574 0.064775 0.064512 0.064574 0.003644
0.266959 0.100169 2.278261 0.001534 0.022916 0.064528 0.064733 0.064469 0.064505 0.003628
0.265101 0.104982 2.284243 0.001084 0.022671 0.064489 0.064700 0.064431 0.064429 0.003800
0.263170 0.109739 2.290200 0.000634 0.022423 0.064446 0.064665 0.064393 0.064355 0.003636
0.261167 0.114439 2.296128 0.000183 0.022172 0.064412 0.064632 0.064353 0.064290 0.003703
0.259095 0.119083 2.302024 -0.000269 0.021916 0.064375 0.064599 0.064320 0.064230 0.003801
0.256955 0.123670 2.307883 -0.000721 0.021658 0.064341 0.064571 0.064294 0.064171 0.003650
0.254749 0.128201 2.313702 -0.001173 0.021398 0.064312 0.064546 0.064267 0.064110 0.003780
0.252478 0.132675 2.319478 -0.001626 0.021137 0.064291 0.064521 0.064237 0.064064 0.003655
0.250145 0.137093 2.325209 -0.002080 0.020872 0.064265 0.064498 0.064222 0.064020 0.003654
0.247750 0.141455 2.330890 -0.002533 0.020607 0.064250 0.064483 0.064206 0.063976 0.003807
0.245295 0.145763 2.336520 -0.002986 0.020340 0.064234 0.064467 0.064193 0.063940 0.003732
0.242783 0.150015 2.342096 -0.003439 0.020072 0.064225 0.064453 0.064184 0.063914 0.003650
0.240214 0.154214 2.347616 -0.003892 0.019802 0.064221 0.064446 0.064181 0.063890 0.003831
0.237590 0.158360 2.353079 -0.004345 0.019531 0.064217 0.064438 0.064183 0.063873 0.003621
0.234912 0.162454 2.358482 -0.004798 0.019260 0.064225 0.064434 0.064187 0.063866 0.003667
0.232183 0.166496 2.363825 -0.005250 0.018987 0.064233 0.064435 0.064202 0.063860 0.003626
0.229402 0.170488 2.369107 -0.005701 0.018714 0.064248 0.064439 0.064215 0.063864 0.003646
0.226573 0.174430 2.374326 -0.006152 0.018440 0.064264 0.064443 0.064237 0.063876 0.003766
0.223696 0.178323 2.379484 -0.006602 0.018166 0.064292 0.064456 0.064262 0.063890 0.003711
0.220772 0.182168 2.384580 -0.007051 0.017891 0.064319 0.064467 0.064294 0.063911 0.003653
0.217802 0.185966 2.389614 -0.007499 0.017616 0.064353 0.064482 0.064328 0.063941 0.003831
0.214788 0.189717 2.394588 -0.007946 0.017341 0.064393 0.064502 0.064369 0.063973 0.003656
0.211731 0.193423 2.399503 -0.008392 0.017065 0.064436 0.064524 0.064412 0.064011 0.003797
0.208633 0.197084 2.404360 -0.008837 0.016788 0.064484 0.064550 0.064461 0.064051 0.003632
0.205493 0.200701 2.409160 -0.009280 0.016510 0.064534 0.064576 0.064512 0.064097 0.003665
0.202313 0.204273 2.413906 -0.009721 0.016230 0.064585 0.064601 0.064569 0.064152 0.003613
0.199095 0.207802 2.418600 -0.010161 0.015950 0.064646 0.064630 0.064626 0.064212 0.003649
0.195839 0.211289 2.423245 -0.010600 0.015668 0.064707 0.064661 0.064693 0.064271 0.003706
0.192546 0.214732 2.427844 -0.011036 0.015387 0.064772 0.064692 0.064763 0.064334 0.003632
0.189216 0.218133 2.432399 -0.011470 0.015106 0.064844 0.064726 0.064834 0.064395 0.003752
0.185852 0.221492 2.436914 -0.011902 0.014827 0.064915 0.064756 0.064906 0.064466 0.003614
0.182454 0.224808 2.441393 -0.012331 0.014550 0.064992 0.064790 0.064983 0.064536 0.003706
0.179022 0.228082 2.445839 -0.012758 0.014273 0.065071 0.064826 0.065063 0.064602 0.003719
0.175557 0.231313 2.450256 -0.013181 0.013996 0.065150 0.064861 0.065139 0.064670 0.003641
0.172061 0.234500 2.454648 -0.013602 0.013720 0.065228 0.064892 0.065218 0.064741 0.003784
0.168533 0.237644 2.459019 -0.014019 0.013443 0.065306 0.064924 0.065295 0.064815 0.003759
0.164974 0.240743 2.463374 -0.014432 0.013166 0.065384 0.064959 0.065374 0.064883 0.003677
0.161386 0.243798 2.467715 -0.014842 0.012888 0.065461 0.064991 0.065448 0.064951 0.003711
0.157769 0.246807 2.472048 -0.015247 0.012608 0.065534 0.065022 0.065520 0.065020 0.003797
0.154123 0.249769 2.476377 -0.015648 0.012326 0.065605 0.065053 0.065594 0.065082 0.003828
0.150450 0.252684 2.480705 -0.016045 0.012042 0.065672 0.065082 0.065659 0.065141 0.003643
0.146749 0.255550 2.485036 -0.016437 0.011756 0.065735 0.065109 0.065722 0.065200 0.003736
0.143022 0.258367 2.489374 -0.016825 0.011467 0.065798 0.065139 0.065779 0.065250 0.003691
0.139269 0.261132 2.493722 -0.017207 0.011175 0.065849 0.065161 0.065835 0.065296 0.003853
0.135491 0.263845 2.498083 -0.017584 0.010880 0.065896 0.065182 0.065884 0.065340 0.003646
0.131689 0.266504 2.502461 -0.017956 0.010583 0.065944 0.065205 0.065924 0.065374 0.003705
0.127863 0.269108 2.506857 -0.018322 0.010282 0.065977 0.065222 0.065964 0.065405 0.003648
0.124015 0.271655 2.511274 -0.018683 0.009978 0.066011 0.065238 0.065992 0.065431 0.003651
0.120144 0.274144 2.515714 -0.019038 0.009670 0.066034 0.065252 0.066021 0.065449 0.003675
0.116252 0.276574 2.520179 -0.019388 0.009361 0.066056 0.065264 0.066038 0.065460 0.003632
0.112339 0.278943 2.524670 -0.019732 0.009048 0.066069 0.065272 0.066052 0.065469 0.003649
0.108407 0.281249 2.529187 -0.020070 0.008732 0.066078 0.065280 0.066064 0.065467 0.003686
0.104457 0.283491 2.533732 -0.020402 0.008413 0.066085 0.065286 0.066063 0.065463 0.003686
0.100488 0.285668 2.538305 -0.020728 0.008090 0.066079 0.065286 0.066063 0.065456 0.003896
0.096503 0.287779 2.542905 -0.021048 0.007764 0.066075 0.065288 0.066059 0.065439 0.003659
0.092502 0.289821 2.547532 -0.021362 0.007436 0.066064 0.065284 0.066048 0.065419 0.003708
0.088486 0.291795 2.552186 -0.021670 0.007105 0.066050 0.065281 0.066031 0.065400 0.003626
0.084456 0.293698 2.556865 -0.021973 0.006772 0.066031 0.065276 0.066018 0.065372 0.003620
0.080413 0.295530 2.561569 -0.022269 0.006436 0.066013 0.065269 0.065995 0.065343 0.003675
0.076358 0.297290 2.566297 -0.022560 0.006098 0.065987 0.065261 0.065976 0.065309 0.003633
0.072293 0.298977 2.571046 -0.022844 0.005759 0.065961 0.065249 0.065948 0.065280 0.003656
0.068218 0.300590 2.575815 -0.023123 0.005419 0.065937 0.065242 0.065924 0.065241 0.003733
0.064134 0.302129 2.580602 -0.023396 0.005077 0.065910 0.065228 0.065894 0.065208 0.003680
0.060042 0.303593 2.585406 -0.023664 0.004733 0.065882 0.065217 0.065867 0.065173 0.003789
0.055944 0.304981 2.590224 -0.023925 0.004386 0.065852 0.065203 0.065841 0.065139 0.003659
0.051841 0.306294 2.595054 -0.024181 0.004039 0.065823 0.065193 0.065815 0.065102 0.003619
0.047732 0.307530 2.599895 -0.024431 0.003692 0.065798 0.065179 0.065786 0.065067 0.003652
0.043621 0.308691 2.604745 -0.024676 0.003343 0.065769 0.065167 0.065763 0.065032 0.003636
0.039506 0.309776 2.609601 -0.024915 0.002995 0.065746 0.065154 0.065733 0.064999 0.003687
0.035390 0.310784 2.614461 -0.025148 0.002645 0.065718 0.065140 0.065711 0.064972 0.003763
0.031274 0.311717 2.619324 -0.025376 0.002295 0.065697 0.065129 0.065690 0.064943 0.003672
0.027158 0.312574 2.624188 -0.025598 0.001944 0.065675 0.065118 0.065669 0.064918 0.003803
0.023042 0.313356 2.629051 -0.025815 0.001594 0.065659 0.065109 0.065650 0.064893 0.003682
0.018929 0.314062 2.633913 -0.026027 0.001242 0.065641 0.065098 0.065633 0.064872 0.003739
0.014819 0.314694 2.638770 -0.026233 0.000889 0.065624 0.065087 0.065621 0.064857 0.003687
0.010712 0.315251 2.643622 -0.026433 0.000537 0.065611 0.065081 0.065609 0.064841 0.003635
0.006610 0.315735 2.648469 -0.026628 0.000187 0.065602 0.065073 0.065597 0.064829 0.003629
0.002513 0.316145 2.653308 -0.026818 -0.000164 0.065597 0.065068 0.065589 0.064816 0.003769
-0.001578 0.316482 2.658139 -0.027002 -0.000517 0.065589 0.065062 0.065584 0.064808 0.003619
-0.005663 0.316747 2.662962 -0.027180 -0.000870 0.065585 0.065060 0.065582 0.064801 0.003649
-0.009739 0.316940 2.667775 -0.027353 -0.001222 0.065580 0.065056 0.065580 0.064798 0.003704
-0.013808 0.317062 2.672578 -0.027521 -0.001574 0.065582 0.065055 0.065580 0.064793 0.003689
-0.017869 0.317114 2.677372 -0.027683 -0.001926 0.065585 0.065052 0.065579 0.064794 0.003660
-0.021919 0.317095 2.682155 -0.027840 -0.002279 0.065586 0.065050 0.065582 0.064800 0.003629
-0.025960 0.317008 2.686927 -0.027991 -0.002633 0.065589 0.065052 0.065589 0.064804 0.003946
-0.029990 0.316851 2.691689 -0.028137 -0.002986 0.065597 0.065055 0.065595 0.064806 0.003618
-0.034009 0.316626 2.696440 -0.028277 -0.003339 0.065603 0.065056 0.065602 0.064813 0.003639
-0.038016 0.316333 2.701181 -0.028411 -0.003693 0.065611 0.065057 0.065608 0.064824 0.003705
-0.042010 0.315973 2.705912 -0.028540 -0.004047 0.065621 0.065065 0.065620 0.064828 0.003686
-0.045991 0.315546 2.710634 -0.028663 -0.004401 0.065629 0.065065 0.065627 0.064840 0.003634
-0.049959 0.315054 2.715346 -0.028780 -0.004756 0.065639 0.065070 0.065639 0.064852 0.003718
-0.053913 0.314495 2.720049 -0.028892 -0.005111 0.065651 0.065076 0.065649 0.064861 0.003635
-0.057851 0.313872 2.724744 -0.028998 -0.005467 0.065660 0.065081 0.065660 0.064874 0.003780
-0.061774 0.313184 2.729431 -0.029098 -0.005822 0.065673 0.065087 0.065671 0.064884 0.003655
-0.065682 0.312432 2.734111 -0.029193 -0.006179 0.065682 0.065092 0.065683 0.064898 0.003637
-0.069572 0.311616 2.738785 -0.029281 -0.006535 0.065692 0.065099 0.065696 0.064910 0.003618
-0.073446 0.310738 2.743452 -0.029364 -0.006890 0.065708 0.065106 0.065704 0.064919 0.003759
-0.077302 0.309796 2.748114 -0.029442 -0.007246 0.065715 0.065112 0.065718 0.064932 0.003736
-0.081140 0.308792 2.752771 -0.029513 -0.007601 0.065729 0.065118 0.065727 0.064942 0.003711
-0.084959 0.307726 2.757424 -0.029578 -0.007957 0.065739 0.065123 0.065737 0.064956 0.003636
-0.088759 0.306599 2.762073 -0.029638 -0.008314 0.065747 0.065130 0.065750 0.064968 0.003726
-0.092539 0.305411 2.766720 -0.029691 -0.008669 0.065757 0.065134 0.065758 0.064982 0.003624
-0.096298 0.304162 2.771364 -0.029739 -0.009024 0.065771 0.065143 0.065767 0.064988 0.003751
-0.100037 0.302853 2.776007 -0.029781 -0.009381 0.065776 0.065145 0.065777 0.065003 0.003892
-0.103754 0.301484 2.780648 -0.029817 -0.009737 0.065786 0.065153 0.065786 0.065009 0.003643
-0.107449 0.300056 2.785289 -0.029847 -0.010093 0.065792 0.065158 0.065794 0.065019 0.003749
-0.111121 0.298569 2.789930 -0.029871 -0.010449 0.065801 0.065163 0.065801 0.065027 0.003633
-0.114771 0.297023 2.794571 -0.029889 -0.010804 0.065805 0.065167 0.065808 0.065038 0.003693
-0.118396 0.295419 2.799214 -0.029901 -0.011158 0.065812 0.065171 0.065814 0.065046 0.003615
-0.121998 0.293757 2.803858 -0.029908 -0.011512 0.065820 0.065176 0.065818 0.065052 0.003882
-0.125574 0.292037 2.808503 -0.029908 -0.011866 0.065824 0.065182 0.065826 0.065056 0.003646
-0.129125 0.290261 2.813151 -0.029903 -0.012219 0.065828 0.065184 0.065828 0.065064 0.003694
-0.132651 0.288428 2.817802 -0.029891 -0.012571 0.065833 0.065187 0.065831 0.065070 0.003719
-0.136149 0.286539 2.822456 -0.029874 -0.012924 0.065833 0.065189 0.065834 0.065080 0.003737
-0.139621 0.284594 2.827113 -0.029850 -0.013276 0.065835 0.065197 0.065837 0.065082 0.003643
-0.143066 0.282593 2.831774 -0.029821 -0.013627 0.065838 0.065198 0.065835 0.065088 0.003802
-0.146483 0.280538 2.836439 -0.029786 -0.013979 0.065838 0.065202 0.065837 0.065092 0.003646
-0.149871 0.278427 2.841107 -0.029745 -0.014331 0.065834 0.065204 0.065838 0.065100 0.003755
-0.153230 0.276263 2.845781 -0.029699 -0.014681 0.065839 0.065206 0.065838 0.065100 0.003623
-0.156559 0.274045 2.850459 -0.029646 -0.015030 0.065837 0.065208 0.065838 0.065104 0.003719
-0.159859 0.271774 2.855142 -0.029588 -0.015378 0.065835 0.065209 0.065839 0.065106 0.003622
-0.163127 0.269450 2.859830 -0.029524 -0.015724 0.065835 0.065210 0.065838 0.065106 0.003705
-0.166365 0.267074 2.864522 -0.029455 -0.016068 0.065836 0.065211 0.065836 0.065106 0.003718
-0.169572 0.264645 2.869221 -0.029380 -0.016411 0.065834 0.065208 0.065834 0.065109 0.003787
-0.172746 0.262165 2.873924 -0.029299 -0.016753 0.065831 0.065208 0.065833 0.065112 0.003639
-0.175888 0.259635 2.878633 -0.029212 -0.017094 0.065830 0.065207 0.065831 0.065112 0.003682
-0.178996 0.257054 2.883347 -0.029120 -0.017432 0.065827 0.065207 0.065831 0.065110 0.003683
-0.182072 0.254422 2.888067 -0.029022 -0.017768 0.065826 0.065206 0.065828 0.065108 0.003635
-0.185113 0.251742 2.892793 -0.028918 -0.018102 0.065826 0.065205 0.065825 0.065106 0.003677
-0.188120 0.249012 2.897524 -0.028809 -0.018435 0.065823 0.065200 0.065821 0.065108 0.003642
-0.191092 0.246234 2.902260 -0.028694 -0.018766 0.065819 0.065200 0.065820 0.065104 0.003644
-0.194029 0.243408 2.907003 -0.028574 -0.019096 0.065816 0.065197 0.065816 0.065105 0.003635
-0.196930 0.240535 2.911751 -0.028448 -0.019424 0.065812 0.065197 0.065815 0.065098 0.003705
-0.199795 0.237614 2.916504 -0.028316 -0.019748 0.065808 0.065193 0.065809 0.065098 0.003632
-0.202624 0.234648 2.921263 -0.028179 -0.020071 0.065805 0.065189 0.065805 0.065098 0.003670
-0.205415 0.231635 2.926028 -0.028036 -0.020391 0.065799 0.065187 0.065802 0.065096 0.003619
-0.208169 0.228578 2.930798 -0.027888 -0.020708 0.065799 0.065182 0.065796 0.065095 0.003650
-0.210886 0.225475 2.935574 -0.027734 -0.021024 0.065791 0.065182 0.065795 0.065092 0.003676
-0.213564 0.222329 2.940356 -0.027575 -0.021336 0.065790 0.065178 0.065789 0.065090 0.003854
-0.216203 0.219139 2.945142 -0.027410 -0.021646 0.065785 0.065175 0.065785 0.065087 0.003637
-0.218804 0.215906 2.949935 -0.027239 -0.021954 0.065781 0.065171 0.065781 0.065085 0.003636
-0.221365 0.212631 2.954732 -0.027063 -0.022259 0.065778 0.065167 0.065776 0.065082 0.003684
-0.223886 0.209314 2.959535 -0.026882 -0.022561 0.065772 0.065165 0.065772 0.065080 0.003724
-0.226368 0.205956 2.964343 -0.026695 -0.022861 0.065767 0.065162 0.065767 0.065078 0.003658
-0.228808 0.202558 2.969157 -0.026503 -0.023158 0.065761 0.065160 0.065763 0.065076 0.003644
-0.231208 0.199120 2.973975 -0.026305 -0.023452 0.065760 0.065155 0.065755 0.065075 0.003605
-0.233567 0.195642 2.978799 -0.026102 -0.023743 0.065750 0.065153 0.065753 0.065073 0.003721
-0.235884 0.192126 2.983628 -0.025893 -0.024030 0.065747 0.065149 0.065745 0.065072 0.003688
-0.238159 0.188571 2.988462 -0.025679 -0.024314 0.065743 0.065149 0.065743 0.065066 0.003672
-0.240392 0.184979 2.993302 -0.025460 -0.024595 0.065737 0.065144 0.065736 0.065066 0.003644
-0.242583 0.181351 2.998146 -0.025236 -0.024872 0.065732 0.065140 0.065730 0.065068 0.003637
-0.244730 0.177686 3.002995 -0.025006 -0.025146 0.065727 0.065140 0.065726 0.065064 0.003681
-0.246835 0.173986 3.007849 -0.024771 -0.025417 0.065722 0.065138 0.065721 0.065060 0.003702
-0.248895 0.170251 3.012708 -0.024530 -0.025684 0.065716 0.065132 0.065714 0.065064 0.003620
-0.250912 0.166482 3.017572 -0.024285 -0.025948 0.065710 0.065131 0.065709 0.065062 0.003685
-0.252885 0.162680 3.022441 -0.024034 -0.026208 0.065706 0.065129 0.065703 0.065061 0.003607
-0.254813 0.158844 3.027315 -0.023778 -0.026465 0.065703 0.065129 0.065698 0.065056 0.003652
-0.256697 0.154977 3.032194 -0.023517 -0.026718 0.065694 0.065126 0.065693 0.065058 0.003742
-0.258535 0.151078 3.037078 -0.023251 -0.026968 0.065690 0.065125 0.065687 0.065055 0.003683
