0.300000 0.000000 0.040000 0.000000 0.000000 0.065500 0.065500 0.065500 0.065500 0.004240
0.300000 0.000000 0.040002 0.000000 0.000000 0.065581 0.065581 0.065581 0.065581 0.004695
0.300000 0.000000 0.040021 0.000033 0.000425 0.074250 0.054544 0.079669 0.054627 0.006737
0.299998 0.000000 0.040220 0.000240 0.002896 0.086169 0.051558 0.089765 0.068678 0.010930
0.299984 -0.000001 0.040989 0.000686 0.007265 0.080593 0.056873 0.082836 0.060341 0.021799
0.299940 -0.000007 0.042254 0.001345 0.012490 0.084753 0.061962 0.082910 0.067409 0.017476
0.299846 -0.000022 0.044088 0.002179 0.016957 0.077855 0.065154 0.074785 0.060419 0.012343
0.299694 -0.000047 0.046332 0.003129 0.019986 0.077037 0.071629 0.073673 0.071975 0.011719
0.299478 -0.000083 0.049097 0.004116 0.021572 0.072167 0.076877 0.070411 0.070106 0.004413
0.299196 -0.000124 0.052401 0.005094 0.022519 0.073458 0.078245 0.075386 0.072114 0.004127
0.298842 -0.000160 0.056364 0.006057 0.023952 0.073998 0.080946 0.074504 0.073155 0.004032
0.298403 -0.000174 0.061077 0.006997 0.025727 0.075464 0.081708 0.076080 0.074316 0.004231
0.297865 -0.000143 0.066615 0.007912 0.027736 0.075662 0.082267 0.075503 0.074316 0.004055
0.297217 -0.000037 0.072992 0.008801 0.029760 0.075952 0.081391 0.075753 0.074133 0.003727
0.296451 0.000181 0.080185 0.009670 0.031721 0.075455 0.079707 0.074917 0.073084 0.004103
0.295564 0.000548 0.088117 0.010529 0.033520 0.074751 0.077154 0.074087 0.071903 0.003579
0.294561 0.001103 0.096679 0.011385 0.035094 0.073612 0.074157 0.072767 0.070383 0.003573
0.293451 0.001877 0.105737 0.012251 0.036389 0.072271 0.070990 0.071344 0.068897 0.003558
0.292248 0.002894 0.115151 0.013133 0.037383 0.070771 0.067954 0.069805 0.067454 0.003614
0.290972 0.004166 0.124784 0.014037 0.038072 0.069227 0.065216 0.068277 0.066181 0.003658
0.289639 0.005698 0.134507 0.014968 0.038475 0.067702 0.062875 0.066819 0.065086 0.003555
0.288267 0.007486 0.144210 0.015926 0.038626 0.066267 0.060967 0.065485 0.064178 0.003593
0.286867 0.009517 0.153797 0.016911 0.038566 0.064968 0.059479 0.064277 0.063454 0.003581
0.285451 0.011775 0.163192 0.017921 0.038334 0.063817 0.058384 0.063235 0.062896 0.003819
0.284024 0.014241 0.172333 0.018954 0.037969 0.062828 0.057640 0.062345 0.062496 0.003662
0.282588 0.016894 0.181174 0.020006 0.037502 0.061997 0.057206 0.061610 0.062238 0.003735
0.281143 0.019714 0.189681 0.021074 0.036963 0.061327 0.057056 0.061021 0.062101 0.003556
0.279686 0.022679 0.197833 0.022154 0.036373 0.060806 0.057154 0.060568 0.062075 0.003782
0.278211 0.025772 0.205620 0.023241 0.035747 0.060407 0.057448 0.060230 0.062168 0.003583
0.276714 0.028975 0.213039 0.024332 0.035097 0.060128 0.057925 0.059990 0.062348 0.003555
0.275187 0.032275 0.220096 0.025422 0.034429 0.059940 0.058545 0.059849 0.062610 0.003588
0.273625 0.035659 0.226805 0.026506 0.033750 0.059827 0.059271 0.059780 0.062953 0.003795
0.272021 0.039116 0.233183 0.027579 0.033065 0.059783 0.060077 0.059750 0.063364 0.003809
0.270369 0.042639 0.239251 0.028637 0.032373 0.059777 0.060933 0.059766 0.063833 0.003667
0.268664 0.046220 0.245034 0.029675 0.031674 0.059805 0.061818 0.059810 0.064341 0.003828
0.266901 0.049855 0.250559 0.030686 0.030969 0.059851 0.062705 0.059876 0.064876 0.003788
0.265076 0.053540 0.255854 0.031665 0.030259 0.059914 0.063576 0.059934 0.065445 0.003689
0.263186 0.057273 0.260947 0.032608 0.029540 0.059976 0.064416 0.060007 0.066020 0.003741
0.261228 0.061051 0.265865 0.033509 0.028812 0.060042 0.065215 0.060079 0.066589 0.003682
0.259199 0.064873 0.270637 0.034362 0.028074 0.060108 0.065962 0.060144 0.067153 0.003746
0.257098 0.068737 0.275289 0.035163 0.027328 0.060166 0.066651 0.060211 0.067703 0.003848
0.254924 0.072644 0.279846 0.035906 0.026573 0.060232 0.067283 0.060270 0.068229 0.005990
0.252675 0.076592 0.284332 0.036587 0.025810 0.060298 0.067851 0.060352 0.068715 0.003584
0.250350 0.080581 0.288770 0.037203 0.025044 0.060374 0.068354 0.060431 0.069163 0.003581
0.247948 0.084609 0.293181 0.037749 0.024278 0.060458 0.068795 0.060512 0.069563 0.003626
0.245470 0.088676 0.297584 0.038223 0.023511 0.060548 0.069172 0.060598 0.069928 0.003571
0.242914 0.092779 0.301997 0.038622 0.022746 0.060645 0.069492 0.060688 0.070240 0.003659
0.240280 0.096917 0.306436 0.038943 0.021983 0.060742 0.069752 0.060790 0.070495 0.003603
0.237567 0.101087 0.310915 0.039186 0.021223 0.060849 0.069960 0.060878 0.070705 0.003693
0.234776 0.105286 0.315448 0.039349 0.020467 0.060948 0.070117 0.060969 0.070869 0.003564
0.231907 0.109511 0.320045 0.039431 0.019713 0.061047 0.070226 0.061063 0.070985 0.003667
0.228958 0.113759 0.324715 0.039432 0.018964 0.061146 0.070288 0.061155 0.071044 0.003568
0.225931 0.118024 0.329465 0.039353 0.018221 0.061243 0.070316 0.061225 0.071063 0.003661
0.222825 0.122302 0.334302 0.039194 0.017479 0.061325 0.070298 0.061307 0.071028 0.003605
0.219641 0.126589 0.339228 0.038956 0.016742 0.061400 0.070250 0.061368 0.070956 0.003672
0.216378 0.130878 0.344247 0.038639 0.016011 0.061467 0.070162 0.061427 0.070840 0.003717
0.213039 0.135165 0.349357 0.038246 0.015287 0.061525 0.070052 0.061469 0.070692 0.003788
0.209623 0.139442 0.354559 0.037777 0.014571 0.061575 0.069912 0.061511 0.070498 0.003779
0.206131 0.143705 0.359849 0.037235 0.013863 0.061616 0.069755 0.061535 0.070280 0.003749
0.202566 0.147946 0.365223 0.036622 0.013164 0.061649 0.069571 0.061559 0.070031 0.003806
0.198927 0.152161 0.370676 0.035940 0.012475 0.061676 0.069380 0.061571 0.069757 0.003846
0.195218 0.156344 0.376201 0.035191 0.011797 0.061695 0.069166 0.061583 0.069461 0.003680
0.191440 0.160488 0.381791 0.034377 0.011130 0.061713 0.068949 0.061586 0.069157 0.003754
0.187594 0.164589 0.387437 0.033501 0.010476 0.061728 0.068720 0.061595 0.068831 0.003746
0.183684 0.168641 0.393132 0.032565 0.009835 0.061743 0.068491 0.061596 0.068503 0.003692
0.179713 0.172641 0.398865 0.031572 0.009208 0.061759 0.068253 0.061607 0.068163 0.003849
0.175682 0.176584 0.404627 0.030525 0.008595 0.061778 0.068012 0.061617 0.067834 0.003690
0.171595 0.180467 0.410408 0.029426 0.007997 0.061808 0.067779 0.061632 0.067505 0.003694
0.167454 0.184286 0.416199 0.028278 0.007412 0.061836 0.067547 0.061662 0.067172 0.003751
0.163263 0.188039 0.421991 0.027084 0.006842 0.061878 0.067311 0.061695 0.066858 0.003665
0.159024 0.191724 0.427773 0.025845 0.006286 0.061923 0.067085 0.061743 0.066548 0.003926
0.154741 0.195340 0.433538 0.024566 0.005746 0.061984 0.066865 0.061798 0.066241 0.003857
0.150417 0.198885 0.439277 0.023248 0.005221 0.062053 0.066646 0.061862 0.065960 0.003705
0.146055 0.202358 0.444983 0.021894 0.004709 0.062132 0.066436 0.061945 0.065686 0.003803
0.141656 0.205760 0.450647 0.020507 0.004212 0.062222 0.066233 0.062040 0.065418 0.003550
0.137226 0.209090 0.456264 0.019090 0.003730 0.062328 0.066033 0.062140 0.065178 0.003573
0.132765 0.212348 0.461828 0.017645 0.003261 0.062438 0.065845 0.062261 0.064948 0.003655
0.128277 0.215536 0.467334 0.016175 0.002806 0.062566 0.065663 0.062392 0.064724 0.003575
0.123765 0.218653 0.472776 0.014683 0.002365 0.062703 0.065486 0.062534 0.064518 0.003555
0.119230 0.221700 0.478152 0.013172 0.001937 0.062849 0.065317 0.062686 0.064333 0.003579
0.114675 0.224680 0.483458 0.011643 0.001522 0.063009 0.065155 0.062848 0.064164 0.003551
0.110102 0.227591 0.488693 0.010101 0.001119 0.063173 0.065003 0.063029 0.064002 0.003750
0.105513 0.230436 0.493854 0.008547 0.000730 0.063352 0.064856 0.063213 0.063855 0.003567
0.100910 0.233215 0.498940 0.006984 0.000354 0.063538 0.064720 0.063406 0.063718 0.003559
0.096295 0.235930 0.503952 0.005415 -0.000009 0.063728 0.064589 0.063604 0.063598 0.005144
0.091670 0.238581 0.508890 0.003843 -0.000360 0.063929 0.064462 0.063811 0.063491 0.003591
0.087036 0.241169 0.513754 0.002269 -0.000701 0.064133 0.064348 0.064023 0.063393 0.005981
0.082395 0.243694 0.518547 0.000698 -0.001032 0.064338 0.064238 0.064238 0.063308 0.004772
0.077748 0.246158 0.523270 -0.000869 -0.001351 0.064545 0.064134 0.064457 0.063236 0.003575
0.073097 0.248561 0.527926 -0.002430 -0.001660 0.064761 0.064040 0.064676 0.063169 0.003573
0.068444 0.250903 0.532517 -0.003981 -0.001960 0.064973 0.063950 0.064897 0.063113 0.003546
0.063788 0.253184 0.537047 -0.005521 -0.002250 0.065184 0.063869 0.065117 0.063063 0.003837
0.059132 0.255404 0.541520 -0.007046 -0.002532 0.065396 0.063793 0.065331 0.063023 0.003582
0.054477 0.257563 0.545940 -0.008556 -0.002806 0.065602 0.063722 0.065543 0.062994 0.003556
0.049824 0.259661 0.550310 -0.010047 -0.003073 0.065804 0.063659 0.065756 0.062967 0.003556
0.045173 0.261698 0.554634 -0.011518 -0.003333 0.066005 0.063604 0.065958 0.062941 0.003569
0.040526 0.263672 0.558917 -0.012966 -0.003586 0.066194 0.063548 0.066151 0.062932 0.003881
0.035885 0.265584 0.563164 -0.014389 -0.003836 0.066382 0.063505 0.066341 0.062918 0.003592
0.031249 0.267432 0.567378 -0.015787 -0.004081 0.066552 0.063459 0.066524 0.062918 0.004800
0.026620 0.269215 0.571564 -0.017156 -0.004321 0.066723 0.063422 0.066696 0.062918 0.009908
0.021999 0.270934 0.575726 -0.018496 -0.004556 0.066886 0.063392 0.066857 0.062916 0.008310
0.017386 0.272586 0.579869 -0.019805 -0.004789 0.067035 0.063364 0.067010 0.062922 0.007047
0.012782 0.274170 0.583995 -0.021081 -0.005020 0.067172 0.063339 0.067153 0.062935 0.011071
0.008189 0.275686 0.588111 -0.022324 -0.005249 0.067304 0.063322 0.067285 0.062945 0.008267
0.003607 0.277132 0.592218 -0.023532 -0.005476 0.067423 0.063305 0.067407 0.062961 0.004257
-0.000964 0.278507 0.596320 -0.024704 -0.005702 0.067535 0.063296 0.067518 0.062975 0.003591
-0.005522 0.279809 0.600422 -0.025839 -0.005929 0.067634 0.063290 0.067620 0.062988 0.003602
-0.010067 0.281039 0.604525 -0.026936 -0.006155 0.067723 0.063283 0.067707 0.063011 0.003648
-0.014598 0.282193 0.608632 -0.027995 -0.006383 0.067801 0.063285 0.067790 0.063028 0.003562
-0.019114 0.283272 0.612748 -0.029014 -0.006612 0.067869 0.063287 0.067860 0.063050 0.003705
-0.023615 0.284273 0.616872 -0.029995 -0.006841 0.067929 0.063291 0.067919 0.063075 0.003563
-0.028100 0.285196 0.621009 -0.030935 -0.007071 0.067981 0.063300 0.067969 0.063098 0.003777
-0.032568 0.286040 0.625159 -0.031835 -0.007305 0.068020 0.063310 0.068010 0.063126 0.003775
-0.037018 0.286804 0.629324 -0.032694 -0.007542 0.068051 0.063324 0.068046 0.063152 0.003786
-0.041451 0.287486 0.633507 -0.033513 -0.007780 0.068077 0.063342 0.068069 0.063176 0.003695
-0.045865 0.288086 0.637708 -0.034292 -0.008021 0.068092 0.063359 0.068086 0.063205 0.003927
-0.050260 0.288602 0.641928 -0.035029 -0.008264 0.068102 0.063377 0.068094 0.063237 0.003647
-0.054634 0.289034 0.646168 -0.035727 -0.008510 0.068105 0.063400 0.068095 0.063267 0.003848
-0.058988 0.289381 0.650428 -0.036384 -0.008760 0.068100 0.063425 0.068093 0.063295 0.003646
-0.063321 0.289642 0.654711 -0.037001 -0.009014 0.068088 0.063449 0.068084 0.063329 0.003887
-0.067631 0.289817 0.659015 -0.037578 -0.009271 0.068073 0.063481 0.068058 0.063364 0.003877
-0.071920 0.289906 0.663341 -0.038116 -0.009534 0.068050 0.063515 0.068031 0.063396 0.003811
-0.076185 0.289906 0.667690 -0.038616 -0.009806 0.068017 0.063546 0.068005 0.063433 0.003686
-0.080426 0.289819 0.672061 -0.039077 -0.010083 0.067984 0.063580 0.067974 0.063467 0.003923
-0.084642 0.289645 0.676454 -0.039500 -0.010366 0.067944 0.063612 0.067941 0.063506 0.003666
-0.088834 0.289381 0.680869 -0.039887 -0.010651 0.067906 0.063646 0.067902 0.063542 0.003753
-0.093000 0.289029 0.685306 -0.040237 -0.010938 0.067865 0.063680 0.067864 0.063575 0.003678
-0.097139 0.288589 0.689764 -0.040551 -0.011227 0.067822 0.063714 0.067818 0.063613 0.003686
-0.101252 0.288060 0.694244 -0.040830 -0.011519 0.067777 0.063749 0.067772 0.063648 0.009023
-0.105337 0.287442 0.698744 -0.041075 -0.011814 0.067729 0.063785 0.067725 0.063682 0.003899
-0.109394 0.286736 0.703264 -0.041286 -0.012111 0.067676 0.063819 0.067676 0.063722 0.003703
-0.113423 0.285942 0.707804 -0.041464 -0.012409 0.067629 0.063855 0.067621 0.063757 0.003763
-0.117422 0.285059 0.712363 -0.041610 -0.012711 0.067574 0.063890 0.067569 0.063798 0.004093
-0.121392 0.284088 0.716940 -0.041724 -0.013015 0.067519 0.063929 0.067518 0.063832 0.003938
-0.125331 0.283031 0.721535 -0.041808 -0.013320 0.067464 0.063966 0.067461 0.063869 0.004040
-0.129240 0.281886 0.726148 -0.041861 -0.013627 0.067409 0.064004 0.067403 0.063906 0.003944
-0.133117 0.280654 0.730777 -0.041886 -0.013937 0.067352 0.064040 0.067344 0.063947 0.003621
-0.136962 0.279336 0.735422 -0.041882 -0.014251 0.067294 0.064080 0.067289 0.063981 0.003583
-0.140775 0.277933 0.740083 -0.041851 -0.014566 0.067233 0.064117 0.067232 0.064020 0.003568
-0.144555 0.276445 0.744758 -0.041793 -0.014882 0.067176 0.064153 0.067168 0.064063 0.003616
-0.148302 0.274873 0.749448 -0.041709 -0.015200 0.067118 0.064193 0.067112 0.064098 0.003837
-0.152015 0.273218 0.754151 -0.041600 -0.015520 0.067055 0.064231 0.067054 0.064139 0.003643
-0.155694 0.271480 0.758867 -0.041467 -0.015841 0.066997 0.064269 0.066994 0.064178 0.003734
-0.159337 0.269660 0.763595 -0.041311 -0.016163 0.066940 0.064308 0.066933 0.064216 0.003792
-0.162946 0.267759 0.768335 -0.041132 -0.016486 0.066883 0.064348 0.066874 0.064253 0.003588
-0.166518 0.265778 0.773086 -0.040931 -0.016811 0.066823 0.064387 0.066817 0.064289 0.003604
-0.170055 0.263718 0.777848 -0.040709 -0.017138 0.066763 0.064424 0.066758 0.064331 0.003591
-0.173554 0.261580 0.782620 -0.040468 -0.017465 0.066704 0.064461 0.066701 0.064371 0.004021
-0.177017 0.259365 0.787402 -0.040207 -0.017791 0.066648 0.064499 0.066643 0.064410 0.003573
-0.180442 0.257073 0.792193 -0.039927 -0.018118 0.066593 0.064537 0.066586 0.064447 0.003567
-0.183829 0.254706 0.796993 -0.039630 -0.018445 0.066536 0.064576 0.066532 0.064484 0.003549
-0.187177 0.252266 0.801801 -0.039316 -0.018772 0.066484 0.064610 0.066474 0.064525 0.003720
-0.190486 0.249752 0.806617 -0.038986 -0.019100 0.066427 0.064649 0.066423 0.064560 0.003563
-0.193756 0.247166 0.811440 -0.038641 -0.019427 0.066376 0.064683 0.066368 0.064599 0.003648
-0.196987 0.244510 0.816271 -0.038281 -0.019754 0.066324 0.064722 0.066317 0.064631 0.003567
-0.200177 0.241784 0.821108 -0.037907 -0.020081 0.066273 0.064755 0.066265 0.064669 0.003651
-0.203326 0.238990 0.825952 -0.037520 -0.020407 0.066220 0.064790 0.066216 0.064706 0.003707
-0.206434 0.236128 0.830802 -0.037121 -0.020732 0.066172 0.064824 0.066167 0.064742 0.003734
-0.209501 0.233201 0.835658 -0.036710 -0.021055 0.066126 0.064857 0.066118 0.064776 0.003697
-0.212526 0.230209 0.840520 -0.036288 -0.021377 0.066080 0.064889 0.066071 0.064809 0.003567
-0.215509 0.227153 0.845387 -0.035856 -0.021698 0.066033 0.064922 0.066027 0.064842 0.003547
-0.218449 0.224035 0.850260 -0.035414 -0.022018 0.065989 0.064953 0.065983 0.064874 0.003774
-0.221345 0.220855 0.855138 -0.034963 -0.022336 0.065945 0.064984 0.065941 0.064905 0.003569
-0.224199 0.217616 0.860020 -0.034504 -0.022651 0.065904 0.065015 0.065898 0.064935 0.003701
-0.227008 0.214318 0.864908 -0.034037 -0.022964 0.065865 0.065043 0.065857 0.064965 0.003653
-0.229774 0.210963 0.869800 -0.033563 -0.023275 0.065826 0.065070 0.065818 0.064994 0.003553
-0.232494 0.207552 0.874696 -0.033082 -0.023584 0.065787 0.065098 0.065781 0.065023 0.003817
-0.235170 0.204085 0.879597 -0.032595 -0.023890 0.065751 0.065124 0.065744 0.065050 0.003587
-0.237800 0.200566 0.884502 -0.032102 -0.024192 0.065714 0.065150 0.065709 0.065077 0.003813
-0.240384 0.196993 0.889411 -0.031605 -0.024491 0.065682 0.065177 0.065675 0.065097 0.003659
-0.242923 0.193370 0.894325 -0.031102 -0.024787 0.065649 0.065199 0.065641 0.065125 0.003636
-0.245415 0.189697 0.899243 -0.030596 -0.025080 0.065618 0.065219 0.065610 0.065151 0.003553
-0.247860 0.185976 0.904164 -0.030086 -0.025370 0.065585 0.065240 0.065581 0.065176 0.003679
-0.250258 0.182207 0.909090 -0.029573 -0.025655 0.065559 0.065262 0.065552 0.065194 0.003739
-0.252608 0.178392 0.914019 -0.029058 -0.025937 0.065533 0.065283 0.065524 0.065213 0.003712
-0.254911 0.174532 0.918953 -0.028540 -0.026216 0.065504 0.065300 0.065498 0.065238 0.003717
-0.257165 0.170629 0.923890 -0.028020 -0.026491 0.065480 0.065318 0.065473 0.065256 0.004903
-0.259371 0.166684 0.928831 -0.027498 -0.026762 0.065454 0.065336 0.065450 0.065273 0.003579
-0.261528 0.162697 0.933777 -0.026975 -0.027028 0.065435 0.065351 0.065425 0.065292 0.003566
-0.263636 0.158671 0.938726 -0.026452 -0.027290 0.065414 0.065368 0.065405 0.065304 0.003548
-0.265694 0.154605 0.943679 -0.025927 -0.027549 0.065389 0.065382 0.065385 0.065322 0.003771
-0.267702 0.150503 0.948636 -0.025403 -0.027803 0.065371 0.065397 0.065366 0.065334 0.003630
-0.269660 0.146364 0.953597 -0.024878 -0.028051 0.065352 0.065406 0.065346 0.065353 0.003554
-0.271568 0.142190 0.958562 -0.024353 -0.028294 0.065338 0.065420 0.065329 0.065360 0.003725
-0.273425 0.137983 0.963531 -0.023830 -0.028534 0.065319 0.065431 0.065314 0.065374 0.003561
-0.275231 0.133742 0.968504 -0.023306 -0.028768 0.065305 0.065439 0.065298 0.065388 0.003560
-0.276986 0.129470 0.973481 -0.022784 -0.028997 0.065289 0.065450 0.065285 0.065396 0.003647
-0.278689 0.125168 0.978462 -0.022263 -0.029221 0.065277 0.065459 0.065271 0.065405 0.003581
-0.280340 0.120836 0.983447 -0.021743 -0.029439 0.065265 0.065465 0.065258 0.065415 0.003688
-0.281939 0.116477 0.988436 -0.021225 -0.029652 0.065251 0.065472 0.065247 0.065425 0.003576
-0.283486 0.112090 0.993430 -0.020708 -0.029860 0.065242 0.065479 0.065236 0.065430 0.003552
-0.284980 0.107678 0.998428 -0.020193 -0.030062 0.065234 0.065484 0.065226 0.065437 0.003587
-0.286421 0.103241 1.003430 -0.019680 -0.030259 0.065223 0.065489 0.065218 0.065444 0.003664
-0.287808 0.098780 1.008436 -0.019170 -0.030450 0.065216 0.065494 0.065210 0.065446 0.003695
-0.289143 0.094297 1.013447 -0.018661 -0.030636 0.065208 0.065500 0.065203 0.065450 0.003583
-0.290424 0.089792 1.018462 -0.018154 -0.030815 0.065201 0.065502 0.065196 0.065455 0.003569
-0.291651 0.085267 1.023481 -0.017650 -0.030989 0.065192 0.065504 0.065190 0.065461 0.003555
-0.292824 0.080723 1.028505 -0.017149 -0.031156 0.065192 0.065504 0.065183 0.065464 0.003622
-0.293942 0.076160 1.033533 -0.016650 -0.031318 0.065183 0.065507 0.065181 0.065465 0.004281
-0.295006 0.071580 1.038566 -0.016153 -0.031473 0.065183 0.065508 0.065176 0.065465 0.003784
-0.296016 0.066984 1.043603 -0.015659 -0.031623 0.065177 0.065506 0.065172 0.065472 0.003697
-0.296971 0.062373 1.048645 -0.015168 -0.031767 0.065174 0.065509 0.065171 0.065466 0.003706
-0.297871 0.057747 1.053691 -0.014679 -0.031904 0.065172 0.065507 0.065168 0.065470 0.003563
-0.298715 0.053108 1.058742 -0.014193 -0.032035 0.065171 0.065505 0.065166 0.065470 0.003558
-0.299505 0.048458 1.063797 -0.013710 -0.032161 0.065169 0.065503 0.065164 0.065471 0.003554
-0.300239 0.043795 1.068858 -0.013229 -0.032280 0.065169 0.065501 0.065164 0.065468 0.003654
-0.300917 0.039123 1.073923 -0.012751 -0.032393 0.065168 0.065500 0.065164 0.065467 0.004768
-0.301540 0.034441 1.078992 -0.012276 -0.032500 0.065170 0.065498 0.065164 0.065463 0.004147
-0.302107 0.029751 1.084067 -0.011803 -0.032600 0.065169 0.065495 0.065166 0.065460 0.003717
-0.302618 0.025054 1.089146 -0.011333 -0.032695 0.065170 0.065490 0.065166 0.065461 0.003992
-0.303072 0.020349 1.094230 -0.010865 -0.032783 0.065173 0.065487 0.065167 0.065456 0.003708
-0.303471 0.015640 1.099319 -0.010400 -0.032866 0.065178 0.065481 0.065168 0.065454 0.003683
-0.303813 0.010926 1.104412 -0.009938 -0.032944 0.065180 0.065476 0.065173 0.065447 0.003747
-0.304100 0.006208 1.109511 -0.009478 -0.033017 0.065183 0.065470 0.065177 0.065445 0.003667
-0.304329 0.001487 1.114614 -0.009020 -0.033085 0.065189 0.065463 0.065182 0.065439 0.003730
-0.304502 -0.003236 1.119722 -0.008564 -0.033147 0.065189 0.065459 0.065187 0.065434 0.003681
-0.304619 -0.007960 1.124835 -0.008111 -0.033203 0.065197 0.065452 0.065190 0.065428 0.003748
-0.304679 -0.012684 1.129953 -0.007659 -0.033254 0.065202 0.065445 0.065195 0.065424 0.003917
-0.304682 -0.017408 1.135076 -0.007210 -0.033299 0.065203 0.065437 0.065201 0.065422 0.003677
-0.304628 -0.022130 1.140204 -0.006763 -0.033337 0.065206 0.065432 0.065205 0.065414 0.003763
-0.304518 -0.026850 1.145337 -0.006317 -0.033369 0.065217 0.065424 0.065208 0.065408 0.004437
-0.304351 -0.031566 1.150475 -0.005873 -0.033396 0.065218 0.065419 0.065215 0.065401 0.003761
-0.304127 -0.036279 1.155617 -0.005431 -0.033417 0.065224 0.065412 0.065221 0.065393 0.003683
-0.303846 -0.040986 1.160765 -0.004990 -0.033431 0.065231 0.065403 0.065224 0.065391 0.003690
-0.303509 -0.045689 1.165917 -0.004551 -0.033441 0.065233 0.065398 0.065232 0.065381 0.003763
-0.303114 -0.050384 1.171074 -0.004113 -0.033443 0.065242 0.065388 0.065235 0.065380 0.005963
-0.302663 -0.055072 1.176236 -0.003676 -0.033440 0.065244 0.065383 0.065243 0.065371 0.003767
-0.302155 -0.059752 1.181403 -0.003240 -0.033431 0.065250 0.065374 0.065247 0.065367 0.003920
-0.301590 -0.064424 1.186575 -0.002805 -0.033415 0.065257 0.065365 0.065251 0.065362 0.003692
-0.300969 -0.069085 1.191751 -0.002372 -0.033395 0.065261 0.065355 0.065255 0.065359 0.003807
-0.300290 -0.073736 1.196932 -0.001939 -0.033368 0.065266 0.065351 0.065262 0.065346 0.003680
-0.299555 -0.078376 1.202117 -0.001507 -0.033336 0.065269 0.065344 0.065267 0.065343 0.003691
-0.298764 -0.083003 1.207307 -0.001075 -0.033297 0.065274 0.065336 0.065270 0.065339 0.003799
-0.297916 -0.087618 1.212501 -0.000644 -0.033252 0.065280 0.065329 0.065275 0.065331 0.003766
-0.297012 -0.092220 1.217699 -0.000213 -0.033201 0.065287 0.065318 0.065279 0.065328 0.003687
-0.296051 -0.096807 1.222901 0.000217 -0.033146 0.065288 0.065311 0.065285 0.065323 0.003763
-0.295034 -0.101378 1.228108 0.000647 -0.033085 0.065294 0.065305 0.065289 0.065312 0.003876
-0.293960 -0.105934 1.233318 0.001077 -0.033018 0.065297 0.065298 0.065295 0.065307 0.003882
-0.292831 -0.110474 1.238532 0.001507 -0.032945 0.065303 0.065291 0.065298 0.065302 0.003666
-0.291645 -0.114995 1.243750 0.001937 -0.032867 0.065304 0.065283 0.065301 0.065300 0.003795
-0.290404 -0.119499 1.248971 0.002367 -0.032782 0.065308 0.065275 0.065304 0.065293 0.003655
-0.289107 -0.123984 1.254196 0.002797 -0.032691 0.065313 0.065268 0.065308 0.065288 0.003780
-0.287754 -0.128449 1.259424 0.003227 -0.032595 0.065316 0.065259 0.065310 0.065285 0.003703
-0.286346 -0.132894 1.264655 0.003658 -0.032494 0.065319 0.065251 0.065314 0.065278 0.003616
-0.284883 -0.137318 1.269888 0.004089 -0.032387 0.065319 0.065247 0.065318 0.065270 0.003796
-0.283364 -0.141720 1.275124 0.004521 -0.032274 0.065326 0.065238 0.065318 0.065269 0.003868
-0.281790 -0.146099 1.280363 0.004953 -0.032156 0.065322 0.065233 0.065322 0.065262 0.003893
-0.280161 -0.150455 1.285603 0.005386 -0.032031 0.065324 0.065225 0.065321 0.065262 0.003765
-0.278478 -0.154787 1.290846 0.005820 -0.031900 0.065327 0.065216 0.065321 0.065257 0.003790
-0.276740 -0.159094 1.296090 0.006254 -0.031764 0.065330 0.065207 0.065322 0.065253 0.003824
-0.274948 -0.163376 1.301335 0.006689 -0.031624 0.065325 0.065200 0.065324 0.065250 0.003761
-0.273101 -0.167632 1.306581 0.007125 -0.031477 0.065327 0.065194 0.065324 0.065242 0.003920
-0.271201 -0.171860 1.311828 0.007562 -0.031324 0.065326 0.065184 0.065321 0.065244 0.003960
-0.269247 -0.176061 1.317075 0.007999 -0.031166 0.065324 0.065177 0.065321 0.065236 0.003796
-0.267239 -0.180234 1.322322 0.008438 -0.031002 0.065324 0.065170 0.065320 0.065232 0.003743
-0.265178 -0.184377 1.327568 0.008878 -0.030832 0.065319 0.065161 0.065316 0.065232 0.003863
-0.263064 -0.188491 1.332813 0.009319 -0.030657 0.065320 0.065151 0.065313 0.065226 0.003943
-0.260896 -0.192574 1.338057 0.009760 -0.030477 0.065311 0.065146 0.065312 0.065223 0.003684
-0.258676 -0.196626 1.343299 0.010203 -0.030291 0.065308 0.065134 0.065304 0.065225 0.003670
-0.256404 -0.200646 1.348538 0.010647 -0.030098 0.065300 0.065127 0.065301 0.065215 0.003838
-0.254079 -0.204634 1.353774 0.011092 -0.029899 0.065297 0.065119 0.065296 0.065215 0.003651
-0.251703 -0.208588 1.359006 0.011539 -0.029694 0.065295 0.065107 0.065290 0.065210 0.003694
-0.249274 -0.212508 1.364234 0.011986 -0.029484 0.065286 0.065097 0.065283 0.065211 0.003765
-0.246794 -0.216394 1.369456 0.012434 -0.029269 0.065276 0.065085 0.065275 0.065208 0.003781
-0.244263 -0.220244 1.374673 0.012884 -0.029048 0.065267 0.065075 0.065267 0.065203 0.003856
-0.241681 -0.224059 1.379884 0.013334 -0.028820 0.065257 0.065062 0.065257 0.065201 0.003660
-0.239048 -0.227837 1.385086 0.013786 -0.028587 0.065242 0.065051 0.065246 0.065200 0.003739
-0.236365 -0.231577 1.390281 0.014238 -0.028346 0.065231 0.065039 0.065233 0.065195 0.003906
-0.233632 -0.235279 1.395466 0.014692 -0.028099 0.065216 0.065026 0.065220 0.065195 0.003673
-0.230848 -0.238943 1.400641 0.015146 -0.027845 0.065210 0.065010 0.065208 0.065183 0.003686
-0.228015 -0.242567 1.405804 0.015601 -0.027586 0.065188 0.064997 0.065194 0.065189 0.003758
-0.225133 -0.246152 1.410955 0.016057 -0.027320 0.065177 0.064978 0.065178 0.065179 0.003570
-0.222202 -0.249696 1.416092 0.016514 -0.027048 0.065158 0.064962 0.065163 0.065178 0.007435
-0.219222 -0.253198 1.421215 0.016972 -0.026770 0.065141 0.064941 0.065145 0.065172 0.003709
-0.216193 -0.256659 1.426321 0.017430 -0.026485 0.065118 0.064920 0.065124 0.065172 0.003664
-0.213117 -0.260078 1.431409 0.017889 -0.026193 0.065086 0.064902 0.065103 0.065167 0.003553
-0.209992 -0.263453 1.436478 0.018349 -0.025891 0.065074 0.064875 0.065078 0.065159 0.003790
-0.206821 -0.266784 1.441525 0.018809 -0.025584 0.065047 0.064849 0.065055 0.065153 0.003793
-0.203602 -0.270071 1.446550 0.019269 -0.025270 0.065015 0.064824 0.065030 0.065147 0.003688
-0.200336 -0.273314 1.451551 0.019730 -0.024947 0.064986 0.064796 0.065002 0.065140 0.003689
-0.197023 -0.276510 1.456524 0.020191 -0.024616 0.064959 0.064762 0.064967 0.065139 0.003585
-0.193665 -0.279661 1.461469 0.020652 -0.024278 0.064925 0.064724 0.064938 0.065123 0.003642
-0.190260 -0.282765 1.466383 0.021113 -0.023933 0.064884 0.064690 0.064903 0.065122 0.003552
-0.186810 -0.285821 1.471264 0.021574 -0.023580 0.064845 0.064647 0.064864 0.065108 0.003760
-0.183314 -0.288830 1.476108 0.022035 -0.023217 0.064801 0.064606 0.064826 0.065096 0.003588
-0.179774 -0.291790 1.480913 0.022495 -0.022845 0.064758 0.064559 0.064780 0.065089 0.003772
-0.176189 -0.294700 1.485676 0.022955 -0.022464 0.064705 0.064512 0.064733 0.065080 0.003713
-0.172559 -0.297561 1.490394 0.023415 -0.022072 0.064653 0.064460 0.064682 0.065068 0.003863
-0.168886 -0.300372 1.495064 0.023873 -0.021671 0.064597 0.064406 0.064629 0.065057 0.003678
-0.165169 -0.303132 1.499681 0.024331 -0.021259 0.064542 0.064345 0.064571 0.065044 0.003964
-0.161409 -0.305840 1.504243 0.024787 -0.020838 0.064470 0.064291 0.064513 0.065034 0.003665
-0.157605 -0.308496 1.508746 0.025242 -0.020404 0.064409 0.064228 0.064451 0.065017 0.003675
-0.153759 -0.311098 1.513184 0.025695 -0.019959 0.064341 0.064171 0.064386 0.065011 0.003705
-0.149870 -0.313647 1.517556 0.026147 -0.019501 0.064272 0.064111 0.064317 0.065003 0.003703
-0.145939 -0.316140 1.521856 0.026596 -0.019031 0.064200 0.064057 0.064249 0.065000 0.003849
-0.141966 -0.318578 1.526080 0.027042 -0.018549 0.064119 0.064017 0.064181 0.065003 0.003753
-0.137951 -0.320960 1.530226 0.027486 -0.018051 0.064054 0.063978 0.064114 0.065004 0.003685
-0.133895 -0.323283 1.534288 0.027926 -0.017540 0.063990 0.063959 0.064055 0.065012 0.003800
-0.129798 -0.325547 1.538265 0.028362 -0.017013 0.063936 0.063961 0.064001 0.065041 0.003669
-0.125660 -0.327751 1.542155 0.028794 -0.016471 0.063888 0.063984 0.063960 0.065072 0.003691
-0.121483 -0.329893 1.545956 0.029221 -0.015913 0.063861 0.064039 0.063934 0.065119 0.003638
-0.117265 -0.331971 1.549668 0.029642 -0.015339 0.063852 0.064124 0.063930 0.065171 0.003699
-0.113007 -0.333983 1.553294 0.030057 -0.014749 0.063865 0.064263 0.063949 0.065257 0.003833
-0.108711 -0.335928 1.556837 0.030465 -0.014142 0.063915 0.064430 0.063992 0.065348 0.003713
-0.104377 -0.337804 1.560302 0.030865 -0.013519 0.063990 0.064651 0.064073 0.065467 0.003741
-0.100005 -0.339608 1.563697 0.031256 -0.012880 0.064105 0.064912 0.064181 0.065595 0.003783
-0.095597 -0.341339 1.567033 0.031639 -0.012227 0.064253 0.065223 0.064326 0.065757 0.003675
-0.091154 -0.342993 1.570323 0.032011 -0.011562 0.064434 0.065580 0.064505 0.065928 0.003695
-0.086676 -0.344570 1.573580 0.032372 -0.010885 0.064658 0.065969 0.064720 0.066117 0.003708
-0.082166 -0.346067 1.576823 0.032722 -0.010199 0.064911 0.066399 0.064963 0.066326 0.003685
-0.077626 -0.347483 1.580070 0.033060 -0.009508 0.065190 0.066857 0.065239 0.066547 0.003731
-0.073056 -0.348815 1.583344 0.033385 -0.008811 0.065496 0.067330 0.065541 0.066771 0.003666
-0.068459 -0.350064 1.586667 0.033698 -0.008111 0.065827 0.067821 0.065854 0.067012 0.003679
-0.063838 -0.351226 1.590064 0.033996 -0.007412 0.066166 0.068323 0.066183 0.067250 0.003655
-0.059195 -0.352303 1.593560 0.034281 -0.006717 0.066514 0.068820 0.066526 0.067487 0.003693
-0.054532 -0.353294 1.597180 0.034552 -0.006027 0.066862 0.069306 0.066865 0.067725 0.003864
-0.049852 -0.354198 1.600950 0.034808 -0.005345 0.067204 0.069777 0.067193 0.067955 0.003714
-0.045158 -0.355015 1.604896 0.035050 -0.004674 0.067523 0.070224 0.067506 0.068172 0.003689
-0.040454 -0.355745 1.609041 0.035277 -0.004015 0.067819 0.070630 0.067798 0.068370 0.003911
-0.035740 -0.356387 1.613407 0.035488 -0.003370 0.068086 0.070979 0.068054 0.068547 0.003589
-0.031022 -0.356943 1.618016 0.035685 -0.002740 0.068306 0.071266 0.068263 0.068696 0.003643
-0.026302 -0.357410 1.622882 0.035867 -0.002129 0.068465 0.071479 0.068419 0.068811 0.003634
-0.021583 -0.357789 1.628018 0.036033 -0.001538 0.068565 0.071598 0.068511 0.068886 0.003955
-0.016867 -0.358077 1.633433 0.036184 -0.000968 0.068593 0.071618 0.068540 0.068914 0.003701
-0.012158 -0.358273 1.639128 0.036319 -0.000419 0.068549 0.071533 0.068491 0.068897 0.003711
-0.007457 -0.358375 1.645100 0.036440 0.000109 0.068422 0.071338 0.068367 0.068829 0.003669
-0.002768 -0.358379 1.651341 0.036545 0.000616 0.068227 0.071037 0.068170 0.068710 0.003724
0.001909 -0.358285 1.657835 0.036635 0.001103 0.067960 0.070638 0.067910 0.068543 0.003757
0.006573 -0.358088 1.664562 0.036711 0.001571 0.067634 0.070150 0.067585 0.068333 0.003722
0.011222 -0.357786 1.671498 0.036772 0.002023 0.067260 0.069593 0.067220 0.068082 0.003687
0.015856 -0.357376 1.678615 0.036819 0.002461 0.066853 0.068989 0.066827 0.067799 0.003860
0.020475 -0.356858 1.685882 0.036853 0.002889 0.066427 0.068351 0.066404 0.067499 0.003659
0.025080 -0.356229 1.693266 0.036874 0.003309 0.065986 0.067698 0.065964 0.067188 0.003702
0.029672 -0.355489 1.700734 0.036882 0.003721 0.065538 0.067046 0.065524 0.066869 0.003814
0.034251 -0.354638 1.708253 0.036878 0.004128 0.065101 0.066416 0.065100 0.066548 0.003679
0.038819 -0.353677 1.715790 0.036862 0.004533 0.064688 0.065814 0.064688 0.066237 0.003954
0.043376 -0.352606 1.723316 0.036835 0.004937 0.064301 0.065258 0.064309 0.065935 0.003678
0.047923 -0.351428 1.730801 0.036797 0.005343 0.063945 0.064748 0.063961 0.065654 0.003695
0.052461 -0.350146 1.738221 0.036749 0.005752 0.063625 0.064291 0.063639 0.065395 0.003664
0.056990 -0.348762 1.745551 0.036691 0.006164 0.063348 0.063895 0.063358 0.065155 0.003698
0.061510 -0.347279 1.752771 0.036624 0.006577 0.063101 0.063556 0.063124 0.064943 0.003891
0.066021 -0.345700 1.759865 0.036546 0.006995 0.062903 0.063276 0.062915 0.064758 0.003667
0.070523 -0.344028 1.766818 0.036460 0.007416 0.062738 0.063055 0.062760 0.064595 0.003808
0.075014 -0.342266 1.773619 0.036365 0.007841 0.062616 0.062890 0.062636 0.064461 0.003754
0.079495 -0.340416 1.780260 0.036262 0.008270 0.062532 0.062778 0.062544 0.064355 0.003789
0.083963 -0.338483 1.786734 0.036150 0.008702 0.062472 0.062714 0.062494 0.064277 0.003670
0.088417 -0.336467 1.793038 0.036030 0.009139 0.062455 0.062698 0.062473 0.064217 0.003717
0.092855 -0.334371 1.799172 0.035901 0.009579 0.062471 0.062724 0.062480 0.064182 0.003668
0.097276 -0.332196 1.805137 0.035765 0.010021 0.062507 0.062787 0.062517 0.064171 0.003738
0.101679 -0.329945 1.810935 0.035621 0.010464 0.062566 0.062882 0.062578 0.064182 0.003661
0.106060 -0.327618 1.816571 0.035469 0.010909 0.062653 0.063005 0.062659 0.064205 0.003670
0.110418 -0.325216 1.822052 0.035310 0.011355 0.062755 0.063154 0.062760 0.064250 0.003814
0.114751 -0.322740 1.827384 0.035143 0.011801 0.062870 0.063321 0.062876 0.064311 0.003766
0.119058 -0.320191 1.832577 0.034968 0.012249 0.062996 0.063503 0.063003 0.064388 0.003682
0.123336 -0.317568 1.837639 0.034785 0.012699 0.063134 0.063700 0.063133 0.064475 0.003692
0.127584 -0.314873 1.842580 0.034594 0.013148 0.063284 0.063901 0.063273 0.064565 0.003779
0.131799 -0.312106 1.847411 0.034396 0.013593 0.063433 0.064105 0.063423 0.064667 0.003746
0.135980 -0.309266 1.852142 0.034190 0.014034 0.063582 0.064305 0.063573 0.064773 0.003688
0.140126 -0.306354 1.856784 0.033975 0.014472 0.063729 0.064501 0.063722 0.064883 0.003675
0.144235 -0.303371 1.861346 0.033753 0.014908 0.063879 0.064691 0.063863 0.064991 0.003828
0.148304 -0.300315 1.865840 0.033523 0.015338 0.064021 0.064871 0.064003 0.065098 0.003670
0.152334 -0.297188 1.870275 0.033285 0.015763 0.064159 0.065033 0.064143 0.065199 0.003896
0.156323 -0.293990 1.874660 0.033038 0.016183 0.064290 0.065190 0.064269 0.065299 0.003666
0.160268 -0.290720 1.879005 0.032784 0.016596 0.064416 0.065328 0.064394 0.065391 0.003685
0.164170 -0.287380 1.883316 0.032522 0.017001 0.064531 0.065450 0.064511 0.065476 0.003724
0.168028 -0.283969 1.887601 0.032252 0.017400 0.064638 0.065564 0.064613 0.065558 0.003757
0.171839 -0.280488 1.891868 0.031974 0.017791 0.064738 0.065660 0.064714 0.065631 0.003668
0.175603 -0.276937 1.896123 0.031688 0.018175 0.064829 0.065741 0.064808 0.065697 0.006967
0.179320 -0.273318 1.900370 0.031395 0.018550 0.064915 0.065811 0.064889 0.065753 0.003657
0.182988 -0.269630 1.904615 0.031094 0.018917 0.064991 0.065868 0.064966 0.065805 0.003564
0.186606 -0.265873 1.908863 0.030786 0.019276 0.065059 0.065913 0.065036 0.065851 0.003606
0.190174 -0.262050 1.913116 0.030472 0.019627 0.065123 0.065951 0.065096 0.065888 0.003825
0.193691 -0.258160 1.917379 0.030150 0.019969 0.065178 0.065978 0.065152 0.065921 0.003577
0.197156 -0.254204 1.921653 0.029822 0.020302 0.065227 0.065995 0.065203 0.065949 0.003853
0.200569 -0.250182 1.925942 0.029487 0.020627 0.065273 0.066008 0.065247 0.065971 0.003880
0.203928 -0.246096 1.930247 0.029146 0.020944 0.065313 0.066014 0.065287 0.065989 0.003563
0.207233 -0.241947 1.934570 0.028799 0.021252 0.065348 0.066013 0.065324 0.066004 0.003693
0.210484 -0.237734 1.938912 0.028447 0.021552 0.065382 0.066009 0.065355 0.066013 0.003625
0.213679 -0.233459 1.943276 0.028089 0.021843 0.065411 0.066001 0.065385 0.066020 0.003654
0.216818 -0.229123 1.947661 0.027726 0.022125 0.065435 0.065988 0.065412 0.066026 0.003562
0.219900 -0.224727 1.952068 0.027358 0.022400 0.065458 0.065971 0.065437 0.066029 0.003755
0.222924 -0.220271 1.956499 0.026986 0.022668 0.065479 0.065959 0.065453 0.066032 0.003663
0.225890 -0.215757 1.960954 0.026609 0.022927 0.065501 0.065944 0.065472 0.066027 0.003755
0.228797 -0.211186 1.965432 0.026227 0.023177 0.065514 0.065923 0.065490 0.066028 0.003899
0.231644 -0.206558 1.969936 0.025842 0.023419 0.065532 0.065902 0.065508 0.066022 0.003889
0.234430 -0.201874 1.974464 0.025453 0.023654 0.065546 0.065882 0.065521 0.066020 0.003746
0.237154 -0.197136 1.979018 0.025060 0.023880 0.065561 0.065863 0.065532 0.066014 0.003766
0.239816 -0.192345 1.983598 0.024665 0.024097 0.065573 0.065842 0.065545 0.066009 0.003670
0.242415 -0.187502 1.988204 0.024266 0.024306 0.065581 0.065823 0.065554 0.066008 0.003687
0.244950 -0.182608 1.992836 0.023864 0.024507 0.065595 0.065802 0.065565 0.065999 0.003638
0.247420 -0.177665 1.997494 0.023459 0.024698 0.065603 0.065782 0.065574 0.065995 0.003769
0.249825 -0.172672 2.002180 0.023052 0.024882 0.065613 0.065759 0.065586 0.065988 0.003781
0.252162 -0.167633 2.006893 0.022642 0.025058 0.065622 0.065737 0.065595 0.065984 0.003693
0.254432 -0.162547 2.011634 0.022231 0.025226 0.065630 0.065720 0.065599 0.065982 0.003687
0.256634 -0.157418 2.016403 0.021817 0.025387 0.065642 0.065703 0.065608 0.065972 0.003683
0.258765 -0.152244 2.021200 0.021402 0.025537 0.065647 0.065685 0.065613 0.065967 0.003695
0.260827 -0.147030 2.026027 0.020985 0.025680 0.065654 0.065665 0.065622 0.065959 0.003834
0.262817 -0.141775 2.030883 0.020566 0.025814 0.065657 0.065645 0.065625 0.065959 0.003659
0.264734 -0.136481 2.035769 0.020146 0.025940 0.065666 0.065627 0.065631 0.065951 0.003731
0.266579 -0.131150 2.040686 0.019725 0.026058 0.065670 0.065610 0.065634 0.065948 0.003917
0.268348 -0.125784 2.045633 0.019303 0.026168 0.065676 0.065595 0.065639 0.065939 0.003685
0.270043 -0.120383 2.050612 0.018880 0.026269 0.065678 0.065577 0.065639 0.065936 0.003694
0.271660 -0.114951 2.055623 0.018456 0.026361 0.065680 0.065558 0.065644 0.065928 0.003692
0.273201 -0.109488 2.060667 0.018031 0.026446 0.065683 0.065542 0.065644 0.065922 0.003697
0.274663 -0.103997 2.065744 0.017606 0.026522 0.065683 0.065526 0.065642 0.065916 0.003790
0.276045 -0.098479 2.070854 0.017181 0.026590 0.065684 0.065512 0.065640 0.065907 0.003742
0.277347 -0.092936 2.075999 0.016755 0.026648 0.065680 0.065495 0.065638 0.065900 0.003688
0.278568 -0.087371 2.081178 0.016328 0.026698 0.065677 0.065476 0.065635 0.065892 0.003828
0.279706 -0.081785 2.086392 0.015902 0.026741 0.065674 0.065460 0.065630 0.065880 0.003671
0.280761 -0.076180 2.091641 0.015475 0.026775 0.065668 0.065442 0.065623 0.065870 0.003679
0.281731 -0.070559 2.096926 0.015048 0.026800 0.065662 0.065427 0.065614 0.065858 0.003661
0.282616 -0.064924 2.102247 0.014621 0.026817 0.065652 0.065409 0.065604 0.065846 0.003727
0.283415 -0.059277 2.107604 0.014194 0.026825 0.065640 0.065391 0.065594 0.065834 0.003739
0.284127 -0.053620 2.112997 0.013767 0.026825 0.065631 0.065375 0.065581 0.065816 0.003758
0.284751 -0.047956 2.118426 0.013340 0.026817 0.065619 0.065360 0.065566 0.065792 0.003699
0.285286 -0.042287 2.123891 0.012914 0.026801 0.065599 0.065338 0.065549 0.065773 0.007030
0.285733 -0.036616 2.129392 0.012487 0.026776 0.065584 0.065322 0.065528 0.065754 0.003627
0.286089 -0.030945 2.134929 0.012061 0.026743 0.065564 0.065305 0.065507 0.065731 0.003581
0.286354 -0.025277 2.140501 0.011635 0.026700 0.065541 0.065286 0.065487 0.065704 0.003734
0.286529 -0.019615 2.146107 0.011208 0.026650 0.065518 0.065267 0.065460 0.065677 0.003702
0.286612 -0.013960 2.151747 0.010783 0.026590 0.065492 0.065248 0.065434 0.065647 0.003796
0.286603 -0.008315 2.157420 0.010357 0.026522 0.065465 0.065229 0.065404 0.065617 0.003798
0.286503 -0.002684 2.163126 0.009931 0.026444 0.065433 0.065229 0.065359 0.065603 0.003690
0.286310 0.002931 2.168863 0.009505 0.026352 0.065395 0.065234 0.065315 0.065587 0.003749
0.286024 0.008529 2.174630 0.009079 0.026245 0.065351 0.065231 0.065276 0.065568 0.003799
0.285647 0.014105 2.180428 0.008651 0.026124 0.065309 0.065224 0.065237 0.065548 0.003683
0.285178 0.019658 2.186253 0.008223 0.025991 0.065266 0.065214 0.065201 0.065520 0.003684
0.284617 0.025184 2.192106 0.007794 0.025848 0.065227 0.065203 0.065162 0.065483 0.003718
0.283964 0.030682 2.197984 0.007364 0.025696 0.065185 0.065185 0.065122 0.065444 0.003685
0.283221 0.036149 2.203885 0.006932 0.025537 0.065145 0.065165 0.065080 0.065404 0.003790
0.282388 0.041583 2.209809 0.006499 0.025369 0.065107 0.065146 0.065039 0.065356 0.003662
0.281465 0.046980 2.215752 0.006064 0.025193 0.065064 0.065123 0.064999 0.065301 0.003673
0.280453 0.052340 2.221712 0.005628 0.025009 0.065023 0.065096 0.064956 0.065244 0.004041
0.279353 0.057659 2.227688 0.005190 0.024817 0.064979 0.065065 0.064914 0.065188 0.003747
0.278167 0.062936 2.233675 0.004751 0.024618 0.064939 0.065035 0.064873 0.065125 0.003769
0.276894 0.068168 2.239671 0.004310 0.024413 0.064894 0.065002 0.064832 0.065061 0.003665
0.275537 0.073354 2.245673 0.003868 0.024201 0.064853 0.064970 0.064790 0.064992 0.003775
0.274096 0.078492 2.251678 0.003424 0.023984 0.064811 0.064937 0.064746 0.064924 0.003874
0.272573 0.083581 2.257683 0.002980 0.023760 0.064767 0.064903 0.064706 0.064851 0.003741
0.270969 0.088618 2.263684 0.002534 0.023530 0.064724 0.064868 0.064663 0.064780 0.003697
0.269286 0.093603 2.269677 0.002087 0.023296 0.064684 0.064834 0.064622 0.064706 0.003861
0.267525 0.098535 2.275660 0.001639 0.023056 0.064640 0.064796 0.064580 0.064643 0.003675
0.265688 0.103412 2.281629 0.001190 0.022811 0.064601 0.064765 0.064543 0.064570 0.003697
0.263775 0.108234 2.287579 0.000741 0.022563 0.064560 0.064731 0.064506 0.064498 0.003684
0.261790 0.112999 2.293508 0.000290 0.022311 0.064526 0.064699 0.064466 0.064434 0.003714
0.259734 0.117709 2.299412 -0.000160 0.022054 0.064489 0.064666 0.064434 0.064375 0.003758
0.257608 0.122361 2.305287 -0.000612 0.021794 0.064454 0.064636 0.064406 0.064314 0.003681
0.255413 0.126956 2.311130 -0.001063 0.021533 0.064425 0.064611 0.064378 0.064251 0.003700
0.253153 0.131494 2.316938 -0.001515 0.021270 0.064401 0.064585 0.064344 0.064202 0.003693
0.250827 0.135974 2.322708 -0.001968 0.021003 0.064372 0.064560 0.064327 0.064155 0.003758
0.248439 0.140397 2.328438 -0.002420 0.020733 0.064354 0.064543 0.064307 0.064106 0.003690
0.245989 0.144764 2.334123 -0.002872 0.020462 0.064333 0.064523 0.064290 0.064064 0.003826
0.243479 0.149073 2.339762 -0.003324 0.020190 0.064319 0.064506 0.064277 0.064031 0.003616
0.240911 0.153327 2.345352 -0.003776 0.019916 0.064310 0.064494 0.064268 0.063999 0.003891
0.238286 0.157526 2.350891 -0.004227 0.019641 0.064300 0.064482 0.064263 0.063975 0.003677
0.235607 0.161669 2.356378 -0.004678 0.019365 0.064302 0.064474 0.064260 0.063959 0.003757
0.232873 0.165758 2.361811 -0.005128 0.019086 0.064302 0.064471 0.064267 0.063944 0.003732
0.230088 0.169794 2.367188 -0.005578 0.018807 0.064308 0.064469 0.064274 0.063937 0.003689
0.227251 0.173776 2.372509 -0.006027 0.018527 0.064317 0.064467 0.064289 0.063939 0.003762
0.224366 0.177707 2.377773 -0.006475 0.018247 0.064337 0.064473 0.064305 0.063941 0.003709
0.221432 0.181586 2.382979 -0.006923 0.017967 0.064355 0.064479 0.064328 0.063951 0.003681
0.218451 0.185415 2.388128 -0.007369 0.017687 0.064380 0.064488 0.064353 0.063970 0.003806
0.215425 0.189194 2.393219 -0.007814 0.017406 0.064411 0.064502 0.064384 0.063989 0.003665
0.212355 0.192924 2.398254 -0.008258 0.017124 0.064444 0.064518 0.064418 0.064016 0.005455
0.209242 0.196605 2.403233 -0.008701 0.016842 0.064483 0.064537 0.064457 0.064043 0.003911
0.206087 0.200238 2.408157 -0.009142 0.016558 0.064523 0.064557 0.064499 0.064078 0.003571
0.202891 0.203824 2.413028 -0.009581 0.016273 0.064564 0.064576 0.064546 0.064120 0.003610
0.199655 0.207363 2.417847 -0.010019 0.015987 0.064615 0.064599 0.064591 0.064168 0.003637
0.196381 0.210856 2.422617 -0.010454 0.015700 0.064666 0.064626 0.064647 0.064217 0.003606
0.193069 0.214303 2.427338 -0.010888 0.015412 0.064720 0.064653 0.064703 0.064270 0.003713
0.189721 0.217705 2.432015 -0.011320 0.015124 0.064779 0.064683 0.064764 0.064322 0.003559
0.186336 0.221061 2.436649 -0.011750 0.014835 0.064838 0.064709 0.064825 0.064383 0.003849
0.182918 0.224371 2.441243 -0.012177 0.014547 0.064903 0.064740 0.064892 0.064444 0.003735
0.179465 0.227637 2.445801 -0.012602 0.014260 0.064971 0.064773 0.064961 0.064500 0.003694
0.175979 0.230857 2.450325 -0.013024 0.013974 0.065040 0.064803 0.065028 0.064560 0.003610
0.172461 0.234031 2.454820 -0.013443 0.013687 0.065109 0.064832 0.065098 0.064622 0.003893
0.168911 0.237160 2.459287 -0.013858 0.013401 0.065179 0.064861 0.065167 0.064688 0.003680
0.165331 0.240242 2.463732 -0.014271 0.013115 0.065250 0.064893 0.065240 0.064749 0.003693
0.161721 0.243278 2.468157 -0.014680 0.012829 0.065321 0.064923 0.065308 0.064811 0.003646
0.158082 0.246267 2.472567 -0.015085 0.012541 0.065389 0.064951 0.065376 0.064875 0.003857
0.154414 0.249208 2.476964 -0.015486 0.012253 0.065457 0.064982 0.065446 0.064933 0.003949
0.150719 0.252101 2.481352 -0.015883 0.011963 0.065522 0.065010 0.065510 0.064990 0.003762
0.146997 0.254944 2.485736 -0.016276 0.011672 0.065584 0.065036 0.065572 0.065047 0.003681
0.143249 0.257736 2.490117 -0.016664 0.011378 0.065647 0.065065 0.065630 0.065096 0.003784
0.139475 0.260478 2.494500 -0.017048 0.011082 0.065700 0.065088 0.065687 0.065144 0.003678
0.135677 0.263167 2.498888 -0.017426 0.010784 0.065750 0.065109 0.065740 0.065190 0.003696
0.131855 0.265803 2.503284 -0.017800 0.010484 0.065802 0.065134 0.065784 0.065228 0.003732
0.128009 0.268384 2.507689 -0.018169 0.010181 0.065842 0.065152 0.065829 0.065263 0.003678
0.124141 0.270909 2.512108 -0.018532 0.009876 0.065882 0.065170 0.065865 0.065296 0.003729
0.120251 0.273378 2.516541 -0.018890 0.009568 0.065913 0.065187 0.065901 0.065321 0.003736
0.116340 0.275788 2.520991 -0.019242 0.009258 0.065943 0.065202 0.065927 0.065341 0.003692
0.112410 0.278138 2.525460 -0.019589 0.008945 0.065965 0.065213 0.065950 0.065359 0.003733
0.108459 0.280428 2.529948 -0.019930 0.008630 0.065984 0.065225 0.065971 0.065367 0.003659
0.104491 0.282655 2.534458 -0.020265 0.008312 0.066001 0.065235 0.065980 0.065373 0.003766
0.100505 0.284820 2.538989 -0.020595 0.007990 0.066006 0.065240 0.065992 0.065378 0.003660
0.096503 0.286919 2.543542 -0.020918 0.007666 0.066013 0.065246 0.065998 0.065372 0.003705
0.092484 0.288953 2.548119 -0.021236 0.007340 0.066013 0.065248 0.065999 0.065364 0.003761
0.088451 0.290920 2.552717 -0.021548 0.007011 0.066010 0.065249 0.065992 0.065357 0.003658
0.084405 0.292819 2.557338 -0.021854 0.006679 0.066002 0.065249 0.065990 0.065341 0.003709
0.080345 0.294649 2.561981 -0.022154 0.006346 0.065995 0.065247 0.065977 0.065323 0.003755
0.076274 0.296409 2.566645 -0.022448 0.006010 0.065979 0.065244 0.065969 0.065299 0.003713
0.072192 0.298098 2.571329 -0.022737 0.005673 0.065964 0.065237 0.065951 0.065281 0.003728
0.068100 0.299715 2.576033 -0.023019 0.005335 0.065948 0.065234 0.065936 0.065253 0.003673
0.063999 0.301261 2.580755 -0.023296 0.004995 0.065930 0.065225 0.065915 0.065228 0.003658
0.059891 0.302733 2.585493 -0.023566 0.004652 0.065910 0.065219 0.065896 0.065203 0.003971
0.055775 0.304132 2.590246 -0.023831 0.004308 0.065888 0.065209 0.065877 0.065176 0.003716
0.051654 0.305457 2.595014 -0.024090 0.003962 0.065866 0.065202 0.065858 0.065146 0.003725
0.047529 0.306707 2.599793 -0.024343 0.003616 0.065847 0.065192 0.065835 0.065117 0.003672
0.043399 0.307883 2.604584 -0.024590 0.003269 0.065822 0.065184 0.065817 0.065087 0.003675
0.039267 0.308985 2.609383 -0.024832 0.002921 0.065804 0.065174 0.065791 0.065059 0.003829
0.035133 0.310011 2.614191 -0.025068 0.002572 0.065780 0.065163 0.065773 0.065036 0.003672
0.030998 0.310963 2.619004 -0.025298 0.002223 0.065762 0.065154 0.065754 0.065009 0.005540
0.026863 0.311840 2.623821 -0.025523 0.001874 0.065742 0.065145 0.065735 0.064987 0.007415
0.022729 0.312642 2.628641 -0.025742 0.001523 0.065727 0.065137 0.065718 0.064963 0.003810
0.018597 0.313369 2.633463 -0.025955 0.001172 0.065710 0.065128 0.065702 0.064943 0.003742
0.014468 0.314022 2.638285 -0.026162 0.000820 0.065693 0.065118 0.065690 0.064927 0.003768
0.010343 0.314601 2.643107 -0.026364 0.000469 0.065679 0.065113 0.065677 0.064911 0.003644
0.006221 0.315107 2.647926 -0.026561 0.000118 0.065669 0.065105 0.065665 0.064898 0.003664
0.002106 0.315539 2.652741 -0.026752 -0.000233 0.065663 0.065100 0.065655 0.064883 0.003747
-0.002004 0.315898 2.657553 -0.026937 -0.000585 0.065653 0.065094 0.065648 0.064873 0.004347
-0.006108 0.316184 2.662360 -0.027116 -0.000938 0.065646 0.065091 0.065644 0.064863 0.006198
-0.010203 0.316398 2.667161 -0.027290 -0.001291 0.065639 0.065087 0.065639 0.064857 0.003815
-0.014291 0.316541 2.671956 -0.027459 -0.001642 0.065638 0.065084 0.065636 0.064849 0.003846
-0.018369 0.316613 2.676745 -0.027621 -0.001994 0.065638 0.065081 0.065632 0.064846 0.004566
-0.022438 0.316613 2.681526 -0.027778 -0.002347 0.065636 0.065078 0.065632 0.064849 0.003695
-0.026497 0.316544 2.686300 -0.027930 -0.002701 0.065635 0.065078 0.065635 0.064849 0.003680
-0.030545 0.316405 2.691066 -0.028076 -0.003054 0.065640 0.065080 0.065638 0.064847 0.003811
-0.034581 0.316197 2.695824 -0.028216 -0.003407 0.065642 0.065080 0.065641 0.064850 0.003681
-0.038605 0.315921 2.700574 -0.028350 -0.003761 0.065646 0.065079 0.065643 0.064857 0.003991
-0.042616 0.315576 2.705317 -0.028479 -0.004115 0.065652 0.065085 0.065651 0.064857 0.003674
-0.046613 0.315164 2.710053 -0.028602 -0.004469 0.065657 0.065084 0.065655 0.064866 0.003688
-0.050596 0.314685 2.714780 -0.028719 -0.004824 0.065664 0.065086 0.065663 0.064874 0.003894
-0.054565 0.314140 2.719501 -0.028831 -0.005179 0.065673 0.065091 0.065670 0.064880 0.003698
-0.058519 0.313528 2.724214 -0.028937 -0.005534 0.065678 0.065094 0.065678 0.064889 0.003673
-0.062456 0.312851 2.728921 -0.029037 -0.005890 0.065688 0.065099 0.065686 0.064896 0.003674
-0.066377 0.312109 2.733622 -0.029131 -0.006246 0.065694 0.065102 0.065695 0.064907 0.003667
-0.070281 0.311302 2.738317 -0.029220 -0.006601 0.065701 0.065108 0.065705 0.064916 0.003768
-0.074168 0.310432 2.743007 -0.029302 -0.006956 0.065715 0.065113 0.065710 0.064922 0.003658
-0.078036 0.309497 2.747692 -0.029379 -0.007311 0.065719 0.065117 0.065722 0.064932 0.003936
-0.081886 0.308500 2.752372 -0.029450 -0.007666 0.065731 0.065122 0.065729 0.064940 0.003723
-0.085716 0.307440 2.757049 -0.029515 -0.008022 0.065738 0.065125 0.065737 0.064952 0.003715
-0.089527 0.306318 2.761722 -0.029575 -0.008378 0.065744 0.065131 0.065748 0.064962 0.003687
-0.093317 0.305134 2.766391 -0.029628 -0.008733 0.065753 0.065134 0.065754 0.064974 0.003666
-0.097086 0.303888 2.771059 -0.029676 -0.009087 0.065765 0.065142 0.065762 0.064978 0.003780
-0.100834 0.302582 2.775724 -0.029717 -0.009443 0.065768 0.065143 0.065769 0.064992 0.003846
-0.104560 0.301216 2.780388 -0.029753 -0.009798 0.065778 0.065150 0.065777 0.064997 0.003860
-0.108263 0.299789 2.785051 -0.029782 -0.010154 0.065783 0.065154 0.065785 0.065006 0.003806
-0.111943 0.298303 2.789713 -0.029806 -0.010508 0.065790 0.065159 0.065791 0.065013 0.003849
-0.115600 0.296758 2.794375 -0.029824 -0.010863 0.065794 0.065163 0.065795 0.065024 0.003698
-0.119232 0.295154 2.799038 -0.029836 -0.011217 0.065799 0.065169 0.065798 0.065034 0.003738
-0.122840 0.293491 2.803701 -0.029842 -0.011572 0.065804 0.065175 0.065799 0.065041 0.003664
-0.126422 0.291771 2.808365 -0.029843 -0.011928 0.065805 0.065182 0.065805 0.065046 0.003693
-0.129979 0.289994 2.813031 -0.029837 -0.012284 0.065807 0.065184 0.065808 0.065054 0.003849
-0.133509 0.288159 2.817699 -0.029826 -0.012640 0.065811 0.065188 0.065810 0.065061 0.003681
-0.137013 0.286268 2.822369 -0.029809 -0.012995 0.065811 0.065189 0.065814 0.065070 0.003674
-0.140489 0.284321 2.827041 -0.029786 -0.013349 0.065813 0.065195 0.065818 0.065071 0.003679
-0.143937 0.282318 2.831716 -0.029757 -0.013701 0.065818 0.065196 0.065816 0.065076 0.003720
-0.147357 0.280260 2.836395 -0.029723 -0.014052 0.065819 0.065198 0.065820 0.065080 0.003884
-0.150748 0.278147 2.841076 -0.029683 -0.014403 0.065817 0.065199 0.065823 0.065087 0.003558
-0.154109 0.275980 2.845761 -0.029637 -0.014751 0.065824 0.065201 0.065823 0.065086 0.003786
-0.157441 0.273759 2.850451 -0.029586 -0.015099 0.065823 0.065201 0.065824 0.065090 0.003564
-0.160742 0.271485 2.855144 -0.029529 -0.015446 0.065822 0.065202 0.065827 0.065091 0.003709
-0.164012 0.269158 2.859841 -0.029466 -0.015790 0.065824 0.065203 0.065826 0.065092 0.003578
-0.167251 0.266778 2.864542 -0.029397 -0.016132 0.065825 0.065203 0.065826 0.065091 0.003598
-0.170458 0.264346 2.869249 -0.029323 -0.016474 0.065825 0.065199 0.065824 0.065095 0.003766
-0.173633 0.261863 2.873959 -0.029243 -0.016814 0.065823 0.065198 0.065825 0.065097 0.003601
-0.176775 0.259329 2.878675 -0.029157 -0.017153 0.065823 0.065198 0.065824 0.065098 0.003667
-0.179883 0.256744 2.883395 -0.029066 -0.017489 0.065821 0.065197 0.065824 0.065096 0.003696
-0.182958 0.254109 2.888120 -0.028969 -0.017824 0.065821 0.065197 0.065822 0.065095 0.003778
-0.185999 0.251425 2.892851 -0.028866 -0.018156 0.065821 0.065196 0.065820 0.065092 0.003674
-0.189005 0.248692 2.897586 -0.028757 -0.018487 0.065818 0.065190 0.065817 0.065095 0.003570
-0.191976 0.245910 2.902326 -0.028643 -0.018817 0.065816 0.065191 0.065818 0.065091 0.003671
-0.194911 0.243080 2.907072 -0.028523 -0.019144 0.065813 0.065187 0.065813 0.065092 0.003814
-0.197811 0.240203 2.911823 -0.028398 -0.019470 0.065810 0.065188 0.065813 0.065087 0.003672
-0.200674 0.237279 2.916579 -0.028267 -0.019793 0.065807 0.065185 0.065807 0.065087 0.003667
-0.203501 0.234309 2.921341 -0.028130 -0.020114 0.065804 0.065181 0.065804 0.065087 0.003750
-0.206290 0.231294 2.926107 -0.027987 -0.020432 0.065799 0.065179 0.065802 0.065086 0.003711
-0.209042 0.228233 2.930879 -0.027839 -0.020747 0.065799 0.065175 0.065796 0.065085 0.003786
-0.211756 0.225127 2.935656 -0.027685 -0.021061 0.065791 0.065174 0.065795 0.065084 0.003609
-0.214431 0.221978 2.940439 -0.027526 -0.021371 0.065790 0.065170 0.065790 0.065081 0.003744
-0.217068 0.218785 2.945227 -0.027361 -0.021679 0.065786 0.065168 0.065786 0.065079 0.003665
-0.219665 0.215549 2.950020 -0.027191 -0.021985 0.065782 0.065165 0.065781 0.065078 0.003875
-0.222223 0.212271 2.954818 -0.027015 -0.022288 0.065779 0.065162 0.065777 0.065076 0.003706
-0.224741 0.208951 2.959621 -0.026833 -0.022588 0.065773 0.065159 0.065774 0.065074 0.003859
-0.227219 0.205590 2.964430 -0.026646 -0.022886 0.065769 0.065157 0.065768 0.065073 0.003707
-0.229656 0.202189 2.969243 -0.026453 -0.023181 0.065762 0.065155 0.065764 0.065071 0.003775
-0.232052 0.198748 2.974062 -0.026255 -0.023473 0.065761 0.065151 0.065756 0.065070 0.003682
-0.234406 0.195268 2.978886 -0.026052 -0.023762 0.065751 0.065150 0.065754 0.065069 0.003780
-0.236719 0.191749 2.983716 -0.025843 -0.024047 0.065749 0.065146 0.065747 0.065069 0.003741
-0.238990 0.188192 2.988550 -0.025628 -0.024329 0.065744 0.065146 0.065744 0.065063 0.003808
-0.241219 0.184598 2.993389 -0.025408 -0.024608 0.065738 0.065142 0.065737 0.065064 0.003718
-0.243405 0.180967 2.998234 -0.025183 -0.024883 0.065733 0.065138 0.065731 0.065067 0.003833
-0.245548 0.177300 3.003083 -0.024953 -0.025156 0.065728 0.065138 0.065727 0.065062 0.003759
-0.247647 0.173598 3.007937 -0.024717 -0.025424 0.065723 0.065137 0.065721 0.065059 0.003827
-0.249703 0.169861 3.012797 -0.024477 -0.025690 0.065717 0.065131 0.065714 0.065064 0.003684
-0.251715 0.166091 3.017661 -0.024230 -0.025952 0.065711 0.065131 0.065710 0.065063 0.003917
-0.253682 0.162286 3.022531 -0.023979 -0.026210 0.065706 0.065130 0.065703 0.065062 0.003698
-0.255605 0.158449 3.027405 -0.023723 -0.026465 0.065702 0.065130 0.065697 0.065057 0.003692
-0.257483 0.154580 3.032285 -0.023461 -0.026717 0.065693 0.065128 0.065692 0.065060 0.003686
-0.259316 0.150680 3.037169 -0.023195 -0.026965 0.065689 0.065127 0.065686 0.065057 0.003688
