0.300000 0.000000 0.040000 0.000000 0.000000 0.065500 0.065500 0.065500 0.065500 0.004140
0.300000 0.000000 0.040002 0.000000 0.000000 0.065581 0.065581 0.065581 0.065581 0.004626
0.300000 0.000000 0.040021 0.000033 0.000425 0.074250 0.054544 0.079669 0.054627 0.005436
0.299998 0.000000 0.040220 0.000240 0.002896 0.086169 0.051558 0.089765 0.068678 0.004834
0.299984 -0.000001 0.040989 0.000686 0.007265 0.080593 0.056873 0.082836 0.060341 0.009339
0.299940 -0.000007 0.042254 0.001345 0.012490 0.084753 0.061962 0.082910 0.067409 0.008507
0.299846 -0.000022 0.044088 0.002179 0.016957 0.077855 0.065154 0.074785 0.060419 0.007684
0.299694 -0.000047 0.046332 0.003129 0.019986 0.077037 0.071629 0.073673 0.071975 0.005975
0.299478 -0.000083 0.049097 0.004117 0.021595 0.072394 0.076668 0.070941 0.069758 0.006796
0.299196 -0.000124 0.052404 0.005100 0.022625 0.073613 0.078120 0.075185 0.072201 0.005980
0.298840 -0.000160 0.056370 0.006069 0.024048 0.073927 0.081058 0.074361 0.073228 0.006219
0.298400 -0.000174 0.061083 0.007013 0.025770 0.075344 0.081698 0.076024 0.074255 0.003953
0.297862 -0.000143 0.066618 0.007931 0.027744 0.075594 0.082330 0.075480 0.074380 0.003950
0.297214 -0.000037 0.072993 0.008823 0.029754 0.075898 0.081396 0.075719 0.074143 0.003794
0.296447 0.000181 0.080182 0.009695 0.031712 0.075422 0.079741 0.074892 0.073132 0.003720
0.295561 0.000549 0.088110 0.010555 0.033510 0.074723 0.077170 0.074059 0.071927 0.003774
0.294557 0.001104 0.096668 0.011412 0.035085 0.073591 0.074182 0.072745 0.070412 0.003755
0.293447 0.001878 0.105723 0.012278 0.036382 0.072253 0.071009 0.071325 0.068918 0.003769
0.292244 0.002894 0.115134 0.013160 0.037376 0.070757 0.067974 0.069791 0.067473 0.003764
0.290968 0.004167 0.124763 0.014065 0.038065 0.069216 0.065234 0.068266 0.066196 0.003640
0.289635 0.005699 0.134483 0.014995 0.038468 0.067695 0.062892 0.066811 0.065100 0.003692
0.288262 0.007486 0.144183 0.015953 0.038619 0.066262 0.060982 0.065480 0.064190 0.003766
0.286863 0.009517 0.153768 0.016937 0.038559 0.064965 0.059493 0.064274 0.063465 0.003664
0.285446 0.011775 0.163161 0.017946 0.038327 0.063815 0.058397 0.063235 0.062905 0.003715
0.284019 0.014240 0.172300 0.018978 0.037962 0.062829 0.057651 0.062346 0.062504 0.003991
0.282583 0.016893 0.181139 0.020029 0.037496 0.061999 0.057216 0.061612 0.062245 0.003694
0.281137 0.019712 0.189645 0.021096 0.036957 0.061330 0.057065 0.061024 0.062106 0.003564
0.279679 0.022677 0.197796 0.022174 0.036367 0.060809 0.057161 0.060571 0.062080 0.003736
0.278204 0.025769 0.205581 0.023261 0.035741 0.060411 0.057455 0.060234 0.062172 0.003734
0.276707 0.028973 0.213000 0.024350 0.035092 0.060132 0.057930 0.059994 0.062352 0.003826
0.275180 0.032272 0.220058 0.025439 0.034424 0.059944 0.058550 0.059853 0.062613 0.003714
0.273617 0.035656 0.226767 0.026522 0.033745 0.059832 0.059274 0.059784 0.062955 0.003795
0.272012 0.039113 0.233145 0.027595 0.033060 0.059788 0.060079 0.059754 0.063365 0.003753
0.270360 0.042635 0.239213 0.028651 0.032368 0.059782 0.060935 0.059770 0.063835 0.003771
0.268654 0.046217 0.244997 0.029688 0.031670 0.059810 0.061819 0.059814 0.064341 0.003710
0.266891 0.049852 0.250523 0.030698 0.030965 0.059855 0.062705 0.059881 0.064876 0.003682
0.265066 0.053537 0.255819 0.031676 0.030255 0.059918 0.063575 0.059938 0.065444 0.003583
0.263175 0.057269 0.260912 0.032618 0.029535 0.059980 0.064415 0.060011 0.066019 0.003696
0.261217 0.061047 0.265832 0.033518 0.028807 0.060046 0.065213 0.060083 0.066588 0.003849
0.259188 0.064869 0.270605 0.034370 0.028070 0.060112 0.065960 0.060148 0.067151 0.003683
0.257086 0.068734 0.275258 0.035170 0.027323 0.060170 0.066648 0.060215 0.067701 0.003696
0.254912 0.072641 0.279816 0.035912 0.026569 0.060235 0.067281 0.060274 0.068227 0.003834
0.252662 0.076589 0.284304 0.036593 0.025806 0.060302 0.067848 0.060356 0.068712 0.003748
0.250337 0.080578 0.288743 0.037208 0.025040 0.060377 0.068351 0.060435 0.069160 0.003735
0.247935 0.084606 0.293156 0.037753 0.024273 0.060461 0.068792 0.060515 0.069561 0.003783
0.245456 0.088673 0.297560 0.038226 0.023507 0.060551 0.069168 0.060601 0.069925 0.003692
0.242900 0.092776 0.301974 0.038624 0.022742 0.060647 0.069489 0.060690 0.070237 0.003759
0.240265 0.096914 0.306415 0.038945 0.021979 0.060745 0.069749 0.060792 0.070492 0.003665
0.237553 0.101084 0.310896 0.039188 0.021219 0.060851 0.069957 0.060880 0.070702 0.003687
0.234762 0.105283 0.315430 0.039350 0.020463 0.060950 0.070114 0.060972 0.070867 0.003762
0.231892 0.109509 0.320028 0.039432 0.019709 0.061049 0.070223 0.061065 0.070982 0.003736
0.228943 0.113756 0.324699 0.039433 0.018961 0.061148 0.070285 0.061156 0.071041 0.003721
0.225916 0.118021 0.329451 0.039354 0.018217 0.061245 0.070314 0.061227 0.071061 0.003747
0.222809 0.122300 0.334288 0.039194 0.017475 0.061327 0.070296 0.061309 0.071025 0.003702
0.219625 0.126586 0.339216 0.038956 0.016739 0.061401 0.070248 0.061369 0.070953 0.003706
0.216363 0.130876 0.344235 0.038639 0.016008 0.061468 0.070160 0.061428 0.070837 0.003764
0.213023 0.135162 0.349347 0.038245 0.015284 0.061526 0.070050 0.061470 0.070690 0.003693
0.209607 0.139439 0.354549 0.037777 0.014567 0.061576 0.069910 0.061512 0.070496 0.004271
0.206115 0.143702 0.359840 0.037235 0.013860 0.061617 0.069753 0.061536 0.070278 0.008241
0.202549 0.147944 0.365215 0.036622 0.013161 0.061649 0.069569 0.061560 0.070029 0.003824
0.198911 0.152158 0.370669 0.035939 0.012472 0.061676 0.069378 0.061571 0.069756 0.003691
0.195201 0.156341 0.376195 0.035190 0.011794 0.061696 0.069165 0.061584 0.069459 0.003906
0.191423 0.160485 0.381785 0.034376 0.011127 0.061713 0.068948 0.061586 0.069155 0.003847
0.187577 0.164586 0.387433 0.033500 0.010473 0.061728 0.068719 0.061595 0.068829 0.003736
0.183668 0.168638 0.393128 0.032564 0.009833 0.061743 0.068490 0.061596 0.068502 0.003701
0.179696 0.172638 0.398862 0.031572 0.009205 0.061759 0.068252 0.061607 0.068162 0.003786
0.175665 0.176580 0.404624 0.030525 0.008593 0.061778 0.068011 0.061617 0.067833 0.003677
0.171578 0.180463 0.410406 0.029426 0.007995 0.061808 0.067779 0.061631 0.067505 0.003724
0.167437 0.184282 0.416198 0.028278 0.007410 0.061836 0.067546 0.061662 0.067171 0.003652
0.163246 0.188035 0.421989 0.027083 0.006840 0.061878 0.067310 0.061695 0.066857 0.003703
0.159007 0.191720 0.427772 0.025845 0.006284 0.061923 0.067085 0.061743 0.066547 0.003922
0.154725 0.195335 0.433538 0.024565 0.005744 0.061984 0.066864 0.061798 0.066241 0.003672
0.150400 0.198880 0.439277 0.023247 0.005219 0.062052 0.066645 0.061862 0.065960 0.003781
0.146038 0.202353 0.444983 0.021894 0.004707 0.062132 0.066435 0.061944 0.065686 0.003803
0.141640 0.205755 0.450648 0.020507 0.004210 0.062222 0.066232 0.062040 0.065418 0.003790
0.137209 0.209085 0.456265 0.019090 0.003728 0.062328 0.066032 0.062140 0.065178 0.003721
0.132749 0.212343 0.461829 0.017645 0.003259 0.062438 0.065844 0.062260 0.064947 0.003712
0.128261 0.215531 0.467335 0.016175 0.002804 0.062566 0.065663 0.062392 0.064724 0.003703
0.123748 0.218648 0.472777 0.014683 0.002363 0.062703 0.065486 0.062533 0.064518 0.003723
0.119214 0.221695 0.478153 0.013171 0.001935 0.062849 0.065317 0.062686 0.064332 0.003734
0.114659 0.224674 0.483460 0.011643 0.001521 0.063009 0.065155 0.062847 0.064164 0.003559
0.110086 0.227585 0.488694 0.010100 0.001118 0.063173 0.065003 0.063029 0.064002 0.003722
0.105497 0.230430 0.493855 0.008546 0.000729 0.063352 0.064856 0.063213 0.063855 0.003702
0.100894 0.233209 0.498941 0.006984 0.000353 0.063538 0.064720 0.063406 0.063718 0.003694
0.096280 0.235924 0.503953 0.005415 -0.000010 0.063728 0.064588 0.063604 0.063598 0.003793
0.091655 0.238575 0.508891 0.003842 -0.000362 0.063929 0.064462 0.063810 0.063491 0.003775
0.087021 0.241163 0.513755 0.002269 -0.000702 0.064133 0.064348 0.064023 0.063393 0.003797
0.082380 0.243688 0.518548 0.000698 -0.001033 0.064338 0.064238 0.064238 0.063308 0.003738
0.077734 0.246152 0.523271 -0.000870 -0.001353 0.064545 0.064134 0.064456 0.063236 0.003724
0.073083 0.248555 0.527927 -0.002430 -0.001662 0.064761 0.064040 0.064675 0.063169 0.003710
0.068429 0.250897 0.532518 -0.003981 -0.001961 0.064973 0.063950 0.064896 0.063114 0.003805
0.063774 0.253178 0.537048 -0.005521 -0.002251 0.065184 0.063869 0.065117 0.063063 0.003719
0.059118 0.255398 0.541521 -0.007047 -0.002533 0.065396 0.063793 0.065331 0.063023 0.003551
0.054463 0.257558 0.545941 -0.008556 -0.002807 0.065602 0.063722 0.065543 0.062994 0.003723
0.049810 0.259656 0.550310 -0.010047 -0.003074 0.065804 0.063659 0.065756 0.062967 0.003703
0.045160 0.261693 0.554635 -0.011518 -0.003333 0.066005 0.063604 0.065958 0.062941 0.003687
0.040513 0.263667 0.558918 -0.012966 -0.003587 0.066194 0.063548 0.066151 0.062932 0.003756
0.035872 0.265579 0.563164 -0.014389 -0.003836 0.066382 0.063505 0.066341 0.062918 0.004309
0.031236 0.267427 0.567378 -0.015787 -0.004082 0.066552 0.063459 0.066524 0.062918 0.004316
0.026608 0.269211 0.571564 -0.017156 -0.004321 0.066723 0.063422 0.066696 0.062918 0.004423
0.021986 0.270929 0.575726 -0.018496 -0.004557 0.066886 0.063392 0.066857 0.062917 0.003877
0.017374 0.272581 0.579869 -0.019805 -0.004789 0.067035 0.063364 0.067010 0.062922 0.003706
0.012771 0.274165 0.583996 -0.021082 -0.005020 0.067172 0.063339 0.067153 0.062935 0.005202
0.008178 0.275681 0.588111 -0.022324 -0.005249 0.067304 0.063322 0.067285 0.062946 0.006820
0.003595 0.277127 0.592218 -0.023532 -0.005476 0.067423 0.063305 0.067407 0.062961 0.005418
-0.000975 0.278502 0.596320 -0.024704 -0.005703 0.067535 0.063296 0.067518 0.062975 0.004627
-0.005533 0.279805 0.600421 -0.025839 -0.005929 0.067634 0.063290 0.067620 0.062988 0.004890
-0.010077 0.281035 0.604524 -0.026936 -0.006156 0.067723 0.063283 0.067708 0.063011 0.004958
-0.014608 0.282189 0.608632 -0.027995 -0.006383 0.067801 0.063285 0.067790 0.063029 0.006828
-0.019124 0.283268 0.612747 -0.029015 -0.006612 0.067869 0.063287 0.067860 0.063050 0.004669
-0.023625 0.284270 0.616872 -0.029995 -0.006841 0.067929 0.063291 0.067919 0.063075 0.004810
-0.028110 0.285193 0.621008 -0.030935 -0.007072 0.067981 0.063300 0.067969 0.063098 0.004361
-0.032577 0.286037 0.625158 -0.031835 -0.007305 0.068021 0.063310 0.068011 0.063126 0.003875
-0.037028 0.286801 0.629324 -0.032695 -0.007542 0.068052 0.063324 0.068046 0.063152 0.003733
-0.041460 0.287483 0.633506 -0.033514 -0.007780 0.068077 0.063342 0.068069 0.063176 0.003648
-0.045874 0.288083 0.637707 -0.034292 -0.008021 0.068091 0.063363 0.068076 0.063209 0.003698
-0.050268 0.288599 0.641927 -0.035030 -0.008269 0.068096 0.063386 0.068076 0.063245 0.003788
-0.054643 0.289031 0.646167 -0.035727 -0.008524 0.068092 0.063413 0.068074 0.063279 0.003775
-0.058996 0.289379 0.650427 -0.036385 -0.008787 0.068081 0.063440 0.068072 0.063309 0.003782
-0.063328 0.289640 0.654709 -0.037003 -0.009055 0.068065 0.063466 0.068062 0.063344 0.003760
-0.067638 0.289816 0.659013 -0.037581 -0.009324 0.068049 0.063495 0.068046 0.063376 0.003768
-0.071925 0.289904 0.663339 -0.038121 -0.009596 0.068030 0.063526 0.068024 0.063405 0.003726
-0.076189 0.289905 0.667687 -0.038622 -0.009870 0.068003 0.063554 0.068000 0.063439 0.003822
-0.080429 0.289819 0.672057 -0.039085 -0.010147 0.067975 0.063585 0.067971 0.063471 0.003670
-0.084644 0.289644 0.676449 -0.039510 -0.010427 0.067940 0.063614 0.067939 0.063507 0.003731
-0.088834 0.289381 0.680863 -0.039898 -0.010708 0.067906 0.063646 0.067903 0.063541 0.004269
-0.092999 0.289030 0.685299 -0.040250 -0.010992 0.067868 0.063679 0.067865 0.063573 0.003792
-0.097136 0.288590 0.689756 -0.040566 -0.011278 0.067826 0.063711 0.067822 0.063610 0.003726
-0.101247 0.288061 0.694235 -0.040847 -0.011566 0.067783 0.063745 0.067778 0.063644 0.003713
-0.105331 0.287443 0.698734 -0.041094 -0.011858 0.067736 0.063780 0.067733 0.063677 0.003686
-0.109386 0.286737 0.703253 -0.041306 -0.012152 0.067684 0.063813 0.067685 0.063715 0.003700
-0.113412 0.285943 0.707792 -0.041486 -0.012448 0.067638 0.063848 0.067631 0.063750 0.003753
-0.117410 0.285061 0.712350 -0.041633 -0.012746 0.067584 0.063882 0.067579 0.063790 0.003775
-0.121377 0.284091 0.716927 -0.041748 -0.013047 0.067530 0.063921 0.067529 0.063824 0.003711
-0.125314 0.283033 0.721521 -0.041833 -0.013349 0.067475 0.063958 0.067471 0.063861 0.003825
-0.129221 0.281888 0.726133 -0.041887 -0.013654 0.067420 0.063995 0.067414 0.063897 0.003705
-0.133096 0.280657 0.730762 -0.041912 -0.013961 0.067363 0.064031 0.067355 0.063938 0.003799
-0.136939 0.279339 0.735407 -0.041909 -0.014271 0.067304 0.064072 0.067299 0.063972 0.003884
-0.140750 0.277936 0.740067 -0.041878 -0.014583 0.067243 0.064109 0.067242 0.064012 0.003782
-0.144528 0.276448 0.744742 -0.041820 -0.014897 0.067186 0.064145 0.067178 0.064055 0.003739
-0.148273 0.274876 0.749431 -0.041736 -0.015213 0.067127 0.064185 0.067121 0.064091 0.003788
-0.151983 0.273221 0.754134 -0.041627 -0.015530 0.067064 0.064224 0.067062 0.064132 0.003703
-0.155660 0.271483 0.758850 -0.041494 -0.015849 0.067005 0.064263 0.067001 0.064172 0.003680
-0.159301 0.269663 0.763578 -0.041337 -0.016169 0.066947 0.064302 0.066941 0.064210 0.003679
-0.162908 0.267762 0.768319 -0.041158 -0.016490 0.066889 0.064342 0.066881 0.064247 0.003698
-0.166478 0.265781 0.773070 -0.040956 -0.016813 0.066829 0.064382 0.066823 0.064284 0.003771
-0.170012 0.263721 0.777832 -0.040734 -0.017138 0.066769 0.064419 0.066763 0.064327 0.003699
-0.173510 0.261583 0.782604 -0.040492 -0.017463 0.066708 0.064457 0.066706 0.064367 0.003716
-0.176971 0.259367 0.787386 -0.040230 -0.017788 0.066652 0.064496 0.066647 0.064407 0.003756
-0.180393 0.257075 0.792177 -0.039950 -0.018113 0.066597 0.064534 0.066588 0.064445 0.003743
-0.183778 0.254709 0.796977 -0.039652 -0.018438 0.066539 0.064573 0.066535 0.064482 0.003760
-0.187125 0.252268 0.801785 -0.039337 -0.018764 0.066486 0.064608 0.066476 0.064524 0.003762
-0.190432 0.249754 0.806601 -0.039006 -0.019090 0.066429 0.064648 0.066424 0.064559 0.003698
-0.193701 0.247168 0.811424 -0.038659 -0.019416 0.066377 0.064682 0.066368 0.064598 0.003775
-0.196929 0.244512 0.816255 -0.038298 -0.019742 0.066324 0.064722 0.066317 0.064632 0.003666
-0.200118 0.241786 0.821093 -0.037923 -0.020069 0.066272 0.064756 0.066264 0.064670 0.003700
-0.203265 0.238991 0.825937 -0.037535 -0.020395 0.066220 0.064791 0.066215 0.064707 0.003907
-0.206372 0.236130 0.830787 -0.037135 -0.020719 0.066170 0.064825 0.066165 0.064743 0.003667
-0.209437 0.233202 0.835643 -0.036723 -0.021042 0.066124 0.064858 0.066116 0.064778 0.003746
-0.212461 0.230210 0.840505 -0.036300 -0.021365 0.066078 0.064891 0.066069 0.064811 0.003779
-0.215442 0.227154 0.845373 -0.035867 -0.021686 0.066031 0.064924 0.066025 0.064844 0.003642
-0.218381 0.224036 0.850246 -0.035424 -0.022006 0.065987 0.064955 0.065980 0.064876 0.003754
-0.221276 0.220856 0.855124 -0.034973 -0.022324 0.065943 0.064987 0.065938 0.064907 0.003735
-0.224128 0.217617 0.860006 -0.034513 -0.022639 0.065901 0.065017 0.065895 0.064938 0.003808
-0.226937 0.214319 0.864894 -0.034045 -0.022952 0.065862 0.065046 0.065854 0.064968 0.003738
-0.229701 0.210964 0.869786 -0.033570 -0.023263 0.065824 0.065073 0.065815 0.064997 0.005417
-0.232420 0.207553 0.874683 -0.033088 -0.023572 0.065784 0.065100 0.065778 0.065025 0.003792
-0.235095 0.204087 0.879584 -0.032600 -0.023878 0.065748 0.065126 0.065741 0.065053 0.003726
-0.237724 0.200567 0.884490 -0.032107 -0.024180 0.065711 0.065152 0.065707 0.065080 0.003962
-0.240307 0.196995 0.889399 -0.031609 -0.024480 0.065679 0.065179 0.065673 0.065100 0.006416
-0.242845 0.193372 0.894313 -0.031107 -0.024775 0.065646 0.065201 0.065638 0.065127 0.003943
-0.245336 0.189699 0.899231 -0.030600 -0.025068 0.065615 0.065221 0.065607 0.065154 0.003971
-0.247780 0.185978 0.904153 -0.030090 -0.025358 0.065583 0.065242 0.065578 0.065179 0.004123
-0.250177 0.182209 0.909078 -0.029576 -0.025643 0.065557 0.065264 0.065550 0.065197 0.004664
-0.252527 0.178395 0.914008 -0.029060 -0.025926 0.065531 0.065285 0.065521 0.065215 0.004250
-0.254828 0.174535 0.918942 -0.028542 -0.026205 0.065501 0.065301 0.065496 0.065240 0.004364
-0.257082 0.170632 0.923880 -0.028022 -0.026479 0.065478 0.065320 0.065470 0.065258 0.004999
-0.259287 0.166687 0.928821 -0.027500 -0.026750 0.065452 0.065338 0.065448 0.065275 0.004829
-0.261443 0.162701 0.933767 -0.026977 -0.027016 0.065433 0.065352 0.065423 0.065293 0.005772
-0.263551 0.158675 0.938716 -0.026453 -0.027279 0.065412 0.065370 0.065403 0.065305 0.004677
-0.265608 0.154610 0.943670 -0.025928 -0.027538 0.065387 0.065383 0.065384 0.065324 0.005131
-0.267616 0.150507 0.948627 -0.025404 -0.027791 0.065369 0.065398 0.065364 0.065336 0.004849
-0.269574 0.146369 0.953588 -0.024879 -0.028040 0.065351 0.065407 0.065345 0.065355 0.004565
-0.271481 0.142196 0.958553 -0.024354 -0.028283 0.065337 0.065421 0.065327 0.065362 0.004067
-0.273338 0.137988 0.963523 -0.023830 -0.028523 0.065318 0.065431 0.065313 0.065375 0.004954
-0.275143 0.133748 0.968496 -0.023307 -0.028757 0.065303 0.065439 0.065297 0.065389 0.004117
-0.276898 0.129477 0.973473 -0.022785 -0.028986 0.065288 0.065451 0.065284 0.065397 0.004656
-0.278600 0.125175 0.978455 -0.022263 -0.029210 0.065276 0.065459 0.065270 0.065405 0.005009
-0.280251 0.120844 0.983440 -0.021744 -0.029428 0.065264 0.065466 0.065257 0.065416 0.005711
-0.281850 0.116485 0.988430 -0.021225 -0.029641 0.065250 0.065473 0.065246 0.065426 0.005128
-0.283396 0.112099 0.993424 -0.020709 -0.029849 0.065241 0.065480 0.065236 0.065431 0.003800
-0.284890 0.107687 0.998422 -0.020194 -0.030051 0.065233 0.065485 0.065225 0.065437 0.003719
-0.286331 0.103250 1.003424 -0.019681 -0.030248 0.065222 0.065489 0.065218 0.065444 0.003736
-0.287718 0.098790 1.008431 -0.019170 -0.030440 0.065216 0.065494 0.065210 0.065446 0.003810
-0.289052 0.094307 1.013441 -0.018662 -0.030625 0.065207 0.065500 0.065203 0.065450 0.003690
-0.290333 0.089803 1.018457 -0.018155 -0.030805 0.065201 0.065502 0.065195 0.065455 0.003784
-0.291560 0.085279 1.023476 -0.017651 -0.030978 0.065192 0.065504 0.065189 0.065461 0.003798
-0.292733 0.080735 1.028500 -0.017150 -0.031146 0.065191 0.065504 0.065183 0.065464 0.003709
-0.293851 0.076173 1.033529 -0.016651 -0.031308 0.065182 0.065507 0.065181 0.065465 0.003928
-0.294916 0.071593 1.038562 -0.016154 -0.031463 0.065182 0.065508 0.065175 0.065465 0.003721
-0.295925 0.066998 1.043599 -0.015660 -0.031613 0.065177 0.065505 0.065172 0.065472 0.003784
-0.296880 0.062387 1.048641 -0.015169 -0.031757 0.065174 0.065508 0.065171 0.065466 0.003816
-0.297780 0.057762 1.053688 -0.014680 -0.031894 0.065172 0.065506 0.065167 0.065470 0.003795
-0.298625 0.053124 1.058739 -0.014194 -0.032026 0.065172 0.065504 0.065165 0.065470 0.003715
-0.299414 0.048473 1.063795 -0.013711 -0.032151 0.065172 0.065502 0.065164 0.065470 0.003774
-0.300148 0.043812 1.068855 -0.013230 -0.032273 0.065174 0.065499 0.065164 0.065466 0.003699
-0.300826 0.039140 1.073920 -0.012752 -0.032390 0.065173 0.065497 0.065166 0.065464 0.003794
-0.301449 0.034459 1.078990 -0.012277 -0.032502 0.065177 0.065494 0.065168 0.065458 0.003647
-0.302016 0.029769 1.084065 -0.011804 -0.032609 0.065176 0.065490 0.065172 0.065455 0.003893
-0.302527 0.025072 1.089144 -0.011334 -0.032710 0.065179 0.065484 0.065173 0.065455 0.003931
-0.302981 0.020369 1.094229 -0.010866 -0.032806 0.065180 0.065480 0.065176 0.065449 0.003663
-0.303379 0.015660 1.099318 -0.010401 -0.032895 0.065183 0.065475 0.065178 0.065448 0.003751
-0.303721 0.010946 1.104412 -0.009937 -0.032978 0.065186 0.065470 0.065182 0.065441 0.003755
-0.304007 0.006229 1.109511 -0.009477 -0.033055 0.065190 0.065464 0.065185 0.065438 0.003684
-0.304236 0.001509 1.114615 -0.009018 -0.033125 0.065196 0.065457 0.065189 0.065433 0.003783
-0.304408 -0.003214 1.119724 -0.008561 -0.033191 0.065196 0.065453 0.065195 0.065427 0.003759
-0.304524 -0.007937 1.124838 -0.008107 -0.033250 0.065205 0.065446 0.065197 0.065421 0.003555
-0.304583 -0.012660 1.129956 -0.007654 -0.033304 0.065209 0.065439 0.065202 0.065418 0.004103
-0.304585 -0.017383 1.135080 -0.007204 -0.033352 0.065210 0.065431 0.065207 0.065416 0.003886
-0.304530 -0.022104 1.140209 -0.006755 -0.033394 0.065213 0.065426 0.065211 0.065408 0.003766
-0.304418 -0.026823 1.145343 -0.006308 -0.033429 0.065223 0.065418 0.065214 0.065401 0.003695
-0.304249 -0.031539 1.150481 -0.005862 -0.033459 0.065225 0.065413 0.065221 0.065395 0.003791
-0.304023 -0.036250 1.155625 -0.005418 -0.033483 0.065231 0.065406 0.065227 0.065387 0.003690
-0.303741 -0.040957 1.160773 -0.004976 -0.033501 0.065238 0.065397 0.065231 0.065385 0.003799
-0.303401 -0.045658 1.165926 -0.004535 -0.033514 0.065241 0.065392 0.065238 0.065374 0.003845
-0.303004 -0.050352 1.171085 -0.004094 -0.033520 0.065248 0.065382 0.065242 0.065373 0.004138
-0.302551 -0.055039 1.176248 -0.003656 -0.033521 0.065252 0.065376 0.065249 0.065363 0.003726
-0.302040 -0.059718 1.181415 -0.003218 -0.033516 0.065258 0.065367 0.065253 0.065360 0.003783
-0.301472 -0.064388 1.186588 -0.002781 -0.033504 0.065264 0.065358 0.065258 0.065355 0.003718
-0.300848 -0.069048 1.191765 -0.002344 -0.033488 0.065266 0.065349 0.065262 0.065352 0.003737
-0.300166 -0.073697 1.196947 -0.001909 -0.033465 0.065275 0.065344 0.065269 0.065337 0.003799
-0.299428 -0.078335 1.202133 -0.001474 -0.033437 0.065276 0.065338 0.065275 0.065335 0.003685
-0.298633 -0.082961 1.207324 -0.001039 -0.033402 0.065282 0.065328 0.065277 0.065331 0.003792
-0.297781 -0.087574 1.212520 -0.000605 -0.033361 0.065288 0.065321 0.065282 0.065322 0.003903
-0.296872 -0.092174 1.217719 -0.000172 -0.033315 0.065292 0.065312 0.065286 0.065321 0.003741
-0.295907 -0.096758 1.222923 0.000262 -0.033264 0.065297 0.065303 0.065291 0.065313 0.003835
-0.294885 -0.101328 1.228130 0.000695 -0.033207 0.065300 0.065298 0.065297 0.065304 0.003667
-0.293807 -0.105881 1.233342 0.001129 -0.033144 0.065303 0.065291 0.065301 0.065299 0.003687
-0.292672 -0.110418 1.238557 0.001562 -0.033075 0.065311 0.065283 0.065304 0.065293 0.003934
-0.291481 -0.114937 1.243776 0.001996 -0.033000 0.065313 0.065274 0.065308 0.065291 0.003683
-0.290234 -0.119438 1.248999 0.002429 -0.032920 0.065315 0.065267 0.065312 0.065284 0.003885
-0.288931 -0.123920 1.254224 0.002864 -0.032834 0.065319 0.065260 0.065315 0.065279 0.003776
-0.287571 -0.128382 1.259453 0.003298 -0.032742 0.065322 0.065251 0.065317 0.065276 0.003698
-0.286157 -0.132823 1.264685 0.003733 -0.032644 0.065323 0.065244 0.065320 0.065270 0.003709
-0.284686 -0.137243 1.269920 0.004169 -0.032541 0.065327 0.065238 0.065323 0.065260 0.003788
-0.283160 -0.141641 1.275157 0.004605 -0.032432 0.065332 0.065229 0.065324 0.065260 0.003744
-0.281578 -0.146016 1.280396 0.005042 -0.032317 0.065329 0.065224 0.065328 0.065252 0.003844
-0.279942 -0.150368 1.285638 0.005479 -0.032197 0.065329 0.065216 0.065327 0.065253 0.003689
-0.278250 -0.154695 1.290881 0.005918 -0.032069 0.065330 0.065207 0.065326 0.065249 0.003697
-0.276503 -0.158997 1.296126 0.006357 -0.031936 0.065333 0.065199 0.065326 0.065245 0.004004
-0.274702 -0.163274 1.301371 0.006797 -0.031798 0.065326 0.065192 0.065326 0.065243 0.003725
-0.272846 -0.167524 1.306618 0.007238 -0.031653 0.065333 0.065184 0.065326 0.065232 0.003822
-0.270936 -0.171746 1.311865 0.007680 -0.031503 0.065330 0.065175 0.065325 0.065235 0.003800
-0.268972 -0.175941 1.317112 0.008123 -0.031348 0.065327 0.065167 0.065324 0.065227 0.003808
-0.266953 -0.180107 1.322359 0.008568 -0.031187 0.065325 0.065160 0.065323 0.065224 0.003708
-0.264881 -0.184244 1.327605 0.009013 -0.031020 0.065320 0.065151 0.065318 0.065224 0.003896
-0.262756 -0.188351 1.332850 0.009459 -0.030846 0.065318 0.065143 0.065313 0.065220 0.003714
-0.260577 -0.192427 1.338093 0.009907 -0.030667 0.065309 0.065137 0.065311 0.065216 0.005190
-0.258345 -0.196471 1.343333 0.010355 -0.030481 0.065304 0.065126 0.065302 0.065220 0.004006
-0.256060 -0.200483 1.348571 0.010805 -0.030289 0.065300 0.065117 0.065298 0.065207 0.003704
-0.253722 -0.204463 1.353805 0.011256 -0.030090 0.065293 0.065110 0.065293 0.065208 0.003554
-0.251333 -0.208408 1.359035 0.011708 -0.029886 0.065291 0.065097 0.065286 0.065203 0.003769
-0.248891 -0.212319 1.364261 0.012161 -0.029676 0.065278 0.065088 0.065278 0.065206 0.003623
-0.246397 -0.216196 1.369480 0.012615 -0.029460 0.065270 0.065075 0.065268 0.065202 0.003826
-0.243851 -0.220036 1.374694 0.013071 -0.029238 0.065258 0.065065 0.065259 0.065197 0.003747
-0.241254 -0.223840 1.379900 0.013527 -0.029009 0.065242 0.065055 0.065247 0.065200 0.003869
-0.238606 -0.227608 1.385099 0.013984 -0.028773 0.065235 0.065039 0.065233 0.065193 0.003778
-0.235907 -0.231337 1.390288 0.014443 -0.028531 0.065219 0.065029 0.065223 0.065190 0.003559
-0.233158 -0.235028 1.395467 0.014902 -0.028281 0.065203 0.065015 0.065208 0.065191 0.003709
-0.230358 -0.238680 1.400635 0.015362 -0.028025 0.065190 0.065002 0.065194 0.065182 0.003843
-0.227508 -0.242292 1.405791 0.015823 -0.027761 0.065173 0.064987 0.065177 0.065185 0.003689
-0.224609 -0.245864 1.410934 0.016285 -0.027491 0.065158 0.064968 0.065161 0.065177 0.003693
-0.221660 -0.249395 1.416062 0.016747 -0.027214 0.065137 0.064952 0.065143 0.065177 0.003661
-0.218662 -0.252885 1.421175 0.017210 -0.026930 0.065117 0.064932 0.065123 0.065173 0.003704
-0.215616 -0.256332 1.426270 0.017674 -0.026639 0.065094 0.064911 0.065101 0.065172 0.003707
-0.212521 -0.259736 1.431346 0.018138 -0.026341 0.065063 0.064892 0.065079 0.065167 0.003795
-0.209377 -0.263097 1.436402 0.018602 -0.026033 0.065043 0.064869 0.065052 0.065163 0.003775
-0.206186 -0.266413 1.441436 0.019067 -0.025717 0.065020 0.064842 0.065026 0.065156 0.003770
-0.202947 -0.269685 1.446446 0.019532 -0.025395 0.064984 0.064819 0.065001 0.065153 0.003722
-0.199662 -0.272911 1.451430 0.019997 -0.025063 0.064959 0.064788 0.064973 0.065142 0.003705
-0.196329 -0.276092 1.456386 0.020462 -0.024724 0.064924 0.064759 0.064938 0.065147 0.003770
-0.192950 -0.279225 1.461313 0.020927 -0.024376 0.064891 0.064723 0.064906 0.065131 0.003782
-0.189524 -0.282312 1.466207 0.021391 -0.024021 0.064850 0.064691 0.064870 0.065132 0.003634
-0.186053 -0.285351 1.471067 0.021855 -0.023657 0.064812 0.064651 0.064831 0.065120 0.006544
-0.182536 -0.288341 1.475890 0.022319 -0.023283 0.064764 0.064617 0.064794 0.065113 0.004630
-0.178974 -0.291283 1.480672 0.022781 -0.022898 0.064719 0.064577 0.064746 0.065111 0.003760
-0.175368 -0.294175 1.485413 0.023243 -0.022503 0.064672 0.064534 0.064699 0.065103 0.003891
-0.171716 -0.297016 1.490107 0.023704 -0.022098 0.064625 0.064488 0.064652 0.065092 0.003801
-0.168021 -0.299807 1.494753 0.024163 -0.021683 0.064569 0.064445 0.064603 0.065088 0.003712
-0.164282 -0.302546 1.499348 0.024621 -0.021257 0.064512 0.064400 0.064548 0.065087 0.003731
-0.160499 -0.305233 1.503887 0.025077 -0.020820 0.064451 0.064358 0.064494 0.065080 0.003880
-0.156674 -0.307866 1.508368 0.025531 -0.020371 0.064398 0.064311 0.064440 0.065071 0.003705
-0.152805 -0.310446 1.512788 0.025983 -0.019908 0.064333 0.064279 0.064383 0.065080 0.008825
-0.148894 -0.312971 1.517143 0.026432 -0.019433 0.064278 0.064241 0.064323 0.065081 0.004461
-0.144942 -0.315441 1.521431 0.026878 -0.018945 0.064218 0.064216 0.064268 0.065094 0.004390
-0.140947 -0.317854 1.525648 0.027320 -0.018445 0.064160 0.064199 0.064215 0.065103 0.004358
-0.136912 -0.320209 1.529792 0.027759 -0.017931 0.064107 0.064202 0.064169 0.065129 0.004419
-0.132835 -0.322506 1.533861 0.028193 -0.017401 0.064059 0.064224 0.064128 0.065159 0.003973
-0.128718 -0.324743 1.537855 0.028623 -0.016854 0.064036 0.064260 0.064095 0.065200 0.003918
-0.124561 -0.326918 1.541773 0.029047 -0.016294 0.064014 0.064322 0.064080 0.065250 0.004908
-0.120365 -0.329031 1.545615 0.029464 -0.015720 0.064012 0.064418 0.064080 0.065318 0.003914
-0.116130 -0.331079 1.549385 0.029875 -0.015132 0.064029 0.064540 0.064101 0.065389 0.003783
-0.111857 -0.333061 1.553085 0.030278 -0.014528 0.064072 0.064703 0.064143 0.065485 0.003788
-0.107546 -0.334975 1.556721 0.030673 -0.013910 0.064144 0.064895 0.064208 0.065590 0.004202
-0.103199 -0.336820 1.560299 0.031059 -0.013279 0.064242 0.065118 0.064306 0.065703 0.003897
-0.098817 -0.338593 1.563830 0.031436 -0.012637 0.064365 0.065386 0.064429 0.065843 0.003793
-0.094399 -0.340293 1.567323 0.031802 -0.011985 0.064522 0.065681 0.064577 0.065992 0.004226
-0.089949 -0.341918 1.570791 0.032158 -0.011323 0.064697 0.066020 0.064755 0.066160 0.004221
-0.085467 -0.343466 1.574249 0.032502 -0.010653 0.064911 0.066375 0.064957 0.066331 0.003975
-0.080955 -0.344936 1.577714 0.032834 -0.009978 0.065147 0.066757 0.065182 0.066516 0.004624
-0.076415 -0.346326 1.581202 0.033154 -0.009301 0.065398 0.067158 0.065431 0.066708 0.003906
-0.071848 -0.347635 1.584733 0.033461 -0.008623 0.065670 0.067565 0.065700 0.066898 0.003985
-0.067257 -0.348863 1.588328 0.033755 -0.007944 0.065965 0.067975 0.065975 0.067091 0.005487
-0.062644 -0.350008 1.592006 0.034035 -0.007270 0.066259 0.068389 0.066262 0.067281 0.003708
-0.058011 -0.351069 1.595790 0.034301 -0.006603 0.066556 0.068795 0.066558 0.067467 0.003829
-0.053361 -0.352047 1.599701 0.034554 -0.005944 0.066854 0.069185 0.066848 0.067649 0.003711
-0.048696 -0.352941 1.603760 0.034794 -0.005293 0.067142 0.069559 0.067125 0.067825 0.003634
-0.044019 -0.353750 1.607988 0.035019 -0.004653 0.067405 0.069912 0.067386 0.067989 0.003668
-0.039333 -0.354474 1.612403 0.035231 -0.004024 0.067644 0.070226 0.067624 0.068138 0.003734
-0.034640 -0.355113 1.617024 0.035429 -0.003407 0.067857 0.070492 0.067828 0.068268 0.003740
-0.029944 -0.355665 1.621865 0.035614 -0.002803 0.068025 0.070703 0.067986 0.068376 0.003734
-0.025246 -0.356131 1.626940 0.035785 -0.002215 0.068137 0.070848 0.068096 0.068455 0.003722
-0.020551 -0.356509 1.632256 0.035942 -0.001644 0.068196 0.070913 0.068149 0.068500 0.003802
-0.015859 -0.356797 1.637819 0.036086 -0.001091 0.068194 0.070892 0.068148 0.068505 0.003674
-0.011173 -0.356993 1.643628 0.036216 -0.000555 0.068129 0.070781 0.068079 0.068472 0.003699
-0.006496 -0.357096 1.649678 0.036332 -0.000037 0.067994 0.070578 0.067946 0.068396 0.003779
-0.001829 -0.357103 1.655959 0.036435 0.000464 0.067802 0.070286 0.067752 0.068278 0.003722
0.002827 -0.357011 1.662457 0.036525 0.000947 0.067547 0.069912 0.067503 0.068120 0.003765
0.007470 -0.356819 1.669154 0.036601 0.001415 0.067243 0.069465 0.067199 0.067929 0.003759
0.012101 -0.356524 1.676025 0.036665 0.001869 0.066898 0.068961 0.066863 0.067701 0.003722
0.016719 -0.356124 1.683047 0.036716 0.002310 0.066527 0.068419 0.066503 0.067448 0.003767
0.021323 -0.355618 1.690190 0.036755 0.002743 0.066140 0.067850 0.066118 0.067181 0.003658
0.025916 -0.355005 1.697426 0.036781 0.003169 0.065742 0.067269 0.065719 0.066904 0.003710
0.030497 -0.354285 1.704725 0.036797 0.003587 0.065337 0.066688 0.065322 0.066623 0.003851
0.035066 -0.353458 1.712058 0.036801 0.004001 0.064943 0.066127 0.064940 0.066338 0.003739
0.039625 -0.352525 1.719395 0.036794 0.004412 0.064571 0.065592 0.064568 0.066063 0.003716
0.044175 -0.351487 1.726710 0.036776 0.004822 0.064222 0.065097 0.064227 0.065795 0.003875
0.048715 -0.350347 1.733978 0.036749 0.005232 0.063901 0.064643 0.063913 0.065547 0.003688
0.053247 -0.349105 1.741174 0.036711 0.005646 0.063612 0.064236 0.063622 0.065317 0.003720
0.057770 -0.347766 1.748279 0.036664 0.006061 0.063362 0.063885 0.063368 0.065104 0.003765
0.062284 -0.346332 1.755275 0.036608 0.006477 0.063139 0.063584 0.063158 0.064918 0.003710
0.066789 -0.344804 1.762147 0.036542 0.006897 0.062961 0.063336 0.062970 0.064755 0.003778
0.071284 -0.343187 1.768881 0.036468 0.007320 0.062813 0.063143 0.062832 0.064612 0.003662
0.075768 -0.341482 1.775468 0.036385 0.007746 0.062705 0.063000 0.062722 0.064496 0.003704
0.080240 -0.339692 1.781902 0.036294 0.008176 0.062632 0.062906 0.062641 0.064405 0.003823
0.084699 -0.337820 1.788176 0.036194 0.008607 0.062581 0.062856 0.062600 0.064340 0.003653
0.089144 -0.335867 1.794288 0.036086 0.009043 0.062570 0.062851 0.062586 0.064291 0.003874
0.093572 -0.333834 1.800238 0.035970 0.009483 0.062590 0.062885 0.062597 0.064265 0.004609
0.097982 -0.331724 1.806028 0.035846 0.009923 0.062630 0.062954 0.062637 0.064262 0.003700
0.102372 -0.329538 1.811660 0.035714 0.010365 0.062690 0.063052 0.062700 0.064279 0.003705
0.106740 -0.327276 1.817140 0.035574 0.010809 0.062778 0.063177 0.062781 0.064307 0.003793
0.111084 -0.324939 1.822474 0.035427 0.011254 0.062879 0.063326 0.062882 0.064355 0.003737
0.115403 -0.322529 1.827669 0.035271 0.011699 0.062992 0.063492 0.062997 0.064419 0.003710
0.119694 -0.320045 1.832734 0.035108 0.012145 0.063115 0.063673 0.063122 0.064497 0.003791
0.123956 -0.317487 1.837677 0.034937 0.012593 0.063251 0.063867 0.063249 0.064585 0.003672
0.128187 -0.314856 1.842509 0.034757 0.013040 0.063397 0.064065 0.063386 0.064676 0.003721
0.132385 -0.312153 1.847239 0.034570 0.013484 0.063542 0.064266 0.063531 0.064777 0.003753
0.136548 -0.309376 1.851878 0.034374 0.013924 0.063686 0.064463 0.063677 0.064882 0.003829
0.140676 -0.306527 1.856437 0.034171 0.014361 0.063829 0.064655 0.063822 0.064990 0.003585
0.144765 -0.303605 1.860924 0.033959 0.014796 0.063974 0.064842 0.063958 0.065097 0.003855
0.148816 -0.300611 1.865351 0.033739 0.015226 0.064111 0.065017 0.064094 0.065202 0.003709
0.152825 -0.297545 1.869727 0.033510 0.015651 0.064244 0.065175 0.064228 0.065300 0.003831
0.156794 -0.294406 1.874060 0.033273 0.016070 0.064370 0.065328 0.064348 0.065398 0.003754
0.160719 -0.291195 1.878360 0.033028 0.016483 0.064489 0.065462 0.064468 0.065487 0.003681
0.164600 -0.287913 1.882633 0.032774 0.016889 0.064600 0.065579 0.064580 0.065569 0.003754
0.168436 -0.284560 1.886887 0.032512 0.017288 0.064701 0.065689 0.064676 0.065647 0.003724
0.172226 -0.281136 1.891128 0.032242 0.017679 0.064795 0.065780 0.064771 0.065717 0.003697
0.175969 -0.277642 1.895363 0.031964 0.018062 0.064880 0.065856 0.064858 0.065780 0.003789
0.179663 -0.274078 1.899595 0.031678 0.018438 0.064960 0.065921 0.064934 0.065833 0.003694
0.183310 -0.270445 1.903831 0.031384 0.018806 0.065031 0.065973 0.065005 0.065880 0.003559
0.186906 -0.266742 1.908073 0.031083 0.019165 0.065092 0.066013 0.065069 0.065923 0.003806
0.190452 -0.262972 1.912325 0.030773 0.019517 0.065151 0.066045 0.065124 0.065956 0.003716
0.193947 -0.259135 1.916591 0.030457 0.019859 0.065200 0.066066 0.065174 0.065985 0.003790
0.197390 -0.255230 1.920871 0.030134 0.020194 0.065243 0.066079 0.065220 0.066009 0.003742
0.200781 -0.251260 1.925169 0.029803 0.020520 0.065285 0.066087 0.065258 0.066026 0.003766
0.204119 -0.247225 1.929487 0.029467 0.020837 0.065319 0.066087 0.065293 0.066041 0.003747
0.207403 -0.243125 1.933824 0.029123 0.021146 0.065349 0.066081 0.065326 0.066052 0.003701
0.210632 -0.238961 1.938183 0.028774 0.021447 0.065379 0.066073 0.065352 0.066057 0.003704
0.213806 -0.234734 1.942564 0.028419 0.021739 0.065403 0.066059 0.065377 0.066060 0.003839
0.216924 -0.230446 1.946968 0.028058 0.022023 0.065423 0.066042 0.065401 0.066061 0.003757
0.219985 -0.226096 1.951396 0.027691 0.022300 0.065442 0.066021 0.065421 0.066061 0.003701
0.222989 -0.221687 1.955848 0.027320 0.022569 0.065460 0.066004 0.065433 0.066060 0.003804
0.225935 -0.217218 1.960324 0.026943 0.022829 0.065478 0.065985 0.065449 0.066051 0.003700
0.228822 -0.212691 1.964824 0.026562 0.023081 0.065488 0.065960 0.065464 0.066048 0.003758
0.231650 -0.208106 1.969349 0.026176 0.023324 0.065503 0.065936 0.065479 0.066039 0.003719
0.234418 -0.203466 1.973898 0.025786 0.023560 0.065515 0.065912 0.065490 0.066033 0.003703
0.237124 -0.198770 1.978472 0.025393 0.023788 0.065528 0.065890 0.065499 0.066023 0.003867
0.239769 -0.194021 1.983071 0.024995 0.024007 0.065538 0.065865 0.065510 0.066014 0.003677
0.242350 -0.189218 1.987695 0.024594 0.024218 0.065543 0.065843 0.065517 0.066010 0.003700
0.244869 -0.184364 1.992344 0.024190 0.024420 0.065556 0.065819 0.065527 0.065998 0.003900
0.247323 -0.179459 1.997018 0.023782 0.024614 0.065563 0.065797 0.065534 0.065991 0.003729
0.249712 -0.174505 2.001718 0.023372 0.024799 0.065572 0.065771 0.065546 0.065980 0.003689
0.252036 -0.169503 2.006443 0.022959 0.024977 0.065580 0.065746 0.065554 0.065974 0.003766
0.254292 -0.164455 2.011193 0.022543 0.025148 0.065588 0.065727 0.065557 0.065969 0.003686
0.256481 -0.159360 2.015970 0.022125 0.025310 0.065599 0.065708 0.065566 0.065956 0.004187
0.258600 -0.154222 2.020773 0.021705 0.025463 0.065604 0.065689 0.065571 0.065949 0.003892
0.260651 -0.149041 2.025603 0.021283 0.025608 0.065611 0.065667 0.065581 0.065938 0.003668
0.262631 -0.143819 2.030460 0.020859 0.025744 0.065615 0.065645 0.065584 0.065936 0.003694
0.264539 -0.138557 2.035344 0.020434 0.025873 0.065625 0.065626 0.065591 0.065926 0.003776
0.266375 -0.133257 2.040256 0.020007 0.025994 0.065629 0.065607 0.065594 0.065921 0.003581
0.268138 -0.127920 2.045196 0.019579 0.026106 0.065636 0.065591 0.065600 0.065910 0.003750
0.269827 -0.122549 2.050165 0.019150 0.026209 0.065639 0.065573 0.065602 0.065906 0.003695
0.271440 -0.117144 2.055163 0.018720 0.026304 0.065643 0.065552 0.065608 0.065897 0.003700
0.272977 -0.111707 2.060191 0.018289 0.026392 0.065647 0.065535 0.065609 0.065889 0.003783
0.274437 -0.106241 2.065249 0.017857 0.026471 0.065649 0.065519 0.065609 0.065883 0.003776
0.275819 -0.100747 2.070337 0.017425 0.026541 0.065652 0.065505 0.065609 0.065874 0.003712
0.277121 -0.095227 2.075457 0.016992 0.026603 0.065650 0.065487 0.065608 0.065867 0.003829
0.278344 -0.089682 2.080608 0.016559 0.026656 0.065648 0.065468 0.065609 0.065858 0.003730
0.279486 -0.084115 2.085791 0.016125 0.026701 0.065649 0.065453 0.065606 0.065847 0.003721
0.280545 -0.078528 2.091006 0.015692 0.026738 0.065645 0.065434 0.065601 0.065838 0.003705
0.281522 -0.072923 2.096254 0.015258 0.026767 0.065642 0.065420 0.065595 0.065827 0.003653
0.282415 -0.067302 2.101535 0.014824 0.026787 0.065634 0.065403 0.065588 0.065817 0.003723
0.283224 -0.061667 2.106849 0.014390 0.026799 0.065626 0.065385 0.065581 0.065806 0.003672
0.283947 -0.056021 2.112197 0.013956 0.026803 0.065620 0.065370 0.065571 0.065790 0.003698
0.284583 -0.050365 2.117578 0.013523 0.026798 0.065611 0.065355 0.065560 0.065769 0.003845
0.285133 -0.044702 2.122993 0.013089 0.026786 0.065595 0.065334 0.065548 0.065752 0.003820
0.285595 -0.039035 2.128442 0.012656 0.026765 0.065584 0.065319 0.065530 0.065736 0.003704
0.285968 -0.033366 2.133924 0.012223 0.026736 0.065568 0.065303 0.065513 0.065717 0.003830
0.286253 -0.027697 2.139440 0.011790 0.026697 0.065549 0.065285 0.065497 0.065693 0.003717
0.286448 -0.022031 2.144988 0.011358 0.026650 0.065530 0.065268 0.065475 0.065670 0.003692
0.286552 -0.016370 2.150569 0.010925 0.026595 0.065508 0.065249 0.065452 0.065645 0.003713
0.286567 -0.010717 2.156181 0.010493 0.026531 0.065485 0.065241 0.065420 0.065628 0.003717
0.286490 -0.005074 2.161825 0.010062 0.026455 0.065454 0.065248 0.065377 0.065624 0.003831
0.286322 0.000555 2.167500 0.009630 0.026364 0.065418 0.065253 0.065341 0.065612 0.003731
0.286064 0.006170 2.173205 0.009197 0.026257 0.065378 0.065250 0.065308 0.065597 0.003766
0.285714 0.011765 2.178940 0.008764 0.026137 0.065342 0.065244 0.065274 0.065580 0.003826
0.285273 0.017341 2.184704 0.008330 0.026006 0.065305 0.065235 0.065242 0.065557 0.003830
0.284741 0.022893 2.190495 0.007895 0.025867 0.065271 0.065224 0.065208 0.065523 0.003706
0.284119 0.028419 2.196313 0.007459 0.025719 0.065234 0.065204 0.065175 0.065486 0.003802
0.283406 0.033917 2.202156 0.007022 0.025564 0.065200 0.065184 0.065138 0.065448 0.003687
0.282604 0.039384 2.208022 0.006583 0.025402 0.065168 0.065162 0.065104 0.065401 0.003702
0.281712 0.044818 2.213910 0.006143 0.025232 0.065131 0.065138 0.065069 0.065348 0.003724
0.280732 0.050217 2.219816 0.005702 0.025056 0.065095 0.065110 0.065032 0.065292 0.003688
0.279663 0.055577 2.225740 0.005260 0.024872 0.065057 0.065076 0.064996 0.065237 0.003863
0.278507 0.060898 2.231679 0.004817 0.024682 0.065022 0.065045 0.064960 0.065174 0.003795
0.277265 0.066176 2.237629 0.004373 0.024486 0.064982 0.065011 0.064921 0.065113 0.003698
0.275938 0.071411 2.243588 0.003928 0.024285 0.064946 0.064978 0.064885 0.065045 0.003938
0.274526 0.076599 2.249554 0.003482 0.024078 0.064908 0.064943 0.064846 0.064977 0.003748
0.273031 0.081740 2.255523 0.003035 0.023865 0.064868 0.064908 0.064810 0.064906 0.003699
0.271455 0.086831 2.261491 0.002588 0.023648 0.064830 0.064874 0.064768 0.064837 0.003791
0.269798 0.091871 2.267457 0.002141 0.023425 0.064792 0.064845 0.064725 0.064770 0.003705
0.268062 0.096859 2.273416 0.001693 0.023194 0.064748 0.064814 0.064681 0.064715 0.003703
0.266248 0.101794 2.279366 0.001244 0.022956 0.064709 0.064788 0.064644 0.064650 0.003809
0.264358 0.106674 2.285302 0.000795 0.022711 0.064665 0.064759 0.064608 0.064586 0.003686
0.262394 0.111499 2.291222 0.000346 0.022460 0.064630 0.064731 0.064568 0.064527 0.003734
0.260357 0.116268 2.297123 -0.000103 0.022204 0.064591 0.064703 0.064534 0.064473 0.003859
0.258248 0.120980 2.303001 -0.000552 0.021944 0.064554 0.064676 0.064505 0.064417 0.003699
0.256070 0.125635 2.308853 -0.001002 0.021682 0.064523 0.064654 0.064474 0.064357 0.003796
0.253824 0.130232 2.314676 -0.001452 0.021417 0.064496 0.064629 0.064439 0.064310 0.003802
0.251512 0.134771 2.320468 -0.001902 0.021148 0.064465 0.064605 0.064419 0.064263 0.003558
0.249135 0.139252 2.326224 -0.002351 0.020877 0.064444 0.064588 0.064397 0.064213 0.003707
0.246694 0.143676 2.331943 -0.002801 0.020604 0.064421 0.064569 0.064375 0.064170 0.003767
0.244193 0.148041 2.337622 -0.003250 0.020329 0.064402 0.064551 0.064357 0.064136 0.003692
0.241631 0.152350 2.343258 -0.003699 0.020052 0.064389 0.064538 0.064345 0.064100 0.003710
0.239011 0.156601 2.348849 -0.004148 0.019773 0.064375 0.064525 0.064336 0.064071 0.003679
0.236335 0.160795 2.354394 -0.004596 0.019493 0.064371 0.064514 0.064328 0.064050 0.003702
0.233603 0.164933 2.359890 -0.005043 0.019211 0.064367 0.064508 0.064330 0.064030 0.003812
0.230818 0.169015 2.365336 -0.005490 0.018928 0.064367 0.064503 0.064331 0.064016 0.003662
0.227980 0.173041 2.370731 -0.005936 0.018644 0.064370 0.064498 0.064339 0.064011 0.003797
0.225092 0.177014 2.376073 -0.006382 0.018360 0.064384 0.064501 0.064349 0.064006 0.003819
0.222154 0.180932 2.381363 -0.006826 0.018074 0.064395 0.064503 0.064365 0.064008 0.003700
0.219168 0.184797 2.386599 -0.007269 0.017789 0.064412 0.064507 0.064384 0.064018 0.003686
0.216136 0.188609 2.391781 -0.007711 0.017503 0.064436 0.064516 0.064408 0.064028 0.003778
0.213058 0.192369 2.396910 -0.008152 0.017217 0.064462 0.064527 0.064434 0.064045 0.003776
0.209936 0.196078 2.401986 -0.008592 0.016929 0.064493 0.064542 0.064466 0.064064 0.003716
0.206771 0.199736 2.407010 -0.009030 0.016640 0.064526 0.064557 0.064499 0.064088 0.003834
0.203564 0.203344 2.411982 -0.009467 0.016350 0.064559 0.064571 0.064538 0.064121 0.003682
0.200317 0.206902 2.416903 -0.009902 0.016060 0.064602 0.064589 0.064576 0.064159 0.003854
0.197030 0.210411 2.421776 -0.010335 0.015768 0.064645 0.064611 0.064625 0.064197 0.003663
0.193705 0.213871 2.426601 -0.010766 0.015475 0.064691 0.064633 0.064672 0.064241 0.003699
0.190342 0.217282 2.431380 -0.011195 0.015182 0.064742 0.064659 0.064724 0.064283 0.003773
0.186943 0.220645 2.436117 -0.011622 0.014888 0.064793 0.064681 0.064774 0.064336 0.003687
0.183508 0.223961 2.440812 -0.012047 0.014594 0.064848 0.064709 0.064832 0.064389 0.003866
0.180039 0.227228 2.445468 -0.012469 0.014299 0.064906 0.064739 0.064893 0.064437 0.003763
0.176536 0.230448 2.450089 -0.012889 0.014004 0.064966 0.064766 0.064952 0.064489 0.003566
0.173001 0.233619 2.454677 -0.013306 0.013709 0.065026 0.064792 0.065014 0.064544 0.003769
0.169434 0.236743 2.459235 -0.013720 0.013414 0.065088 0.064818 0.065076 0.064603 0.003683
0.165836 0.239819 2.463765 -0.014131 0.013120 0.065152 0.064847 0.065142 0.064657 0.003687
0.162208 0.242846 2.468272 -0.014538 0.012825 0.065217 0.064874 0.065204 0.064713 0.003757
0.158551 0.245824 2.472758 -0.014942 0.012530 0.065280 0.064901 0.065267 0.064771 0.003769
0.154865 0.248753 2.477226 -0.015343 0.012234 0.065344 0.064929 0.065332 0.064823 0.003714
0.151152 0.251632 2.481680 -0.015739 0.011938 0.065405 0.064955 0.065393 0.064876 0.003798
0.147412 0.254461 2.486122 -0.016132 0.011640 0.065464 0.064980 0.065452 0.064930 0.003680
0.143645 0.257238 2.490557 -0.016520 0.011342 0.065526 0.065008 0.065509 0.064977 0.003727
0.139853 0.259963 2.494987 -0.016904 0.011040 0.065578 0.065030 0.065566 0.065023 0.003736
0.136037 0.262636 2.499414 -0.017283 0.010738 0.065629 0.065051 0.065619 0.065069 0.003721
0.132196 0.265255 2.503843 -0.017658 0.010434 0.065682 0.065075 0.065665 0.065108 0.003701
0.128333 0.267819 2.508274 -0.018027 0.010128 0.065724 0.065095 0.065713 0.065145 0.003840
0.124447 0.270327 2.512712 -0.018392 0.009820 0.065768 0.065113 0.065751 0.065180 0.003815
0.120540 0.272779 2.517158 -0.018751 0.009510 0.065803 0.065131 0.065792 0.065209 0.003772
0.116612 0.275172 2.521614 -0.019106 0.009198 0.065838 0.065148 0.065823 0.065234 0.003752
0.112664 0.277507 2.526082 -0.019454 0.008884 0.065866 0.065161 0.065852 0.065257 0.003694
0.108697 0.279782 2.530564 -0.019798 0.008567 0.065892 0.065175 0.065880 0.065272 0.003740
0.104713 0.281996 2.535061 -0.020135 0.008249 0.065915 0.065187 0.065896 0.065284 0.003662
0.100710 0.284147 2.539574 -0.020467 0.007927 0.065928 0.065195 0.065915 0.065296 0.003722
0.096691 0.286236 2.544105 -0.020794 0.007603 0.065943 0.065204 0.065929 0.065299 0.003772
0.092657 0.288259 2.548653 -0.021114 0.007277 0.065951 0.065209 0.065938 0.065299 0.003692
0.088608 0.290218 2.553220 -0.021429 0.006949 0.065956 0.065214 0.065940 0.065300 0.003723
0.084546 0.292110 2.557805 -0.021738 0.006618 0.065957 0.065218 0.065946 0.065293 0.003754
0.080471 0.293934 2.562408 -0.022041 0.006285 0.065958 0.065220 0.065942 0.065284 0.003728
0.076384 0.295690 2.567030 -0.022338 0.005950 0.065951 0.065220 0.065942 0.065269 0.003695
0.072286 0.297377 2.571670 -0.022630 0.005614 0.065944 0.065217 0.065932 0.065260 0.003768
0.068178 0.298994 2.576327 -0.022915 0.005277 0.065937 0.065218 0.065925 0.065240 0.003689
0.064062 0.300540 2.581001 -0.023194 0.004938 0.065926 0.065212 0.065911 0.065223 0.003709
0.059937 0.302015 2.585690 -0.023468 0.004596 0.065914 0.065210 0.065900 0.065205 0.003730
0.055806 0.303419 2.590395 -0.023735 0.004253 0.065898 0.065204 0.065888 0.065185 0.003713
0.051669 0.304749 2.595113 -0.023997 0.003908 0.065883 0.065200 0.065875 0.065163 0.003849
0.047527 0.306007 2.599844 -0.024253 0.003563 0.065869 0.065194 0.065858 0.065140 0.003676
0.043381 0.307192 2.604586 -0.024503 0.003216 0.065850 0.065188 0.065845 0.065116 0.003701
0.039232 0.308303 2.609339 -0.024747 0.002869 0.065837 0.065182 0.065824 0.065092 0.003832
0.035082 0.309340 2.614101 -0.024986 0.002521 0.065817 0.065173 0.065810 0.065073 0.003689
0.030930 0.310304 2.618870 -0.025218 0.002172 0.065802 0.065167 0.065795 0.065051 0.003790
0.026778 0.311193 2.623646 -0.025445 0.001823 0.065786 0.065159 0.065779 0.065031 0.003822
0.022627 0.312009 2.628427 -0.025666 0.001473 0.065773 0.065154 0.065764 0.065009 0.003837
0.018478 0.312751 2.633212 -0.025881 0.001122 0.065758 0.065146 0.065750 0.064991 0.003703
0.014331 0.313419 2.637999 -0.026090 0.000770 0.065742 0.065138 0.065739 0.064977 0.003845
0.010188 0.314014 2.642789 -0.026294 0.000419 0.065730 0.065133 0.065727 0.064962 0.003680
0.006049 0.314535 2.647579 -0.026492 0.000068 0.065720 0.065127 0.065715 0.064949 0.003702
0.001916 0.314983 2.652369 -0.026684 -0.000283 0.065713 0.065123 0.065705 0.064934 0.003655
-0.002212 0.315358 2.657157 -0.026870 -0.000635 0.065704 0.065117 0.065698 0.064923 0.003708
-0.006333 0.315661 2.661944 -0.027051 -0.000988 0.065696 0.065114 0.065693 0.064912 0.003686
-0.010446 0.315891 2.666728 -0.027226 -0.001341 0.065687 0.065110 0.065687 0.064905 0.003682
-0.014552 0.316050 2.671509 -0.027395 -0.001693 0.065685 0.065107 0.065682 0.064895 0.003796
-0.018648 0.316137 2.676285 -0.027559 -0.002045 0.065683 0.065104 0.065676 0.064891 0.003856
-0.022734 0.316154 2.681057 -0.027717 -0.002398 0.065679 0.065100 0.065675 0.064891 0.003712
-0.026810 0.316100 2.685825 -0.027869 -0.002752 0.065676 0.065100 0.065676 0.064889 0.003747
-0.030875 0.315976 2.690587 -0.028015 -0.003106 0.065679 0.065100 0.065676 0.064885 0.003779
-0.034928 0.315782 2.695344 -0.028156 -0.003459 0.065678 0.065100 0.065677 0.064885 0.003678
-0.038969 0.315519 2.700095 -0.028291 -0.003813 0.065680 0.065098 0.065677 0.064890 0.003709
-0.042996 0.315188 2.704841 -0.028420 -0.004167 0.065684 0.065103 0.065681 0.064888 0.003666
-0.047010 0.314788 2.709581 -0.028543 -0.004523 0.065685 0.065103 0.065679 0.064895 0.003710
-0.051009 0.314321 2.714315 -0.028661 -0.004880 0.065687 0.065106 0.065684 0.064902 0.003770
-0.054993 0.313787 2.719044 -0.028773 -0.005239 0.065692 0.065111 0.065688 0.064905 0.003681
-0.058962 0.313186 2.723767 -0.028879 -0.005598 0.065693 0.065114 0.065692 0.064913 0.003914
-0.062914 0.312519 2.728485 -0.028980 -0.005958 0.065699 0.065119 0.065695 0.064919 0.005315
-0.066850 0.311787 2.733198 -0.029074 -0.006320 0.065701 0.065122 0.065702 0.064928 0.003702
-0.070767 0.310989 2.737907 -0.029163 -0.006680 0.065704 0.065127 0.065709 0.064935 0.003715
-0.074667 0.310126 2.742611 -0.029247 -0.007040 0.065715 0.065131 0.065711 0.064939 0.003748
-0.078549 0.309199 2.747311 -0.029324 -0.007400 0.065716 0.065135 0.065719 0.064948 0.003681
-0.082411 0.308209 2.752007 -0.029397 -0.007759 0.065726 0.065138 0.065725 0.064953 0.003748
-0.086253 0.307155 2.756699 -0.029463 -0.008119 0.065731 0.065141 0.065730 0.064964 0.003697
-0.090075 0.306039 2.761388 -0.029523 -0.008479 0.065735 0.065146 0.065739 0.064971 0.003689
-0.093876 0.304860 2.766075 -0.029578 -0.008838 0.065742 0.065148 0.065744 0.064982 0.003780
-0.097655 0.303619 2.770759 -0.029628 -0.009196 0.065753 0.065154 0.065751 0.064984 0.003703
-0.101412 0.302317 2.775441 -0.029671 -0.009554 0.065756 0.065155 0.065757 0.064996 0.003786
-0.105147 0.300954 2.780121 -0.029709 -0.009912 0.065764 0.065160 0.065764 0.064999 0.003712
-0.108859 0.299530 2.784800 -0.029741 -0.010270 0.065769 0.065163 0.065771 0.065006 0.003763
-0.112547 0.298047 2.789479 -0.029767 -0.010627 0.065776 0.065166 0.065777 0.065011 0.003698
-0.116211 0.296504 2.794157 -0.029787 -0.010983 0.065780 0.065167 0.065783 0.065020 0.003793
-0.119851 0.294901 2.798834 -0.029802 -0.011338 0.065786 0.065170 0.065789 0.065026 0.003689
-0.123465 0.293240 2.803513 -0.029811 -0.011692 0.065794 0.065173 0.065793 0.065030 0.003807
-0.127053 0.291521 2.808191 -0.029814 -0.012045 0.065797 0.065177 0.065800 0.065033 0.003800
-0.130615 0.289744 2.812871 -0.029811 -0.012398 0.065802 0.065177 0.065803 0.065039 0.003770
-0.134150 0.287910 2.817552 -0.029802 -0.012750 0.065807 0.065179 0.065807 0.065044 0.003709
-0.137658 0.286019 2.822235 -0.029788 -0.013102 0.065809 0.065178 0.065811 0.065052 0.003792
-0.141138 0.284072 2.826920 -0.029767 -0.013452 0.065812 0.065183 0.065818 0.065052 0.003736
-0.144590 0.282068 2.831607 -0.029741 -0.013800 0.065819 0.065182 0.065817 0.065056 0.003743
-0.148013 0.280010 2.836296 -0.029709 -0.014148 0.065821 0.065183 0.065821 0.065059 0.003673
-0.151407 0.277896 2.840988 -0.029671 -0.014495 0.065819 0.065183 0.065824 0.065066 0.003630
-0.154771 0.275727 2.845684 -0.029627 -0.014840 0.065827 0.065185 0.065825 0.065064 0.003805
-0.158105 0.273505 2.850382 -0.029577 -0.015184 0.065826 0.065185 0.065827 0.065068 0.003740
-0.161408 0.271229 2.855084 -0.029522 -0.015527 0.065826 0.065185 0.065831 0.065069 0.003691
-0.164680 0.268900 2.859790 -0.029460 -0.015868 0.065828 0.065186 0.065830 0.065070 0.003806
-0.167920 0.266518 2.864499 -0.029393 -0.016207 0.065830 0.065186 0.065830 0.065069 0.003670
-0.171128 0.264084 2.869213 -0.029319 -0.016546 0.065830 0.065183 0.065828 0.065074 0.003710
-0.174303 0.261599 2.873931 -0.029240 -0.016883 0.065827 0.065182 0.065830 0.065077 0.003657
-0.177446 0.259062 2.878653 -0.029155 -0.017219 0.065827 0.065182 0.065829 0.065078 0.003700
-0.180555 0.256475 2.883379 -0.029064 -0.017552 0.065826 0.065182 0.065829 0.065077 0.003802
-0.183629 0.253838 2.888110 -0.028967 -0.017883 0.065825 0.065182 0.065826 0.065077 0.003671
-0.186670 0.251151 2.892846 -0.028864 -0.018213 0.065825 0.065181 0.065824 0.065075 0.003784
-0.189676 0.248415 2.897586 -0.028755 -0.018541 0.065823 0.065177 0.065821 0.065079 0.003790
-0.192646 0.245631 2.902331 -0.028641 -0.018868 0.065820 0.065178 0.065821 0.065076 0.003789
-0.195581 0.242799 2.907081 -0.028520 -0.019193 0.065817 0.065175 0.065817 0.065078 0.003699
-0.198479 0.239919 2.911836 -0.028394 -0.019516 0.065814 0.065176 0.065817 0.065073 0.003884
-0.201341 0.236992 2.916596 -0.028262 -0.019836 0.065810 0.065174 0.065811 0.065074 0.003706
-0.204166 0.234020 2.921361 -0.028124 -0.020154 0.065807 0.065171 0.065807 0.065076 0.003702
-0.206954 0.231001 2.926131 -0.027981 -0.020470 0.065801 0.065170 0.065804 0.065076 0.003790
-0.209704 0.227937 2.930906 -0.027832 -0.020783 0.065801 0.065166 0.065798 0.065075 0.003739
-0.212415 0.224829 2.935686 -0.027677 -0.021094 0.065793 0.065166 0.065797 0.065074 0.003821
-0.215089 0.221676 2.940471 -0.027516 -0.021402 0.065792 0.065163 0.065791 0.065073 0.003669
-0.217723 0.218481 2.945262 -0.027350 -0.021707 0.065787 0.065162 0.065787 0.065072 0.003681
-0.220318 0.215242 2.950057 -0.027178 -0.022010 0.065783 0.065159 0.065783 0.065071 0.005136
-0.222873 0.211961 2.954858 -0.027000 -0.022311 0.065780 0.065157 0.065777 0.065070 0.003735
-0.225389 0.208639 2.959663 -0.026817 -0.022610 0.065773 0.065155 0.065774 0.065069 0.003706
-0.227864 0.205275 2.964474 -0.026628 -0.022905 0.065769 0.065153 0.065768 0.065068 0.003799
-0.230298 0.201872 2.969290 -0.026434 -0.023198 0.065762 0.065152 0.065764 0.065068 0.003646
-0.232691 0.198428 2.974111 -0.026234 -0.023487 0.065760 0.065148 0.065756 0.065068 0.003722
-0.235042 0.194945 2.978936 -0.026029 -0.023774 0.065750 0.065148 0.065753 0.065067 0.003865
-0.237352 0.191424 2.983768 -0.025818 -0.024057 0.065747 0.065145 0.065746 0.065067 0.003694
-0.239620 0.187865 2.988604 -0.025602 -0.024337 0.065742 0.065146 0.065742 0.065062 0.003708
-0.241845 0.184268 2.993445 -0.025381 -0.024614 0.065736 0.065142 0.065735 0.065064 0.003761
-0.244027 0.180635 2.998291 -0.025154 -0.024887 0.065731 0.065138 0.065729 0.065067 0.003699
-0.246167 0.176966 3.003142 -0.024922 -0.025158 0.065725 0.065139 0.065725 0.065063 0.003561
-0.248262 0.173262 3.007998 -0.024685 -0.025424 0.065721 0.065138 0.065719 0.065061 0.003751
-0.250314 0.169523 3.012860 -0.024442 -0.025688 0.065714 0.065133 0.065711 0.065066 0.003730
-0.252322 0.165751 3.017726 -0.024195 -0.025948 0.065708 0.065133 0.065707 0.065064 0.003710
-0.254286 0.161945 3.022597 -0.023942 -0.026204 0.065703 0.065132 0.065700 0.065064 0.003735
-0.256205 0.158106 3.027474 -0.023684 -0.026457 0.065699 0.065132 0.065694 0.065060 0.003653
-0.258079 0.154235 3.032355 -0.023421 -0.026707 0.065690 0.065130 0.065689 0.065062 0.003675
-0.259907 0.150333 3.037241 -0.023153 -0.026953 0.065686 0.065130 0.065682 0.065061 0.003556
