0.300000 0.000000 0.040000 0.000000 0.000000 0.065500 0.065500 0.065500 0.065500 0.003892
0.300000 0.000000 0.040002 0.000000 0.000000 0.065581 0.065581 0.065581 0.065581 0.004599
0.300000 0.000000 0.040021 0.000033 0.000425 0.074250 0.054544 0.079669 0.054627 0.005265
0.299998 0.000000 0.040220 0.000240 0.002896 0.086169 0.051558 0.089765 0.068678 0.004160
0.299984 -0.000001 0.040989 0.000686 0.007265 0.080593 0.056873 0.082836 0.060341 0.004702
0.299940 -0.000007 0.042254 0.001345 0.012490 0.084753 0.061962 0.082910 0.067409 0.005395
0.299846 -0.000022 0.044088 0.002179 0.016957 0.077855 0.065154 0.074785 0.060419 0.005428
0.299694 -0.000047 0.046332 0.003129 0.019986 0.077037 0.071629 0.073673 0.071975 0.004769
0.299478 -0.000083 0.049098 0.004119 0.021634 0.072752 0.076275 0.071807 0.069109 0.005096
0.299195 -0.000124 0.052407 0.005111 0.022806 0.073885 0.077902 0.074875 0.072343 0.006622
0.298838 -0.000159 0.056374 0.006090 0.024216 0.073800 0.081230 0.074086 0.073351 0.006090
0.298396 -0.000173 0.061085 0.007042 0.025848 0.075132 0.081683 0.075922 0.074159 0.005034
0.297856 -0.000142 0.066613 0.007967 0.027760 0.075478 0.082427 0.075443 0.074487 0.003816
0.297208 -0.000036 0.072978 0.008863 0.029744 0.075807 0.081409 0.075664 0.074167 0.003606
0.296441 0.000182 0.080158 0.009739 0.031695 0.075370 0.079801 0.074852 0.073218 0.003646
0.295554 0.000550 0.088077 0.010601 0.033493 0.074678 0.077207 0.074016 0.071975 0.003543
0.294551 0.001105 0.096626 0.011460 0.035069 0.073560 0.074234 0.072712 0.070467 0.003517
0.293440 0.001878 0.105673 0.012327 0.036367 0.072227 0.071053 0.071298 0.068959 0.003641
0.292238 0.002894 0.115076 0.013210 0.037362 0.070739 0.068019 0.069772 0.067511 0.003517
0.290961 0.004165 0.124698 0.014114 0.038052 0.069203 0.065274 0.068254 0.066229 0.003511
0.289628 0.005696 0.134413 0.015044 0.038456 0.067687 0.062930 0.066804 0.065128 0.003504
0.288255 0.007482 0.144107 0.016000 0.038607 0.066258 0.061016 0.065476 0.064215 0.003522
0.286855 0.009512 0.153688 0.016983 0.038547 0.064964 0.059523 0.064274 0.063486 0.003620
0.285438 0.011769 0.163077 0.017991 0.038316 0.063817 0.058424 0.063236 0.062924 0.003531
0.284010 0.014233 0.172213 0.019022 0.037952 0.062832 0.057675 0.062350 0.062520 0.003605
0.282573 0.016884 0.181050 0.020071 0.037486 0.062003 0.057237 0.061617 0.062259 0.003630
0.281127 0.019702 0.189555 0.021136 0.036947 0.061335 0.057084 0.061029 0.062119 0.003632
0.279668 0.022666 0.197705 0.022213 0.036358 0.060815 0.057177 0.060577 0.062090 0.003560
0.278192 0.025757 0.205491 0.023297 0.035732 0.060417 0.057468 0.060241 0.062181 0.003646
0.276693 0.028960 0.212910 0.024385 0.035083 0.060139 0.057941 0.060000 0.062359 0.003512
0.275165 0.032259 0.219969 0.025472 0.034415 0.059951 0.058558 0.059860 0.062619 0.003673
0.273602 0.035641 0.226679 0.026553 0.033736 0.059838 0.059281 0.059791 0.062960 0.003565
0.271996 0.039098 0.233059 0.027623 0.033051 0.059795 0.060084 0.059761 0.063369 0.003594
0.270343 0.042620 0.239129 0.028678 0.032360 0.059789 0.060937 0.059777 0.063837 0.003632
0.268636 0.046201 0.244916 0.029712 0.031661 0.059816 0.061820 0.059820 0.064342 0.003533
0.266872 0.049836 0.250444 0.030720 0.030957 0.059862 0.062705 0.059887 0.064876 0.003613
0.265046 0.053521 0.255742 0.031697 0.030246 0.059924 0.063573 0.059944 0.065444 0.003669
0.263155 0.057253 0.260839 0.032637 0.029527 0.059986 0.064412 0.060017 0.066018 0.003639
0.261195 0.061031 0.265761 0.033535 0.028799 0.060052 0.065209 0.060089 0.066585 0.003562
0.259166 0.064853 0.270538 0.034386 0.028062 0.060117 0.065955 0.060154 0.067148 0.003582
0.257064 0.068718 0.275194 0.035184 0.027315 0.060175 0.066643 0.060220 0.067697 0.003528
0.254889 0.072625 0.279755 0.035925 0.026561 0.060241 0.067275 0.060279 0.068223 0.003588
0.252639 0.076573 0.284246 0.036604 0.025798 0.060307 0.067842 0.060360 0.068708 0.003510
0.250313 0.080562 0.288688 0.037218 0.025032 0.060382 0.068345 0.060439 0.069155 0.003518
0.247911 0.084590 0.293103 0.037762 0.024266 0.060466 0.068785 0.060520 0.069555 0.003656
0.245431 0.088657 0.297511 0.038234 0.023500 0.060555 0.069162 0.060605 0.069920 0.003517
0.242874 0.092760 0.301928 0.038631 0.022735 0.060651 0.069483 0.060694 0.070232 0.003514
0.240240 0.096898 0.306371 0.038951 0.021971 0.060749 0.069743 0.060796 0.070486 0.003635
0.237527 0.101069 0.310855 0.039193 0.021212 0.060855 0.069952 0.060883 0.070696 0.003515
0.234735 0.105268 0.315391 0.039354 0.020456 0.060953 0.070109 0.060975 0.070861 0.003549
0.231865 0.109493 0.319992 0.039436 0.019702 0.061052 0.070217 0.061068 0.070977 0.003517
0.228916 0.113741 0.324665 0.039436 0.018954 0.061151 0.070280 0.061159 0.071036 0.003573
0.225888 0.118006 0.329419 0.039356 0.018210 0.061247 0.070309 0.061229 0.071056 0.003596
0.222782 0.122285 0.334259 0.039196 0.017469 0.061329 0.070291 0.061311 0.071020 0.003515
0.219597 0.126571 0.339189 0.038957 0.016732 0.061403 0.070243 0.061371 0.070949 0.003534
0.216334 0.130861 0.344210 0.038640 0.016001 0.061469 0.070155 0.061429 0.070833 0.003597
0.212995 0.135147 0.349323 0.038246 0.015278 0.061527 0.070046 0.061471 0.070686 0.003520
0.209578 0.139424 0.354527 0.037777 0.014561 0.061577 0.069906 0.061513 0.070492 0.003527
0.206087 0.143687 0.359820 0.037235 0.013854 0.061617 0.069749 0.061537 0.070274 0.003501
0.202521 0.147928 0.365196 0.036621 0.013155 0.061650 0.069566 0.061561 0.070025 0.004650
0.198882 0.152143 0.370651 0.035939 0.012467 0.061677 0.069375 0.061572 0.069752 0.004808
0.195172 0.156325 0.376179 0.035189 0.011789 0.061696 0.069162 0.061584 0.069456 0.003603
0.191394 0.160469 0.381771 0.034375 0.011122 0.061714 0.068945 0.061586 0.069152 0.003534
0.187549 0.164570 0.387419 0.033499 0.010468 0.061728 0.068717 0.061595 0.068827 0.003581
0.183639 0.168622 0.393115 0.032563 0.009828 0.061743 0.068488 0.061596 0.068500 0.003541
0.179667 0.172622 0.398850 0.031571 0.009201 0.061759 0.068250 0.061607 0.068160 0.003538
0.175636 0.176564 0.404613 0.030523 0.008589 0.061778 0.068010 0.061617 0.067831 0.003663
0.171549 0.180447 0.410396 0.029425 0.007991 0.061808 0.067777 0.061631 0.067503 0.003522
0.167408 0.184266 0.416188 0.028277 0.007406 0.061835 0.067545 0.061662 0.067170 0.003582
0.163217 0.188019 0.421980 0.027082 0.006836 0.061877 0.067309 0.061694 0.066856 0.003577
0.158979 0.191704 0.427764 0.025844 0.006280 0.061922 0.067084 0.061743 0.066546 0.003539
0.154696 0.195319 0.433530 0.024564 0.005740 0.061984 0.066863 0.061798 0.066240 0.003626
0.150372 0.198864 0.439270 0.023246 0.005215 0.062052 0.066644 0.061861 0.065959 0.003534
0.146010 0.202337 0.444976 0.021892 0.004704 0.062131 0.066434 0.061944 0.065685 0.003521
0.141612 0.205739 0.450641 0.020506 0.004207 0.062222 0.066232 0.062040 0.065417 0.003663
0.137182 0.209069 0.456259 0.019089 0.003725 0.062328 0.066032 0.062139 0.065177 0.003601
0.132722 0.212327 0.461823 0.017644 0.003256 0.062438 0.065844 0.062260 0.064947 0.003648
0.128234 0.215515 0.467329 0.016174 0.002801 0.062565 0.065663 0.062391 0.064723 0.003601
0.123722 0.218632 0.472772 0.014682 0.002360 0.062703 0.065486 0.062533 0.064518 0.003635
0.119187 0.221679 0.478149 0.013170 0.001933 0.062848 0.065317 0.062685 0.064332 0.003850
0.114633 0.224658 0.483455 0.011642 0.001518 0.063009 0.065155 0.062847 0.064164 0.003614
0.110060 0.227570 0.488690 0.010100 0.001116 0.063172 0.065002 0.063029 0.064002 0.003652
0.105472 0.230415 0.493851 0.008546 0.000727 0.063352 0.064856 0.063212 0.063855 0.003525
0.100870 0.233194 0.498938 0.006983 0.000351 0.063537 0.064719 0.063406 0.063718 0.003773
0.096255 0.235909 0.503950 0.005414 -0.000012 0.063727 0.064588 0.063604 0.063598 0.003530
0.091630 0.238560 0.508888 0.003842 -0.000364 0.063928 0.064462 0.063810 0.063491 0.003648
0.086997 0.241148 0.513752 0.002269 -0.000704 0.064132 0.064348 0.064023 0.063393 0.003606
0.082357 0.243674 0.518545 0.000697 -0.001034 0.064337 0.064238 0.064238 0.063308 0.003628
0.077710 0.246138 0.523268 -0.000870 -0.001354 0.064545 0.064134 0.064456 0.063237 0.003532
0.073060 0.248541 0.527924 -0.002431 -0.001663 0.064761 0.064040 0.064675 0.063169 0.003833
0.068407 0.250883 0.532515 -0.003982 -0.001962 0.064973 0.063950 0.064896 0.063114 0.003527
0.063752 0.253165 0.537046 -0.005521 -0.002253 0.065184 0.063869 0.065117 0.063063 0.003572
0.059096 0.255385 0.541519 -0.007047 -0.002534 0.065396 0.063793 0.065331 0.063023 0.003512
0.054442 0.257545 0.545938 -0.008557 -0.002808 0.065602 0.063722 0.065543 0.062994 0.003603
0.049789 0.259643 0.550308 -0.010048 -0.003075 0.065804 0.063659 0.065756 0.062967 0.003623
0.045139 0.261680 0.554632 -0.011518 -0.003334 0.066005 0.063604 0.065958 0.062942 0.003700
0.040493 0.263655 0.558915 -0.012966 -0.003588 0.066194 0.063548 0.066151 0.062932 0.003525
0.035852 0.265567 0.563162 -0.014390 -0.003837 0.066382 0.063505 0.066341 0.062918 0.003567
0.031216 0.267415 0.567376 -0.015787 -0.004082 0.066552 0.063459 0.066524 0.062918 0.003515
0.026588 0.269199 0.571562 -0.017157 -0.004322 0.066723 0.063422 0.066696 0.062918 0.003609
0.021967 0.270918 0.575724 -0.018497 -0.004557 0.066886 0.063392 0.066857 0.062917 0.003518
0.017355 0.272570 0.579867 -0.019806 -0.004790 0.067035 0.063364 0.067010 0.062922 0.003527
0.012752 0.274155 0.583993 -0.021082 -0.005021 0.067172 0.063339 0.067153 0.062935 0.003656
0.008159 0.275671 0.588109 -0.022325 -0.005250 0.067304 0.063322 0.067285 0.062946 0.003611
0.003578 0.277118 0.592216 -0.023532 -0.005478 0.067417 0.063313 0.067384 0.062967 0.003698
-0.000992 0.278493 0.596318 -0.024705 -0.005712 0.067517 0.063311 0.067481 0.062987 0.004508
-0.005550 0.279796 0.600419 -0.025840 -0.005953 0.067602 0.063311 0.067577 0.063005 0.004741
-0.010094 0.281026 0.604520 -0.026938 -0.006199 0.067679 0.063309 0.067657 0.063032 0.009068
-0.014623 0.282181 0.608626 -0.027999 -0.006448 0.067749 0.063314 0.067740 0.063051 0.006026
-0.019138 0.283261 0.612739 -0.029021 -0.006698 0.067813 0.063317 0.067808 0.063074 0.004671
-0.023637 0.284263 0.616860 -0.030004 -0.006947 0.067872 0.063322 0.067865 0.063100 0.004607
-0.028120 0.285187 0.620992 -0.030948 -0.007197 0.067925 0.063332 0.067916 0.063123 0.004226
-0.032585 0.286032 0.625137 -0.031852 -0.007447 0.067967 0.063340 0.067960 0.063150 0.004750
-0.037033 0.286797 0.629296 -0.032717 -0.007699 0.068001 0.063352 0.068000 0.063175 0.004743
-0.041462 0.287481 0.633472 -0.033542 -0.007951 0.068033 0.063369 0.068029 0.063197 0.003896
-0.045872 0.288082 0.637665 -0.034326 -0.008203 0.068054 0.063383 0.068051 0.063224 0.003772
-0.050262 0.288599 0.641877 -0.035071 -0.008456 0.068069 0.063398 0.068064 0.063254 0.003542
-0.054632 0.289033 0.646108 -0.035775 -0.008711 0.068079 0.063419 0.068072 0.063282 0.003602
-0.058981 0.289382 0.650360 -0.036440 -0.008969 0.068081 0.063440 0.068078 0.063307 0.003531
-0.063308 0.289645 0.654634 -0.037064 -0.009230 0.068075 0.063461 0.068075 0.063338 0.003528
-0.067612 0.289822 0.658929 -0.037650 -0.009491 0.068067 0.063485 0.068065 0.063366 0.003705
-0.071893 0.289912 0.663247 -0.038196 -0.009754 0.068056 0.063512 0.068049 0.063392 0.003543
-0.076151 0.289915 0.667586 -0.038703 -0.010020 0.068034 0.063538 0.068030 0.063424 0.003569
-0.080385 0.289830 0.671949 -0.039172 -0.010290 0.068010 0.063566 0.068004 0.063453 0.003539
-0.084593 0.289657 0.676334 -0.039602 -0.010562 0.067978 0.063594 0.067975 0.063489 0.003553
-0.088776 0.289395 0.680742 -0.039996 -0.010837 0.067946 0.063624 0.067941 0.063521 0.003868
-0.092934 0.289045 0.685172 -0.040352 -0.011114 0.067908 0.063656 0.067906 0.063552 0.003709
-0.097064 0.288606 0.689624 -0.040672 -0.011393 0.067868 0.063688 0.067863 0.063588 0.003829
-0.101168 0.288078 0.694098 -0.040956 -0.011676 0.067825 0.063722 0.067818 0.063622 0.003806
-0.105244 0.287462 0.698593 -0.041205 -0.011961 0.067777 0.063757 0.067774 0.063656 0.003601
-0.109291 0.286757 0.703109 -0.041420 -0.012250 0.067724 0.063791 0.067725 0.063695 0.003578
-0.113310 0.285963 0.707645 -0.041601 -0.012539 0.067677 0.063827 0.067669 0.063730 0.003629
-0.117299 0.285081 0.712201 -0.041750 -0.012832 0.067621 0.063862 0.067615 0.063772 0.003713
-0.121259 0.284112 0.716776 -0.041866 -0.013129 0.067565 0.063902 0.067564 0.063805 0.003584
-0.125188 0.283054 0.721370 -0.041951 -0.013426 0.067508 0.063939 0.067504 0.063843 0.003522
-0.129086 0.281909 0.725981 -0.042005 -0.013726 0.067452 0.063978 0.067445 0.063881 0.003513
-0.132953 0.280678 0.730610 -0.042029 -0.014029 0.067392 0.064016 0.067383 0.063923 0.003581
-0.136788 0.279360 0.735255 -0.042025 -0.014335 0.067331 0.064058 0.067326 0.063958 0.003520
-0.140590 0.277957 0.739916 -0.041993 -0.014643 0.067267 0.064096 0.067266 0.063998 0.003526
-0.144360 0.276469 0.744593 -0.041934 -0.014953 0.067209 0.064133 0.067199 0.064043 0.003525
-0.148096 0.274897 0.749284 -0.041848 -0.015265 0.067147 0.064175 0.067140 0.064080 0.003641
-0.151798 0.273241 0.753988 -0.041737 -0.015580 0.067081 0.064215 0.067079 0.064123 0.003637
-0.155466 0.271502 0.758706 -0.041601 -0.015895 0.067020 0.064255 0.067016 0.064164 0.003597
-0.159099 0.269682 0.763437 -0.041442 -0.016211 0.066960 0.064296 0.066953 0.064203 0.003528
-0.162696 0.267780 0.768180 -0.041260 -0.016529 0.066900 0.064337 0.066891 0.064241 0.003594
-0.166258 0.265798 0.772934 -0.041055 -0.016850 0.066838 0.064378 0.066832 0.064279 0.003607
-0.169784 0.263737 0.777699 -0.040830 -0.017172 0.066776 0.064416 0.066769 0.064323 0.003531
-0.173273 0.261598 0.782474 -0.040585 -0.017494 0.066714 0.064455 0.066711 0.064365 0.003593
-0.176725 0.259381 0.787259 -0.040320 -0.017817 0.066656 0.064494 0.066650 0.064405 0.004520
-0.180139 0.257089 0.792053 -0.040036 -0.018139 0.066599 0.064534 0.066591 0.064443 0.004075
-0.183515 0.254721 0.796856 -0.039735 -0.018463 0.066540 0.064573 0.066535 0.064481 0.003757
-0.186853 0.252279 0.801668 -0.039417 -0.018786 0.066486 0.064609 0.066474 0.064524 0.003531
-0.190152 0.249764 0.806487 -0.039083 -0.019110 0.066427 0.064649 0.066424 0.064559 0.003735
-0.193412 0.247178 0.811314 -0.038733 -0.019434 0.066375 0.064684 0.066366 0.064599 0.003678
-0.196633 0.244521 0.816148 -0.038369 -0.019758 0.066321 0.064723 0.066314 0.064633 0.003554
-0.199813 0.241794 0.820989 -0.037991 -0.020081 0.066269 0.064758 0.066261 0.064671 0.003579
-0.202952 0.238999 0.825836 -0.037600 -0.020404 0.066216 0.064793 0.066211 0.064709 0.003532
-0.206051 0.236136 0.830690 -0.037197 -0.020725 0.066166 0.064827 0.066160 0.064745 0.003517
-0.209108 0.233208 0.835550 -0.036782 -0.021045 0.066119 0.064861 0.066110 0.064780 0.003570
-0.212124 0.230215 0.840415 -0.036356 -0.021365 0.066073 0.064894 0.066063 0.064814 0.003872
-0.215097 0.227159 0.845286 -0.035920 -0.021684 0.066025 0.064927 0.066019 0.064847 0.004053
-0.218028 0.224040 0.850162 -0.035475 -0.022001 0.065981 0.064959 0.065973 0.064879 0.004320
-0.220917 0.220861 0.855042 -0.035020 -0.022316 0.065936 0.064990 0.065932 0.064910 0.003810
-0.223761 0.217621 0.859928 -0.034557 -0.022629 0.065895 0.065020 0.065888 0.064941 0.003652
-0.226562 0.214323 0.864819 -0.034087 -0.022940 0.065855 0.065049 0.065846 0.064971 0.003698
-0.229319 0.210968 0.869714 -0.033610 -0.023248 0.065817 0.065076 0.065807 0.065000 0.003782
-0.232032 0.207557 0.874614 -0.033126 -0.023555 0.065777 0.065104 0.065770 0.065029 0.003519
-0.234700 0.204091 0.879517 -0.032636 -0.023859 0.065741 0.065130 0.065733 0.065057 0.003650
-0.237323 0.200571 0.884425 -0.032141 -0.024160 0.065704 0.065156 0.065699 0.065084 0.003559
-0.239900 0.197000 0.889338 -0.031640 -0.024458 0.065672 0.065182 0.065665 0.065104 0.003543
-0.242431 0.193377 0.894254 -0.031136 -0.024752 0.065639 0.065204 0.065630 0.065131 0.003564
-0.244916 0.189705 0.899174 -0.030627 -0.025043 0.065608 0.065224 0.065599 0.065158 0.003645
-0.247354 0.185984 0.904099 -0.030115 -0.025332 0.065576 0.065246 0.065570 0.065183 0.003691
-0.249745 0.182217 0.909027 -0.029600 -0.025616 0.065549 0.065268 0.065542 0.065200 0.003542
-0.252090 0.178403 0.913959 -0.029083 -0.025897 0.065524 0.065288 0.065514 0.065219 0.003708
-0.254386 0.174545 0.918895 -0.028563 -0.026176 0.065495 0.065304 0.065489 0.065244 0.003746
-0.256634 0.170643 0.923835 -0.028041 -0.026450 0.065471 0.065323 0.065463 0.065261 0.003614
-0.258834 0.166699 0.928779 -0.027518 -0.026720 0.065445 0.065341 0.065441 0.065279 0.003507
-0.260986 0.162714 0.933726 -0.026994 -0.026985 0.065427 0.065355 0.065416 0.065297 0.003669
-0.263088 0.158690 0.938678 -0.026469 -0.027248 0.065405 0.065372 0.065396 0.065308 0.003519
-0.265141 0.154627 0.943633 -0.025943 -0.027506 0.065381 0.065385 0.065377 0.065327 0.003670
-0.267145 0.150526 0.948593 -0.025417 -0.027760 0.065363 0.065399 0.065358 0.065339 0.003522
-0.269098 0.146390 0.953556 -0.024892 -0.028008 0.065346 0.065408 0.065338 0.065357 0.003623
-0.271001 0.142218 0.958523 -0.024366 -0.028252 0.065332 0.065422 0.065322 0.065364 0.003587
-0.272854 0.138013 0.963494 -0.023842 -0.028493 0.065314 0.065432 0.065307 0.065377 0.003527
-0.274655 0.133775 0.968469 -0.023318 -0.028728 0.065299 0.065440 0.065292 0.065391 0.003682
-0.276406 0.129506 0.973448 -0.022795 -0.028959 0.065284 0.065451 0.065280 0.065398 0.003694
-0.278105 0.125207 0.978432 -0.022273 -0.029184 0.065272 0.065459 0.065266 0.065406 0.003595
-0.279752 0.120878 0.983419 -0.021752 -0.029404 0.065261 0.065465 0.065253 0.065417 0.003525
-0.281347 0.116522 0.988410 -0.021233 -0.029620 0.065248 0.065472 0.065243 0.065426 0.003575
-0.282890 0.112138 0.993406 -0.020716 -0.029830 0.065239 0.065479 0.065233 0.065431 0.003530
-0.284381 0.107729 0.998405 -0.020201 -0.030034 0.065232 0.065483 0.065223 0.065437 0.003570
-0.285818 0.103296 1.003409 -0.019687 -0.030235 0.065221 0.065487 0.065216 0.065443 0.003564
-0.287203 0.098838 1.008418 -0.019176 -0.030430 0.065216 0.065492 0.065209 0.065445 0.003519
-0.288534 0.094359 1.013430 -0.018667 -0.030619 0.065208 0.065497 0.065203 0.065448 0.003578
-0.289811 0.089858 1.018447 -0.018160 -0.030803 0.065202 0.065498 0.065196 0.065453 0.004637
-0.291035 0.085336 1.023468 -0.017655 -0.030981 0.065193 0.065500 0.065191 0.065458 0.003656
-0.292205 0.080796 1.028494 -0.017153 -0.031153 0.065194 0.065499 0.065184 0.065460 0.003717
-0.293320 0.076237 1.033524 -0.016653 -0.031320 0.065185 0.065502 0.065183 0.065461 0.003534
-0.294381 0.071661 1.038558 -0.016156 -0.031481 0.065187 0.065502 0.065178 0.065460 0.003513
-0.295387 0.067069 1.043597 -0.015661 -0.031637 0.065182 0.065499 0.065176 0.065466 0.003604
-0.296339 0.062462 1.048641 -0.015169 -0.031788 0.065180 0.065501 0.065176 0.065459 0.003698
-0.297235 0.057840 1.053689 -0.014679 -0.031932 0.065178 0.065498 0.065173 0.065462 0.003590
-0.298076 0.053206 1.058742 -0.014192 -0.032070 0.065180 0.065495 0.065172 0.065461 0.003609
-0.298862 0.048560 1.063799 -0.013708 -0.032203 0.065177 0.065493 0.065172 0.065461 0.003523
-0.299592 0.043902 1.068861 -0.013226 -0.032330 0.065179 0.065490 0.065172 0.065458 0.003558
-0.300266 0.039234 1.073928 -0.012746 -0.032452 0.065178 0.065488 0.065174 0.065456 0.003604
-0.300885 0.034557 1.078999 -0.012269 -0.032567 0.065182 0.065485 0.065174 0.065450 0.003837
-0.301447 0.029872 1.084076 -0.011794 -0.032678 0.065181 0.065482 0.065178 0.065447 0.003824
-0.301954 0.025179 1.089157 -0.011322 -0.032782 0.065184 0.065476 0.065178 0.065447 0.003713
-0.302404 0.020480 1.094243 -0.010852 -0.032880 0.065185 0.065472 0.065182 0.065442 0.003609
-0.302797 0.015776 1.099333 -0.010385 -0.032972 0.065189 0.065466 0.065183 0.065440 0.003822
-0.303134 0.011066 1.104429 -0.009919 -0.033058 0.065191 0.065462 0.065187 0.065433 0.003523
-0.303414 0.006354 1.109529 -0.009456 -0.033138 0.065195 0.065456 0.065189 0.065430 0.003679
-0.303638 0.001638 1.114634 -0.008995 -0.033212 0.065203 0.065449 0.065193 0.065424 0.003542
-0.303805 -0.003079 1.119744 -0.008536 -0.033281 0.065200 0.065445 0.065200 0.065419 0.003691
-0.303915 -0.007797 1.124859 -0.008079 -0.033344 0.065211 0.065438 0.065202 0.065413 0.003706
-0.303968 -0.012515 1.129979 -0.007623 -0.033401 0.065214 0.065430 0.065207 0.065409 0.003628
-0.303963 -0.017233 1.135104 -0.007170 -0.033454 0.065215 0.065422 0.065213 0.065407 0.003526
-0.303902 -0.021948 1.140234 -0.006718 -0.033499 0.065217 0.065418 0.065217 0.065400 0.003567
-0.303784 -0.026662 1.145368 -0.006268 -0.033538 0.065230 0.065409 0.065218 0.065392 0.003509
-0.303608 -0.031372 1.150508 -0.005819 -0.033572 0.065230 0.065404 0.065227 0.065386 0.003603
-0.303375 -0.036077 1.155652 -0.005372 -0.033599 0.065237 0.065397 0.065232 0.065378 0.003517
-0.303085 -0.040778 1.160801 -0.004926 -0.033622 0.065244 0.065388 0.065236 0.065375 0.003525
-0.302738 -0.045472 1.165955 -0.004481 -0.033638 0.065245 0.065383 0.065244 0.065365 0.003584
-0.302333 -0.050160 1.171114 -0.004037 -0.033649 0.065255 0.065372 0.065246 0.065363 0.003666
-0.301871 -0.054841 1.176277 -0.003594 -0.033654 0.065256 0.065367 0.065255 0.065354 0.003542
-0.301352 -0.059513 1.181445 -0.003152 -0.033652 0.065262 0.065358 0.065258 0.065351 0.003828
-0.300775 -0.064176 1.186618 -0.002711 -0.033644 0.065271 0.065348 0.065262 0.065345 0.003716
-0.300141 -0.068828 1.191795 -0.002270 -0.033631 0.065274 0.065339 0.065267 0.065342 0.003610
-0.299450 -0.073470 1.196977 -0.001830 -0.033613 0.065280 0.065334 0.065275 0.065327 0.003719
-0.298702 -0.078101 1.202164 -0.001391 -0.033589 0.065280 0.065328 0.065281 0.065325 0.003523
-0.297897 -0.082719 1.207354 -0.000952 -0.033558 0.065287 0.065318 0.065283 0.065321 0.003649
-0.297034 -0.087324 1.212549 -0.000513 -0.033521 0.065292 0.065311 0.065287 0.065312 0.003531
-0.296114 -0.091915 1.217748 -0.000075 -0.033478 0.065299 0.065301 0.065291 0.065310 0.003513
-0.295138 -0.096491 1.222951 0.000364 -0.033430 0.065302 0.065292 0.065296 0.065303 0.003755
-0.294104 -0.101051 1.228158 0.000802 -0.033377 0.065306 0.065286 0.065302 0.065293 0.003533
-0.293014 -0.105596 1.233368 0.001241 -0.033318 0.065307 0.065281 0.065307 0.065289 0.003660
-0.291867 -0.110123 1.238582 0.001680 -0.033252 0.065315 0.065272 0.065308 0.065283 0.003519
-0.290663 -0.114632 1.243800 0.002119 -0.033180 0.065315 0.065264 0.065312 0.065281 0.003595
-0.289402 -0.119123 1.249021 0.002558 -0.033102 0.065316 0.065257 0.065315 0.065276 0.003756
-0.288085 -0.123595 1.254245 0.002998 -0.033017 0.065325 0.065248 0.065317 0.065268 0.003524
-0.286712 -0.128046 1.259472 0.003439 -0.032928 0.065326 0.065240 0.065320 0.065266 0.003524
-0.285282 -0.132476 1.264702 0.003880 -0.032833 0.065326 0.065232 0.065323 0.065260 0.003653
-0.283797 -0.136885 1.269934 0.004321 -0.032732 0.065329 0.065227 0.065326 0.065251 0.003535
-0.282255 -0.141271 1.275168 0.004764 -0.032625 0.065333 0.065219 0.065326 0.065251 0.003518
-0.280658 -0.145635 1.280405 0.005207 -0.032512 0.065328 0.065214 0.065329 0.065244 0.003581
-0.279005 -0.149974 1.285643 0.005651 -0.032392 0.065328 0.065207 0.065327 0.065246 0.003628
-0.277296 -0.154289 1.290882 0.006096 -0.032264 0.065327 0.065198 0.065325 0.065243 0.003636
-0.275532 -0.158578 1.296123 0.006541 -0.032131 0.065333 0.065188 0.065323 0.065238 0.003514
-0.273713 -0.162841 1.301365 0.006988 -0.031992 0.065322 0.065183 0.065324 0.065237 0.003660
-0.271839 -0.167077 1.306607 0.007436 -0.031847 0.065331 0.065174 0.065323 0.065225 0.003800
-0.269911 -0.171286 1.311849 0.007884 -0.031697 0.065323 0.065167 0.065321 0.065230 0.003637
-0.267927 -0.175466 1.317090 0.008334 -0.031541 0.065322 0.065158 0.065319 0.065221 0.003654
-0.265889 -0.179617 1.322331 0.008785 -0.031378 0.065317 0.065152 0.065317 0.065219 0.003644
-0.263797 -0.183739 1.327571 0.009237 -0.031208 0.065306 0.065145 0.065310 0.065224 0.003525
-0.261651 -0.187830 1.332808 0.009690 -0.031031 0.065312 0.065133 0.065303 0.065215 0.003543
-0.259452 -0.191889 1.338044 0.010144 -0.030849 0.065299 0.065129 0.065301 0.065214 0.003620
-0.257198 -0.195917 1.343276 0.010599 -0.030660 0.065291 0.065119 0.065291 0.065219 0.003513
-0.254892 -0.199912 1.348505 0.011055 -0.030463 0.065282 0.065112 0.065285 0.065208 0.003560
-0.252532 -0.203874 1.353730 0.011513 -0.030259 0.065279 0.065103 0.065278 0.065209 0.003604
-0.250120 -0.207802 1.358950 0.011971 -0.030049 0.065273 0.065093 0.065270 0.065205 0.003534
-0.247655 -0.211695 1.364165 0.012430 -0.029833 0.065259 0.065084 0.065260 0.065209 0.003593
-0.245137 -0.215552 1.369373 0.012890 -0.029610 0.065247 0.065072 0.065249 0.065207 0.003523
-0.242568 -0.219373 1.374574 0.013352 -0.029380 0.065237 0.065062 0.065238 0.065203 0.003520
-0.239947 -0.223158 1.379768 0.013813 -0.029143 0.065220 0.065052 0.065225 0.065205 0.003650
-0.237275 -0.226905 1.384952 0.014276 -0.028898 0.065206 0.065041 0.065210 0.065204 0.003524
-0.234551 -0.230614 1.390126 0.014740 -0.028646 0.065193 0.065029 0.065196 0.065199 0.003682
-0.231776 -0.234284 1.395290 0.015204 -0.028387 0.065173 0.065018 0.065180 0.065203 0.003557
-0.228951 -0.237915 1.400442 0.015669 -0.028120 0.065165 0.065002 0.065166 0.065191 0.003535
-0.226075 -0.241505 1.405581 0.016134 -0.027846 0.065139 0.064992 0.065149 0.065201 0.003613
-0.223150 -0.245055 1.410705 0.016599 -0.027564 0.065125 0.064974 0.065130 0.065193 0.003555
-0.220175 -0.248563 1.415814 0.017065 -0.027275 0.065104 0.064960 0.065112 0.065194 0.003515
-0.217150 -0.252029 1.420907 0.017532 -0.026979 0.065085 0.064942 0.065091 0.065191 0.003672
-0.214077 -0.255452 1.425981 0.017998 -0.026674 0.065058 0.064926 0.065068 0.065195 0.003734
-0.210954 -0.258832 1.431036 0.018465 -0.026362 0.065025 0.064911 0.065045 0.065192 0.003522
-0.207784 -0.262168 1.436070 0.018931 -0.026038 0.065009 0.064889 0.065017 0.065189 0.003619
-0.204565 -0.265460 1.441081 0.019397 -0.025708 0.064989 0.064864 0.064994 0.065182 0.003531
-0.201299 -0.268706 1.446068 0.019863 -0.025371 0.064951 0.064847 0.064971 0.065182 0.003630
-0.197986 -0.271906 1.451029 0.020328 -0.025025 0.064923 0.064825 0.064943 0.065178 0.003530
-0.194626 -0.275060 1.455962 0.020793 -0.024668 0.064895 0.064800 0.064908 0.065185 0.003615
-0.191219 -0.278167 1.460866 0.021257 -0.024304 0.064866 0.064770 0.064880 0.065172 0.003597
-0.187766 -0.281226 1.465737 0.021720 -0.023932 0.064821 0.064752 0.064847 0.065181 0.003511
-0.184267 -0.284236 1.470575 0.022182 -0.023550 0.064792 0.064719 0.064811 0.065172 0.003516
-0.180723 -0.287198 1.475377 0.022643 -0.023159 0.064747 0.064699 0.064779 0.065173 0.003626
-0.177134 -0.290110 1.480142 0.023103 -0.022757 0.064717 0.064668 0.064738 0.065171 0.003526
-0.173500 -0.292971 1.484866 0.023560 -0.022345 0.064668 0.064647 0.064700 0.065177 0.003764
-0.169823 -0.295782 1.489547 0.024016 -0.021921 0.064626 0.064622 0.064659 0.065180 0.003570
-0.166101 -0.298541 1.494184 0.024470 -0.021487 0.064589 0.064596 0.064619 0.065180 0.003527
-0.162336 -0.301247 1.498774 0.024921 -0.021043 0.064544 0.064576 0.064577 0.065190 0.003598
-0.158529 -0.303901 1.503315 0.025370 -0.020588 0.064497 0.064561 0.064538 0.065196 0.004613
-0.154679 -0.306500 1.507805 0.025815 -0.020121 0.064460 0.064546 0.064501 0.065202 0.003527
-0.150787 -0.309045 1.512242 0.026258 -0.019642 0.064418 0.064541 0.064462 0.065221 0.003756
-0.146853 -0.311534 1.516625 0.026696 -0.019151 0.064385 0.064539 0.064425 0.065238 0.003561
-0.142879 -0.313967 1.520951 0.027131 -0.018649 0.064357 0.064541 0.064395 0.065256 0.003538
-0.138864 -0.316342 1.525221 0.027561 -0.018138 0.064319 0.064565 0.064371 0.065286 0.003565
-0.134810 -0.318658 1.529433 0.027986 -0.017614 0.064299 0.064596 0.064351 0.065318 0.003580
-0.130716 -0.320915 1.533587 0.028406 -0.017077 0.064277 0.064656 0.064338 0.065366 0.003530
-0.126583 -0.323112 1.537685 0.028820 -0.016525 0.064283 0.064720 0.064331 0.065417 0.003588
-0.122413 -0.325246 1.541727 0.029228 -0.015962 0.064292 0.064804 0.064343 0.065472 0.003518
-0.118205 -0.327317 1.545717 0.029629 -0.015389 0.064313 0.064915 0.064365 0.065544 0.003586
-0.113961 -0.329323 1.549657 0.030023 -0.014805 0.064349 0.065047 0.064405 0.065620 0.003511
-0.109681 -0.331263 1.553553 0.030408 -0.014209 0.064403 0.065210 0.064459 0.065714 0.003711
-0.105367 -0.333136 1.557409 0.030785 -0.013601 0.064482 0.065389 0.064530 0.065812 0.003583
-0.101019 -0.334940 1.561234 0.031153 -0.012985 0.064577 0.065590 0.064625 0.065916 0.003605
-0.096638 -0.336674 1.565036 0.031511 -0.012361 0.064690 0.065820 0.064736 0.066035 0.003530
-0.092227 -0.338335 1.568824 0.031859 -0.011730 0.064827 0.066063 0.064864 0.066159 0.003648
-0.087786 -0.339924 1.572609 0.032196 -0.011094 0.064973 0.066337 0.065011 0.066295 0.003523
-0.083317 -0.341439 1.576403 0.032522 -0.010453 0.065144 0.066620 0.065174 0.066433 0.003690
-0.078821 -0.342878 1.580220 0.032836 -0.009810 0.065326 0.066922 0.065349 0.066582 0.003544
-0.074300 -0.344240 1.584074 0.033139 -0.009166 0.065519 0.067232 0.065540 0.066729 0.003600
-0.069756 -0.345525 1.587979 0.033429 -0.008521 0.065724 0.067544 0.065744 0.066873 0.003624
-0.065192 -0.346731 1.591951 0.033706 -0.007878 0.065940 0.067858 0.065945 0.067025 0.003529
-0.060608 -0.347858 1.596005 0.033971 -0.007238 0.066146 0.068180 0.066148 0.067177 0.003590
-0.056008 -0.348905 1.600158 0.034222 -0.006603 0.066351 0.068490 0.066353 0.067320 0.003584
-0.051394 -0.349871 1.604426 0.034460 -0.005973 0.066585 0.068754 0.066567 0.067429 0.003703
-0.046767 -0.350756 1.608822 0.034685 -0.005354 0.066804 0.069000 0.066775 0.067533 0.003579
-0.042130 -0.351559 1.613362 0.034897 -0.004749 0.066996 0.069229 0.066970 0.067630 0.003623
-0.037486 -0.352279 1.618059 0.035096 -0.004157 0.067167 0.069429 0.067147 0.067716 0.003563
-0.032837 -0.352916 1.622924 0.035283 -0.003574 0.067318 0.069592 0.067294 0.067789 0.003720
-0.028184 -0.353469 1.627967 0.035458 -0.003002 0.067434 0.069716 0.067403 0.067848 0.003602
-0.023531 -0.353937 1.633196 0.035621 -0.002441 0.067505 0.069792 0.067474 0.067887 0.003611
-0.018879 -0.354318 1.638617 0.035772 -0.001893 0.067538 0.069811 0.067502 0.067902 0.003613
-0.014231 -0.354612 1.644230 0.035911 -0.001357 0.067524 0.069769 0.067489 0.067889 0.003658
-0.009588 -0.354816 1.650034 0.036038 -0.000833 0.067464 0.069663 0.067426 0.067851 0.003717
-0.004952 -0.354929 1.656025 0.036154 -0.000323 0.067350 0.069492 0.067313 0.067784 0.003556
-0.000323 -0.354949 1.662195 0.036259 0.000175 0.067195 0.069258 0.067155 0.067687 0.003539
0.004296 -0.354874 1.668531 0.036352 0.000660 0.066991 0.068963 0.066956 0.067562 0.003605
0.008906 -0.354703 1.675018 0.036434 0.001133 0.066750 0.068614 0.066713 0.067413 0.003518
0.013505 -0.354434 1.681639 0.036505 0.001594 0.066476 0.068222 0.066446 0.067236 0.003724
0.018094 -0.354067 1.688374 0.036565 0.002046 0.066182 0.067799 0.066161 0.067038 0.003911
0.022672 -0.353599 1.695200 0.036614 0.002491 0.065876 0.067352 0.065854 0.066831 0.003516
0.027239 -0.353031 1.702096 0.036652 0.002930 0.065556 0.066894 0.065533 0.066615 0.003510
0.031797 -0.352363 1.709037 0.036681 0.003360 0.065228 0.066432 0.065211 0.066395 0.003601
0.036345 -0.351595 1.716000 0.036699 0.003786 0.064905 0.065982 0.064898 0.066169 0.003689
0.040883 -0.350727 1.722962 0.036708 0.004209 0.064598 0.065547 0.064591 0.065950 0.003627
0.045412 -0.349761 1.729900 0.036706 0.004629 0.064307 0.065141 0.064306 0.065734 0.003512
0.049932 -0.348698 1.736794 0.036696 0.005050 0.064035 0.064765 0.064041 0.065532 0.003646
0.054443 -0.347540 1.743625 0.036676 0.005471 0.063789 0.064424 0.063793 0.065346 0.004651
0.058944 -0.346289 1.750375 0.036647 0.005893 0.063574 0.064126 0.063573 0.065170 0.003623
0.063436 -0.344947 1.757029 0.036609 0.006315 0.063377 0.063868 0.063390 0.065015 0.003519
0.067918 -0.343516 1.763574 0.036562 0.006738 0.063219 0.063653 0.063222 0.064880 0.003571
0.072389 -0.341998 1.770000 0.036507 0.007163 0.063085 0.063483 0.063098 0.064760 0.003539
0.076848 -0.340395 1.776297 0.036444 0.007591 0.062985 0.063355 0.062997 0.064662 0.003550
0.081294 -0.338709 1.782458 0.036372 0.008022 0.062915 0.063270 0.062920 0.064586 0.003587
0.085725 -0.336942 1.788480 0.036291 0.008453 0.062864 0.063223 0.062878 0.064531 0.003533
0.090141 -0.335095 1.794360 0.036203 0.008888 0.062848 0.063214 0.062860 0.064490 0.003662
0.094539 -0.333169 1.800098 0.036106 0.009326 0.062860 0.063241 0.062865 0.064469 0.003568
0.098918 -0.331166 1.805694 0.036002 0.009765 0.062890 0.063299 0.062895 0.064468 0.003681
0.103276 -0.329086 1.811151 0.035889 0.010204 0.062939 0.063385 0.062947 0.064485 0.003587
0.107611 -0.326930 1.816473 0.035768 0.010645 0.063014 0.063495 0.063016 0.064511 0.003612
0.111923 -0.324700 1.821667 0.035639 0.011087 0.063102 0.063626 0.063104 0.064554 0.003506
0.116207 -0.322394 1.826737 0.035502 0.011528 0.063201 0.063774 0.063205 0.064611 0.003581
0.120464 -0.320014 1.831693 0.035357 0.011971 0.063310 0.063937 0.063315 0.064681 0.003522
0.124691 -0.317560 1.836542 0.035203 0.012416 0.063430 0.064113 0.063429 0.064761 0.003652
0.128887 -0.315032 1.841293 0.035041 0.012859 0.063562 0.064294 0.063551 0.064843 0.003594
0.133049 -0.312430 1.845954 0.034871 0.013299 0.063692 0.064480 0.063682 0.064936 0.003632
0.137177 -0.309755 1.850537 0.034693 0.013737 0.063823 0.064663 0.063814 0.065033 0.003654
0.141268 -0.307005 1.855049 0.034506 0.014171 0.063952 0.064842 0.063945 0.065133 0.003592
0.145322 -0.304182 1.859500 0.034310 0.014604 0.064084 0.065017 0.064069 0.065232 0.003586
0.149337 -0.301286 1.863899 0.034106 0.015032 0.064209 0.065182 0.064193 0.065330 0.003637
0.153310 -0.298316 1.868256 0.033893 0.015456 0.064331 0.065331 0.064316 0.065422 0.003620
0.157243 -0.295273 1.872578 0.033671 0.015874 0.064446 0.065476 0.064425 0.065513 0.003536
0.161132 -0.292157 1.876874 0.033440 0.016286 0.064555 0.065603 0.064534 0.065596 0.003632
0.164977 -0.288968 1.881149 0.033201 0.016692 0.064656 0.065714 0.064637 0.065673 0.003521
0.168778 -0.285708 1.885412 0.032952 0.017092 0.064748 0.065818 0.064724 0.065746 0.003622
0.172532 -0.282375 1.889667 0.032695 0.017484 0.064833 0.065904 0.064810 0.065811 0.003685
0.176240 -0.278971 1.893921 0.032429 0.017868 0.064910 0.065975 0.064889 0.065869 0.003658
0.179900 -0.275497 1.898177 0.032155 0.018245 0.064982 0.066035 0.064956 0.065917 0.003616
0.183511 -0.271951 1.902440 0.031872 0.018615 0.065045 0.066082 0.065020 0.065960 0.003649
0.187073 -0.268337 1.906714 0.031581 0.018976 0.065099 0.066117 0.065076 0.065999 0.003515
0.190585 -0.264652 1.911000 0.031281 0.019329 0.065150 0.066144 0.065124 0.066028 0.003570
0.194046 -0.260900 1.915303 0.030974 0.019674 0.065193 0.066161 0.065167 0.066052 0.003515
0.197456 -0.257079 1.919623 0.030659 0.020010 0.065230 0.066168 0.065207 0.066072 0.003534
0.200814 -0.253191 1.923963 0.030336 0.020338 0.065264 0.066171 0.065238 0.066085 0.003539
0.204120 -0.249237 1.928323 0.030006 0.020658 0.065293 0.066167 0.065268 0.066095 0.003535
0.207372 -0.245217 1.932705 0.029668 0.020970 0.065317 0.066156 0.065294 0.066102 0.003631
0.210570 -0.241133 1.937109 0.029324 0.021273 0.065341 0.066143 0.065315 0.066103 0.003595
0.213713 -0.236984 1.941535 0.028973 0.021568 0.065360 0.066125 0.065335 0.066102 0.003619
0.216802 -0.232772 1.945985 0.028615 0.021855 0.065376 0.066102 0.065354 0.066099 0.003612
0.219834 -0.228498 1.950458 0.028252 0.022134 0.065391 0.066076 0.065370 0.066094 0.003518
0.222810 -0.224162 1.954954 0.027882 0.022407 0.065404 0.066055 0.065378 0.066088 0.003518
0.225728 -0.219766 1.959473 0.027506 0.022670 0.065419 0.066031 0.065390 0.066075 0.003587
0.228589 -0.215311 1.964015 0.027125 0.022925 0.065425 0.066002 0.065403 0.066069 0.003520
0.231391 -0.210796 1.968581 0.026739 0.023172 0.065438 0.065974 0.065415 0.066054 0.003551
0.234134 -0.206225 1.973168 0.026348 0.023411 0.065447 0.065946 0.065423 0.066044 0.004542
0.236816 -0.201597 1.977779 0.025952 0.023643 0.065458 0.065920 0.065430 0.066031 0.003530
0.239438 -0.196913 1.982412 0.025552 0.023865 0.065466 0.065892 0.065439 0.066018 0.003556
0.241998 -0.192176 1.987067 0.025147 0.024079 0.065471 0.065865 0.065445 0.066009 0.003600
0.244496 -0.187385 1.991745 0.024738 0.024285 0.065482 0.065839 0.065455 0.065994 0.003532
0.246931 -0.182542 1.996445 0.024326 0.024483 0.065489 0.065813 0.065461 0.065983 0.003640
0.249302 -0.177649 2.001166 0.023910 0.024672 0.065498 0.065784 0.065473 0.065968 0.003581
0.251608 -0.172706 2.005910 0.023491 0.024854 0.065506 0.065757 0.065481 0.065958 0.003516
0.253849 -0.167714 2.010676 0.023068 0.025029 0.065514 0.065735 0.065485 0.065949 0.003620
0.256023 -0.162676 2.015465 0.022643 0.025195 0.065526 0.065713 0.065494 0.065933 0.003529
0.258131 -0.157592 2.020276 0.022215 0.025352 0.065532 0.065692 0.065500 0.065923 0.003583
0.260170 -0.152464 2.025109 0.021785 0.025501 0.065541 0.065668 0.065512 0.065909 0.003616
0.262140 -0.147293 2.029965 0.021352 0.025642 0.065546 0.065644 0.065517 0.065904 0.003520
0.264040 -0.142081 2.034845 0.020917 0.025775 0.065557 0.065623 0.065525 0.065892 0.003534
0.265870 -0.136829 2.039748 0.020481 0.025900 0.065564 0.065603 0.065530 0.065884 0.003574
0.267629 -0.131538 2.044675 0.020043 0.026017 0.065573 0.065585 0.065539 0.065871 0.003691
0.269314 -0.126211 2.049626 0.019603 0.026125 0.065578 0.065566 0.065543 0.065865 0.003654
0.270927 -0.120848 2.054602 0.019162 0.026225 0.065585 0.065544 0.065552 0.065855 0.003596
0.272465 -0.115452 2.059604 0.018720 0.026317 0.065593 0.065527 0.065556 0.065846 0.003679
0.273928 -0.110024 2.064630 0.018277 0.026401 0.065597 0.065509 0.065560 0.065839 0.003570
0.275315 -0.104566 2.069683 0.017834 0.026476 0.065603 0.065494 0.065563 0.065828 0.003622
0.276624 -0.099079 2.074763 0.017389 0.026543 0.065605 0.065477 0.065566 0.065821 0.003587
0.277856 -0.093566 2.079869 0.016944 0.026601 0.065607 0.065457 0.065570 0.065813 0.003613
0.279009 -0.088028 2.085004 0.016499 0.026652 0.065612 0.065442 0.065571 0.065802 0.003724
0.280083 -0.082468 2.090166 0.016053 0.026694 0.065612 0.065424 0.065571 0.065794 0.003543
0.281076 -0.076887 2.095356 0.015608 0.026728 0.065614 0.065410 0.065569 0.065784 0.003706
0.281987 -0.071286 2.100576 0.015162 0.026754 0.065611 0.065393 0.065567 0.065776 0.003518
0.282816 -0.065670 2.105825 0.014716 0.026771 0.065607 0.065376 0.065565 0.065767 0.003542
0.283562 -0.060038 2.111103 0.014270 0.026781 0.065606 0.065361 0.065560 0.065753 0.003515
0.284224 -0.054395 2.116412 0.013825 0.026782 0.065598 0.065364 0.065540 0.065750 0.003525
0.284802 -0.048741 2.121751 0.013380 0.026770 0.065573 0.065381 0.065503 0.065773 0.003728
0.285294 -0.043079 2.127121 0.012934 0.026741 0.065548 0.065404 0.065470 0.065795 0.003536
0.285700 -0.037411 2.132522 0.012487 0.026693 0.065517 0.065419 0.065448 0.065809 0.003621
0.286020 -0.031741 2.137956 0.012040 0.026630 0.065490 0.065425 0.065431 0.065815 0.003679
0.286253 -0.026069 2.143422 0.011591 0.026555 0.065467 0.065430 0.065408 0.065820 0.003743
0.286398 -0.020399 2.148921 0.011140 0.026469 0.065445 0.065427 0.065390 0.065817 0.003516
0.286456 -0.014733 2.154453 0.010688 0.026374 0.065427 0.065424 0.065368 0.065812 0.003753
0.286425 -0.009073 2.160018 0.010234 0.026270 0.065408 0.065414 0.065352 0.065798 0.003543
0.286306 -0.003422 2.165615 0.009778 0.026157 0.065392 0.065402 0.065334 0.065774 0.003609
0.286099 0.002217 2.171246 0.009320 0.026035 0.065373 0.065383 0.065316 0.065750 0.003524
0.285802 0.007841 2.176908 0.008860 0.025906 0.065356 0.065365 0.065293 0.065725 0.003608
0.285417 0.013449 2.182602 0.008398 0.025768 0.065336 0.065340 0.065278 0.065691 0.003620
0.284942 0.019037 2.188326 0.007935 0.025622 0.065319 0.065315 0.065260 0.065647 0.003529
0.284379 0.024604 2.194080 0.007470 0.025468 0.065297 0.065285 0.065238 0.065602 0.003524
0.283726 0.030145 2.199862 0.007004 0.025308 0.065277 0.065255 0.065213 0.065558 0.003633
0.282986 0.035659 2.205671 0.006536 0.025140 0.065255 0.065224 0.065190 0.065504 0.003521
0.282157 0.041143 2.211505 0.006067 0.024963 0.065228 0.065188 0.065168 0.065442 0.003521
0.281240 0.046595 2.217363 0.005597 0.024780 0.065202 0.065152 0.065138 0.065381 0.003702
0.280237 0.052011 2.223241 0.005126 0.024590 0.065172 0.065112 0.065108 0.065321 0.003541
0.279146 0.057391 2.229139 0.004655 0.024393 0.065143 0.065072 0.065080 0.065253 0.003527
0.277971 0.062731 2.235052 0.004183 0.024190 0.065108 0.065031 0.065048 0.065185 0.003599
0.276710 0.068029 2.240979 0.003711 0.023981 0.065076 0.064990 0.065016 0.065111 0.003515
0.275365 0.073283 2.246917 0.003239 0.023768 0.065042 0.064951 0.064977 0.065039 0.003609
0.273938 0.078491 2.252863 0.002767 0.023549 0.065003 0.064909 0.064945 0.064961 0.003546
0.272428 0.083652 2.258813 0.002295 0.023325 0.064966 0.064869 0.064904 0.064887 0.003521
0.270838 0.088763 2.264765 0.001824 0.023097 0.064928 0.064830 0.064867 0.064808 0.003614
0.269169 0.093824 2.270714 0.001354 0.022863 0.064885 0.064789 0.064823 0.064743 0.003580
0.267422 0.098831 2.276658 0.000884 0.022624 0.064846 0.064752 0.064790 0.064665 0.003552
0.265599 0.103786 2.282592 0.000415 0.022382 0.064803 0.064713 0.064751 0.064589 0.003709
0.263700 0.108685 2.288514 -0.000052 0.022138 0.064768 0.064681 0.064705 0.064523 0.003532
0.261728 0.113528 2.294420 -0.000519 0.021888 0.064726 0.064648 0.064667 0.064463 0.003622
0.259684 0.118315 2.300306 -0.000985 0.021633 0.064685 0.064615 0.064637 0.064398 0.003529
0.257569 0.123044 2.306169 -0.001449 0.021377 0.064650 0.064586 0.064605 0.064330 0.003694
0.255386 0.127716 2.312005 -0.001912 0.021120 0.064620 0.064563 0.064557 0.064282 0.005119
0.253135 0.132329 2.317812 -0.002373 0.020858 0.064581 0.064536 0.064536 0.064230 0.003632
0.250819 0.136884 2.323586 -0.002833 0.020594 0.064555 0.064518 0.064507 0.064177 0.003558
0.248439 0.141380 2.329324 -0.003291 0.020328 0.064525 0.064498 0.064481 0.064132 0.003610
0.245997 0.145818 2.335024 -0.003748 0.020061 0.064501 0.064481 0.064454 0.064097 0.004756
0.243494 0.150197 2.340683 -0.004203 0.019791 0.064481 0.064469 0.064437 0.064061 0.003974
0.240932 0.154518 2.346298 -0.004657 0.019519 0.064460 0.064457 0.064422 0.064032 0.003730
0.238312 0.158780 2.351868 -0.005109 0.019246 0.064450 0.064451 0.064402 0.064014 0.004091
0.235636 0.162985 2.357390 -0.005560 0.018970 0.064438 0.064447 0.064401 0.063995 0.003519
0.232906 0.167133 2.362863 -0.006008 0.018692 0.064432 0.064445 0.064394 0.063983 0.003509
0.230123 0.171224 2.368286 -0.006456 0.018413 0.064427 0.064443 0.064396 0.063980 0.003612
0.227289 0.175259 2.373657 -0.006901 0.018135 0.064435 0.064449 0.064400 0.063977 0.003617
0.224405 0.179239 2.378976 -0.007345 0.017855 0.064440 0.064455 0.064410 0.063981 0.003663
0.221472 0.183163 2.384241 -0.007787 0.017575 0.064452 0.064463 0.064421 0.063995 0.003723
0.218491 0.187033 2.389454 -0.008228 0.017294 0.064469 0.064475 0.064442 0.064006 0.003532
0.215465 0.190849 2.394613 -0.008666 0.017012 0.064491 0.064490 0.064461 0.064026 0.003524
0.212394 0.194611 2.399720 -0.009103 0.016730 0.064517 0.064508 0.064490 0.064045 0.003592
0.209279 0.198321 2.404775 -0.009538 0.016447 0.064545 0.064526 0.064518 0.064072 0.003524
0.206122 0.201979 2.409778 -0.009971 0.016162 0.064574 0.064542 0.064554 0.064106 0.003534
0.202924 0.205585 2.414730 -0.010402 0.015877 0.064614 0.064565 0.064585 0.064148 0.003579
0.199687 0.209140 2.419634 -0.010831 0.015590 0.064651 0.064588 0.064634 0.064186 0.003543
0.196410 0.212644 2.424491 -0.011258 0.015303 0.064696 0.064612 0.064679 0.064229 0.003678
0.193095 0.216097 2.429302 -0.011683 0.015018 0.064745 0.064639 0.064731 0.064271 0.003520
0.189744 0.219501 2.434070 -0.012105 0.014733 0.064795 0.064664 0.064774 0.064326 0.003525
0.186357 0.222854 2.438797 -0.012525 0.014447 0.064848 0.064693 0.064831 0.064378 0.003649
0.182936 0.226157 2.443485 -0.012942 0.014161 0.064905 0.064724 0.064892 0.064426 0.003576
0.179480 0.229410 2.448137 -0.013357 0.013875 0.064963 0.064754 0.064947 0.064478 0.003700
0.175991 0.232613 2.452756 -0.013769 0.013589 0.065021 0.064782 0.065004 0.064534 0.003682
0.172471 0.235766 2.457344 -0.014178 0.013301 0.065079 0.064811 0.065062 0.064594 0.003543
0.168919 0.238869 2.461906 -0.014584 0.013011 0.065139 0.064842 0.065127 0.064648 0.003772
0.165337 0.241922 2.466442 -0.014986 0.012721 0.065200 0.064872 0.065186 0.064704 0.007968
0.161725 0.244924 2.470958 -0.015385 0.012430 0.065260 0.064900 0.065246 0.064762 0.006222
0.158085 0.247874 2.475456 -0.015781 0.012138 0.065321 0.064930 0.065310 0.064813 0.003620
0.154416 0.250773 2.479938 -0.016173 0.011846 0.065380 0.064957 0.065368 0.064865 0.003557
0.150721 0.253619 2.484409 -0.016561 0.011553 0.065437 0.064983 0.065424 0.064918 0.003609
0.146999 0.256412 2.488871 -0.016945 0.011258 0.065497 0.065012 0.065479 0.064963 0.003771
0.143252 0.259151 2.493327 -0.017325 0.010960 0.065547 0.065035 0.065535 0.065007 0.003709
0.139480 0.261836 2.497780 -0.017700 0.010661 0.065596 0.065057 0.065586 0.065052 0.003551
0.135684 0.264466 2.502233 -0.018071 0.010362 0.065648 0.065081 0.065633 0.065088 0.003591
0.131865 0.267039 2.506687 -0.018437 0.010061 0.065689 0.065099 0.065680 0.065122 0.003520
0.128024 0.269555 2.511147 -0.018799 0.009759 0.065733 0.065118 0.065717 0.065156 0.003543
0.124161 0.272013 2.515613 -0.019155 0.009456 0.065768 0.065133 0.065763 0.065180 0.003599
0.120277 0.274413 2.520087 -0.019507 0.009152 0.065805 0.065149 0.065791 0.065203 0.003520
0.116373 0.276752 2.524572 -0.019853 0.008847 0.065835 0.065162 0.065819 0.065225 0.003613
0.112450 0.279030 2.529069 -0.020194 0.008540 0.065860 0.065174 0.065850 0.065237 0.003531
0.108509 0.281246 2.533579 -0.020529 0.008232 0.065886 0.065186 0.065867 0.065248 0.003593
0.104550 0.283398 2.538104 -0.020859 0.007920 0.065899 0.065192 0.065888 0.065259 0.003739
0.100574 0.285487 2.542643 -0.021183 0.007607 0.065916 0.065200 0.065904 0.065260 0.003748
0.096583 0.287511 2.547199 -0.021501 0.007292 0.065927 0.065204 0.065913 0.065261 0.003527
0.092576 0.289469 2.551771 -0.021814 0.006975 0.065933 0.065207 0.065920 0.065262 0.003877
0.088556 0.291361 2.556359 -0.022121 0.006656 0.065937 0.065210 0.065929 0.065254 0.003536
0.084523 0.293184 2.560964 -0.022421 0.006337 0.065941 0.065212 0.065925 0.065246 0.003690
0.080477 0.294940 2.565586 -0.022716 0.006015 0.065936 0.065210 0.065931 0.065231 0.003574
0.076420 0.296626 2.570223 -0.023005 0.005693 0.065933 0.065208 0.065919 0.065225 0.003661
0.072353 0.298242 2.574876 -0.023288 0.005370 0.065928 0.065207 0.065920 0.065204 0.003677
0.068277 0.299788 2.579544 -0.023565 0.005045 0.065921 0.065204 0.065903 0.065192 0.003522
0.064192 0.301263 2.584226 -0.023836 0.004718 0.065910 0.065201 0.065897 0.065176 0.003521
0.060099 0.302666 2.588921 -0.024101 0.004387 0.065897 0.065196 0.065887 0.065160 0.003678
0.056000 0.303997 2.593629 -0.024359 0.004056 0.065884 0.065192 0.065879 0.065140 0.003681
0.051895 0.305256 2.598348 -0.024612 0.003724 0.065874 0.065188 0.065861 0.065121 0.003527
0.047786 0.306442 2.603078 -0.024859 0.003391 0.065857 0.065182 0.065854 0.065099 0.003794
0.043673 0.307556 2.607818 -0.025100 0.003058 0.065848 0.065178 0.065833 0.065081 0.003556
0.039557 0.308596 2.612565 -0.025334 0.002723 0.065829 0.065171 0.065821 0.065067 0.003667
0.035439 0.309563 2.617320 -0.025563 0.002386 0.065816 0.065166 0.065809 0.065048 0.003522
0.031320 0.310457 2.622081 -0.025786 0.002049 0.065802 0.065161 0.065794 0.065033 0.003516
0.027201 0.311277 2.626848 -0.026003 0.001710 0.065791 0.065157 0.065781 0.065015 0.003607
0.023083 0.312024 2.631618 -0.026214 0.001370 0.065777 0.065152 0.065769 0.065001 0.003520
0.018966 0.312699 2.636391 -0.026419 0.001028 0.065763 0.065146 0.065758 0.064992 0.003546
0.014852 0.313300 2.641167 -0.026619 0.000686 0.065751 0.065143 0.065751 0.064979 0.003649
0.010741 0.313829 2.645943 -0.026812 0.000345 0.065743 0.065139 0.065737 0.064971 0.003532
0.006634 0.314285 2.650721 -0.027000 0.000003 0.065737 0.065137 0.065727 0.064959 0.003589
0.002532 0.314669 2.655497 -0.027182 -0.000342 0.065728 0.065134 0.065720 0.064953 0.003529
-0.001564 0.314981 2.660274 -0.027359 -0.000689 0.065720 0.065133 0.065717 0.064944 0.003647
-0.005654 0.315221 2.665048 -0.027530 -0.001035 0.065712 0.065130 0.065712 0.064939 0.003584
-0.009737 0.315390 2.669821 -0.027695 -0.001380 0.065710 0.065130 0.065707 0.064932 0.003520
-0.013812 0.315488 2.674591 -0.027854 -0.001726 0.065708 0.065128 0.065699 0.064930 0.003622
-0.017878 0.315515 2.679358 -0.028007 -0.002075 0.065703 0.065126 0.065697 0.064933 0.003661
-0.021935 0.315472 2.684121 -0.028155 -0.002425 0.065699 0.065127 0.065699 0.064932 0.003610
-0.025982 0.315360 2.688881 -0.028298 -0.002774 0.065701 0.065129 0.065699 0.064928 0.003540
-0.030018 0.315178 2.693638 -0.028435 -0.003124 0.065700 0.065129 0.065698 0.064929 0.003592
-0.034043 0.314927 2.698391 -0.028566 -0.003474 0.065701 0.065128 0.065696 0.064935 0.003515
-0.038056 0.314608 2.703139 -0.028691 -0.003826 0.065704 0.065132 0.065704 0.064930 0.003531
-0.042056 0.314221 2.707884 -0.028811 -0.004177 0.065706 0.065132 0.065701 0.064938 0.003655
-0.046042 0.313766 2.712625 -0.028925 -0.004530 0.065707 0.065133 0.065707 0.064943 0.003525
-0.050015 0.313244 2.717362 -0.029034 -0.004883 0.065713 0.065136 0.065711 0.064944 0.003670
-0.053973 0.312656 2.722095 -0.029137 -0.005236 0.065715 0.065138 0.065715 0.064950 0.003525
-0.057916 0.312001 2.726825 -0.029234 -0.005590 0.065722 0.065141 0.065719 0.064953 0.003560
-0.061843 0.311281 2.731551 -0.029326 -0.005944 0.065724 0.065142 0.065724 0.064961 0.003586
-0.065753 0.310495 2.736274 -0.029412 -0.006298 0.065727 0.065146 0.065732 0.064966 0.003539
-0.069646 0.309644 2.740994 -0.029492 -0.006651 0.065738 0.065149 0.065734 0.064967 0.003618
-0.073522 0.308730 2.745712 -0.029566 -0.007005 0.065739 0.065151 0.065742 0.064974 0.003564
-0.077379 0.307751 2.750427 -0.029635 -0.007358 0.065748 0.065153 0.065746 0.064978 0.003617
-0.081218 0.306708 2.755139 -0.029699 -0.007713 0.065752 0.065155 0.065751 0.064986 0.003566
-0.085037 0.305603 2.759850 -0.029756 -0.008067 0.065756 0.065158 0.065760 0.064992 0.003752
-0.088837 0.304435 2.764559 -0.029808 -0.008421 0.065762 0.065159 0.065763 0.065001 0.003656
-0.092616 0.303205 2.769267 -0.029854 -0.008774 0.065772 0.065163 0.065770 0.065000 0.003663
-0.096374 0.301914 2.773975 -0.029894 -0.009128 0.065773 0.065163 0.065773 0.065011 0.003534
-0.100110 0.300561 2.778681 -0.029928 -0.009482 0.065781 0.065167 0.065781 0.065012 0.003628
-0.103824 0.299148 2.783387 -0.029957 -0.009836 0.065784 0.065168 0.065787 0.065018 0.003582
-0.107515 0.297674 2.788093 -0.029980 -0.010189 0.065791 0.065170 0.065791 0.065021 0.003617
-0.111183 0.296140 2.792800 -0.029997 -0.010541 0.065793 0.065171 0.065796 0.065029 0.003577
-0.114828 0.294547 2.797507 -0.030008 -0.010893 0.065798 0.065173 0.065800 0.065034 0.003645
-0.118448 0.292895 2.802215 -0.030013 -0.011244 0.065804 0.065175 0.065803 0.065036 0.003536
-0.122043 0.291185 2.806925 -0.030012 -0.011595 0.065807 0.065177 0.065810 0.065037 0.003637
-0.125613 0.289417 2.811635 -0.030006 -0.011945 0.065810 0.065176 0.065811 0.065042 0.003524
-0.129157 0.287591 2.816348 -0.029993 -0.012294 0.065815 0.065177 0.065813 0.065046 0.003605
-0.132674 0.285708 2.821062 -0.029975 -0.012644 0.065815 0.065176 0.065817 0.065053 0.003611
-0.136165 0.283768 2.825779 -0.029950 -0.012992 0.065817 0.065179 0.065823 0.065051 0.003525
-0.139628 0.281772 2.830499 -0.029920 -0.013338 0.065823 0.065178 0.065820 0.065054 0.003751
-0.143064 0.279721 2.835221 -0.029884 -0.013685 0.065824 0.065179 0.065823 0.065056 0.003528
-0.146471 0.277614 2.839945 -0.029842 -0.014031 0.065820 0.065178 0.065825 0.065063 0.003655
-0.149849 0.275453 2.844673 -0.029794 -0.014375 0.065827 0.065179 0.065825 0.065060 0.003586
-0.153197 0.273237 2.849405 -0.029740 -0.014718 0.065826 0.065178 0.065826 0.065063 0.003513
-0.156516 0.270968 2.854139 -0.029680 -0.015061 0.065824 0.065178 0.065828 0.065064 0.003526
-0.159804 0.268646 2.858878 -0.029614 -0.015402 0.065825 0.065178 0.065828 0.065064 0.003615
-0.163062 0.266270 2.863620 -0.029542 -0.015741 0.065826 0.065178 0.065826 0.065063 0.003521
-0.166288 0.263843 2.868365 -0.029465 -0.016079 0.065826 0.065174 0.065823 0.065067 0.003533
-0.169483 0.261363 2.873115 -0.029381 -0.016417 0.065822 0.065173 0.065824 0.065070 0.003582
-0.172645 0.258833 2.877869 -0.029292 -0.016753 0.065821 0.065172 0.065822 0.065071 0.003518
-0.175774 0.256251 2.882627 -0.029196 -0.017088 0.065819 0.065172 0.065822 0.065070 0.003585
-0.178870 0.253620 2.887389 -0.029095 -0.017420 0.065818 0.065172 0.065819 0.065068 0.003544
-0.181933 0.250939 2.892155 -0.028988 -0.017750 0.065817 0.065171 0.065816 0.065067 0.003513
-0.184961 0.248209 2.896926 -0.028874 -0.018080 0.065814 0.065166 0.065811 0.065071 0.003642
-0.187955 0.245430 2.901701 -0.028755 -0.018408 0.065811 0.065167 0.065812 0.065067 0.003515
-0.190914 0.242603 2.906481 -0.028631 -0.018735 0.065807 0.065164 0.065807 0.065070 0.004677
-0.193838 0.239729 2.911265 -0.028500 -0.019060 0.065803 0.065165 0.065806 0.065064 0.003642
-0.196726 0.236807 2.916054 -0.028364 -0.019382 0.065800 0.065163 0.065800 0.065066 0.003535
-0.199577 0.233840 2.920847 -0.028222 -0.019702 0.065796 0.065160 0.065795 0.065067 0.003586
-0.202392 0.230826 2.925645 -0.028074 -0.020020 0.065790 0.065159 0.065792 0.065068 0.003686
-0.205169 0.227768 2.930447 -0.027920 -0.020336 0.065789 0.065156 0.065786 0.065068 0.003618
-0.207910 0.224665 2.935254 -0.027761 -0.020650 0.065781 0.065156 0.065785 0.065067 0.003615
-0.210612 0.221518 2.940066 -0.027596 -0.020960 0.065779 0.065153 0.065778 0.065066 0.003651
-0.213276 0.218327 2.944882 -0.027425 -0.021269 0.065774 0.065151 0.065774 0.065065 0.003514
-0.215901 0.215094 2.949703 -0.027249 -0.021575 0.065770 0.065149 0.065769 0.065064 0.003583
-0.218487 0.211818 2.954528 -0.027067 -0.021878 0.065767 0.065147 0.065764 0.065064 0.003517
-0.221034 0.208501 2.959358 -0.026880 -0.022180 0.065760 0.065146 0.065760 0.065063 0.003535
-0.223540 0.205143 2.964192 -0.026687 -0.022479 0.065755 0.065144 0.065754 0.065063 0.003586
-0.226007 0.201744 2.969031 -0.026489 -0.022775 0.065748 0.065143 0.065750 0.065062 0.003524
-0.228433 0.198306 2.973875 -0.026285 -0.023068 0.065747 0.065140 0.065741 0.065063 0.003689
-0.230817 0.194828 2.978723 -0.026076 -0.023359 0.065736 0.065140 0.065739 0.065062 0.003564
-0.233161 0.191312 2.983576 -0.025861 -0.023645 0.065733 0.065137 0.065731 0.065063 0.003519
-0.235462 0.187758 2.988434 -0.025641 -0.023929 0.065728 0.065138 0.065728 0.065058 0.003625
-0.237722 0.184167 2.993296 -0.025416 -0.024209 0.065722 0.065135 0.065721 0.065061 0.003861
-0.239939 0.180539 2.998162 -0.025186 -0.024486 0.065717 0.065131 0.065714 0.065064 0.003528
-0.242114 0.176876 3.003033 -0.024950 -0.024761 0.065711 0.065133 0.065710 0.065060 0.003807
-0.244245 0.173177 3.007909 -0.024709 -0.025031 0.065706 0.065132 0.065704 0.065058 0.003525
-0.246333 0.169443 3.012789 -0.024464 -0.025299 0.065700 0.065127 0.065697 0.065064 0.003524
-0.248377 0.165676 3.017674 -0.024213 -0.025563 0.065693 0.065128 0.065693 0.065063 0.003599
-0.250377 0.161875 3.022564 -0.023957 -0.025823 0.065688 0.065127 0.065686 0.065063 0.003516
-0.252332 0.158042 3.027458 -0.023696 -0.026080 0.065685 0.065128 0.065681 0.065059 0.003592
-0.254243 0.154177 3.032356 -0.023430 -0.026334 0.065676 0.065126 0.065675 0.065062 0.003518
-0.256109 0.150280 3.037259 -0.023159 -0.026584 0.065672 0.065126 0.065670 0.065060 0.003514
