0.300000 0.000000 0.040000 0.000000 0.000000 0.065500 0.065500 0.065500 0.065500 0.003310
0.300000 0.000000 0.040005 0.000000 0.000000 0.065817 0.065817 0.065817 0.065817 0.003174
0.300000 -0.000000 0.040005 0.000027 0.000265 0.070653 0.054124 0.074088 0.054379 0.003663
0.299999 0.000000 0.039982 0.000186 0.001755 0.077446 0.048626 0.079802 0.065937 0.008632
0.299994 0.000000 0.040138 0.000525 0.004785 0.075206 0.050441 0.081476 0.059951 0.004338
0.299973 -0.000000 0.040517 0.001057 0.010008 0.080563 0.056019 0.080672 0.065170 0.003352
0.299922 -0.000004 0.041218 0.001764 0.015322 0.076937 0.058661 0.072772 0.058568 0.003484
0.299827 -0.000015 0.042139 0.002615 0.019191 0.078788 0.064214 0.077720 0.064408 0.003501
0.299676 -0.000032 0.043425 0.003588 0.022258 0.075002 0.068755 0.073843 0.062280 0.003647
0.299460 -0.000058 0.045112 0.004646 0.024958 0.077751 0.073605 0.079328 0.067599 0.003487
0.299163 -0.000087 0.047411 0.005775 0.028095 0.076462 0.076275 0.077240 0.068196 0.003493
0.298768 -0.000113 0.050421 0.006949 0.031660 0.078947 0.080605 0.080134 0.073117 0.003318
0.298248 -0.000122 0.054327 0.008146 0.035703 0.077681 0.082213 0.078243 0.074304 0.003519
0.297577 -0.000093 0.059196 0.009340 0.040005 0.078846 0.085272 0.078615 0.077842 0.003667
0.296727 0.000002 0.065132 0.010502 0.044243 0.077377 0.086213 0.076647 0.079152 0.003507
0.295675 0.000202 0.072151 0.011605 0.048118 0.077442 0.087685 0.075447 0.081170 0.003421
0.294408 0.000550 0.080272 0.012626 0.051178 0.076111 0.087596 0.073628 0.081652 0.004255
0.292930 0.001097 0.089454 0.013547 0.053148 0.075299 0.086804 0.072037 0.081829 0.003333
0.291263 0.001894 0.099621 0.014362 0.053792 0.073663 0.084622 0.070457 0.080761 0.003324
0.289446 0.002988 0.110645 0.015072 0.053125 0.071797 0.081547 0.068852 0.078888 0.003530
0.287534 0.004414 0.122353 0.015687 0.051315 0.069346 0.077403 0.067191 0.076108 0.003593
0.285581 0.006197 0.134529 0.016225 0.048701 0.066522 0.072608 0.065369 0.072780 0.003180
0.283639 0.008343 0.146935 0.016703 0.045703 0.063371 0.067460 0.063319 0.069244 0.003212
0.281744 0.010846 0.159327 0.017138 0.042743 0.060306 0.062396 0.061262 0.065903 0.003145
0.279914 0.013681 0.171478 0.017546 0.040180 0.057370 0.057945 0.059048 0.063054 0.003469
0.278154 0.016816 0.183194 0.017936 0.038250 0.054962 0.054354 0.057039 0.060913 0.003150
0.276452 0.020212 0.194323 0.018312 0.037059 0.053195 0.051844 0.055252 0.059439 0.003419
0.274791 0.023825 0.204761 0.018677 0.036578 0.052136 0.050340 0.053865 0.058526 0.003459
0.273149 0.027616 0.214443 0.019032 0.036684 0.051659 0.049661 0.052862 0.058019 0.003907
0.271505 0.031545 0.223338 0.019374 0.037197 0.051622 0.049638 0.052198 0.057753 0.003456
0.269840 0.035579 0.231438 0.019703 0.037911 0.051829 0.050070 0.051827 0.057638 0.003129
0.268139 0.039689 0.238753 0.020017 0.038637 0.052129 0.050782 0.051646 0.057646 0.003095
0.266387 0.043852 0.245300 0.020314 0.039210 0.052415 0.051654 0.051538 0.057746 0.003168
0.264575 0.048050 0.251105 0.020592 0.039503 0.052580 0.052596 0.051451 0.057915 0.003153
0.262695 0.052269 0.256192 0.020847 0.039428 0.052621 0.053577 0.051343 0.058151 0.003101
0.260742 0.056499 0.260583 0.021074 0.038935 0.052557 0.054584 0.051209 0.058467 0.003116
0.258712 0.060734 0.264305 0.021269 0.037981 0.052594 0.055663 0.050904 0.059020 0.003275
0.256600 0.064968 0.267383 0.021423 0.036481 0.052474 0.056760 0.050609 0.059539 0.003308
0.254407 0.069200 0.269845 0.021531 0.034391 0.052379 0.058027 0.050632 0.060221 0.003536
0.252130 0.073430 0.271728 0.021584 0.031725 0.052735 0.059568 0.050880 0.061241 0.003499
0.249768 0.077659 0.273087 0.021575 0.028464 0.053477 0.061421 0.051568 0.062542 0.003530
0.247322 0.081890 0.273999 0.021497 0.024613 0.054520 0.063723 0.053050 0.064123 0.003799
0.244793 0.086127 0.274569 0.021341 0.020298 0.056141 0.066532 0.055317 0.066187 0.003719
0.242183 0.090373 0.274937 0.021102 0.015745 0.058121 0.069771 0.058307 0.068558 0.003693
0.239501 0.094635 0.275273 0.020773 0.011304 0.060321 0.073152 0.061690 0.071113 0.003789
0.236755 0.098915 0.275764 0.020349 0.007435 0.062251 0.076216 0.064991 0.073415 0.003809
0.233960 0.103218 0.276580 0.019826 0.004671 0.063650 0.078434 0.067532 0.075071 0.003818
0.231126 0.107547 0.277845 0.019200 0.003467 0.064372 0.079472 0.068697 0.075787 0.003785
0.228261 0.111905 0.279606 0.018472 0.003992 0.064441 0.079326 0.068257 0.075514 0.003603
0.225365 0.116297 0.281832 0.017642 0.006041 0.063895 0.078375 0.066588 0.074474 0.003571
0.222433 0.120728 0.284434 0.016709 0.009159 0.062850 0.077083 0.064326 0.072947 0.003403
0.219463 0.125203 0.287293 0.015675 0.012859 0.061421 0.075775 0.061973 0.071109 0.003384
0.216452 0.129730 0.290277 0.014538 0.016766 0.059688 0.074550 0.059676 0.068967 0.003490
0.213404 0.134318 0.293250 0.013298 0.020653 0.057690 0.073342 0.057502 0.066356 0.003333
0.210327 0.138979 0.296069 0.011959 0.024410 0.055665 0.071991 0.055309 0.063201 0.003299
0.207239 0.143726 0.298586 0.010522 0.027957 0.054135 0.070634 0.053704 0.060016 0.003649
0.204161 0.148571 0.300675 0.008997 0.031237 0.053678 0.069464 0.053351 0.058045 0.003533
0.201116 0.153526 0.302261 0.007393 0.034278 0.054198 0.068654 0.054790 0.058200 0.003671
0.198128 0.158596 0.303334 0.005719 0.037150 0.056061 0.066999 0.055112 0.060263 0.003520
0.195213 0.163778 0.303919 0.003982 0.039420 0.058000 0.065240 0.055760 0.063711 0.003522
0.192376 0.169061 0.304076 0.002186 0.040746 0.058829 0.064012 0.058068 0.066423 0.003947
0.189612 0.174428 0.303875 0.000337 0.041519 0.059209 0.062572 0.060378 0.067512 0.003820
0.186908 0.179862 0.303366 -0.001553 0.042378 0.060351 0.060722 0.062400 0.067841 0.003834
0.184249 0.185345 0.302587 -0.003466 0.043752 0.062016 0.059057 0.064620 0.067847 0.003709
0.181615 0.190861 0.301593 -0.005380 0.045941 0.064930 0.058193 0.067766 0.067914 0.003759
0.178981 0.196399 0.300486 -0.007266 0.049117 0.069279 0.058441 0.071625 0.068029 0.003901
0.176317 0.201946 0.299425 -0.009093 0.053087 0.074575 0.060132 0.074786 0.069317 0.003767
0.173587 0.207492 0.298631 -0.010832 0.057030 0.080068 0.063579 0.078333 0.071702 0.003719
0.170743 0.213026 0.298386 -0.012466 0.060048 0.083842 0.067767 0.081285 0.074892 0.003923
0.167738 0.218534 0.298974 -0.013990 0.061642 0.086353 0.071590 0.083494 0.078166 0.003540
0.164533 0.223997 0.300640 -0.015413 0.061498 0.088008 0.073915 0.084068 0.080518 0.003701
0.161102 0.229387 0.303545 -0.016741 0.059083 0.089092 0.074006 0.084259 0.080609 0.003604
0.157443 0.234666 0.307747 -0.017965 0.053940 0.089799 0.071441 0.084638 0.077797 0.003488
0.153582 0.239789 0.313202 -0.019052 0.045946 0.090000 0.066763 0.085348 0.072698 0.003565
0.149573 0.244706 0.319792 -0.019956 0.035374 0.090000 0.061589 0.085974 0.066950 0.003204
0.145483 0.249370 0.327351 -0.020635 0.023133 0.084334 0.057442 0.085857 0.062160 0.003099
0.141369 0.253749 0.335641 -0.021082 0.011725 0.079454 0.055301 0.084127 0.059292 0.002984
0.137251 0.257826 0.344441 -0.021310 0.002631 0.077444 0.055128 0.081768 0.058275 0.002951
0.133128 0.261590 0.353619 -0.021338 -0.004312 0.077123 0.056195 0.079554 0.058408 0.002950
0.128996 0.265033 0.363114 -0.021184 -0.010034 0.077063 0.057662 0.077498 0.058991 0.003016
0.124869 0.268147 0.372898 -0.020865 -0.015502 0.076219 0.058980 0.075364 0.059462 0.002942
0.120772 0.270925 0.382931 -0.020404 -0.021325 0.074228 0.059929 0.073122 0.059554 0.002935
0.116741 0.273367 0.393148 -0.019824 -0.027668 0.071696 0.060488 0.070692 0.059383 0.003148
0.112813 0.275478 0.403460 -0.019150 -0.034473 0.068720 0.060623 0.068189 0.058847 0.003190
0.109020 0.277272 0.413763 -0.018403 -0.041489 0.065424 0.060535 0.066254 0.058134 0.003226
0.105387 0.278769 0.423951 -0.017604 -0.048200 0.062683 0.060607 0.065028 0.057694 0.003152
0.101922 0.279993 0.433944 -0.016767 -0.054003 0.060483 0.061026 0.064713 0.057657 0.003156
0.098620 0.280973 0.443697 -0.015904 -0.058233 0.059413 0.062078 0.065178 0.058387 0.003131
0.095461 0.281738 0.453211 -0.015025 -0.060348 0.059418 0.063608 0.065811 0.059741 0.003148
0.092417 0.282315 0.462520 -0.014138 -0.060099 0.060071 0.065318 0.066285 0.061411 0.003169
0.089455 0.282731 0.471679 -0.013252 -0.057472 0.060513 0.066843 0.066759 0.063006 0.003225
0.086534 0.283010 0.480736 -0.012377 -0.052538 0.061479 0.068077 0.066461 0.064461 0.003375
0.083613 0.283173 0.489727 -0.011522 -0.045722 0.061889 0.068390 0.065323 0.065106 0.003095
0.080651 0.283240 0.498647 -0.010692 -0.037589 0.061592 0.067868 0.063889 0.064954 0.003176
0.077613 0.283229 0.507450 -0.009893 -0.028604 0.060985 0.066764 0.062247 0.064210 0.003080
0.074472 0.283154 0.516065 -0.009126 -0.019171 0.060292 0.065378 0.060608 0.063159 0.003195
0.071206 0.283029 0.524415 -0.008389 -0.009634 0.059614 0.063971 0.059204 0.062097 0.003157
0.067803 0.282864 0.532426 -0.007681 -0.000250 0.059029 0.062761 0.058187 0.061193 0.003266
0.064255 0.282668 0.540041 -0.006999 0.008833 0.058560 0.061814 0.057592 0.060578 0.003186
0.060558 0.282447 0.547218 -0.006340 0.017569 0.058245 0.061126 0.057331 0.060223 0.003163
0.056711 0.282206 0.553933 -0.005704 0.025975 0.058106 0.060629 0.057280 0.060080 0.003141
0.052710 0.281949 0.560171 -0.005088 0.034070 0.058198 0.060246 0.057289 0.060101 0.003322
0.048552 0.281677 0.565929 -0.004489 0.041811 0.058611 0.059944 0.057250 0.060267 0.003161
0.044236 0.281392 0.571211 -0.003907 0.049049 0.059307 0.059805 0.057388 0.060660 0.003124
0.039762 0.281089 0.576038 -0.003339 0.055591 0.060209 0.059882 0.057850 0.061328 0.003121
0.035129 0.280767 0.580445 -0.002783 0.061268 0.061318 0.060181 0.058617 0.062242 0.002938
0.030336 0.280420 0.584488 -0.002236 0.065937 0.062628 0.060726 0.059685 0.063379 0.002965
0.025383 0.280040 0.588238 -0.001697 0.069491 0.064083 0.061537 0.061048 0.064697 0.003102
0.020268 0.279618 0.591783 -0.001161 0.071862 0.065636 0.062606 0.062607 0.066096 0.003045
0.014990 0.279143 0.595225 -0.000627 0.073011 0.067260 0.063931 0.064189 0.067495 0.002960
0.009550 0.278601 0.598673 -0.000094 0.072887 0.068864 0.065542 0.065694 0.068828 0.002813
0.003951 0.277981 0.602244 0.000440 0.071415 0.070290 0.067424 0.066978 0.070007 0.002785
-0.001797 0.277269 0.606051 0.000973 0.068508 0.071345 0.069501 0.067881 0.070950 0.002769
-0.007679 0.276454 0.610199 0.001499 0.064087 0.071788 0.071575 0.068282 0.071583 0.002759
-0.013669 0.275531 0.614767 0.002010 0.058131 0.071446 0.073309 0.068073 0.071851 0.003044
-0.019732 0.274502 0.619801 0.002495 0.050717 0.070243 0.074331 0.067290 0.071741 0.002865
-0.025828 0.273373 0.625299 0.002941 0.042046 0.068307 0.074351 0.066038 0.071233 0.002787
-0.031913 0.272159 0.631213 0.003336 0.032429 0.065952 0.073381 0.064530 0.070335 0.002773
-0.037943 0.270875 0.637454 0.003673 0.022233 0.063521 0.071734 0.063017 0.069128 0.002785
-0.043885 0.269535 0.643913 0.003949 0.011826 0.061330 0.069844 0.061651 0.067767 0.002916
-0.049709 0.268153 0.650475 0.004164 0.001523 0.059560 0.068077 0.060504 0.066429 0.003024
-0.055397 0.266738 0.657038 0.004320 -0.008446 0.058242 0.066612 0.059610 0.065260 0.002995
-0.060935 0.265297 0.663516 0.004420 -0.017929 0.057338 0.065488 0.058964 0.064344 0.002869
-0.066315 0.263837 0.669842 0.004466 -0.026837 0.056794 0.064687 0.058555 0.063693 0.002828
-0.071533 0.262361 0.675970 0.004462 -0.035119 0.056529 0.064159 0.058388 0.063303 0.003225
-0.076585 0.260875 0.681868 0.004408 -0.042740 0.056499 0.063875 0.058458 0.063144 0.002824
-0.081470 0.259379 0.687520 0.004308 -0.049661 0.056663 0.063807 0.058766 0.063190 0.002791
-0.086185 0.257877 0.692923 0.004162 -0.055826 0.057022 0.063934 0.059294 0.063441 0.002784
-0.090729 0.256370 0.698086 0.003974 -0.061169 0.057581 0.064250 0.060027 0.063866 0.002794
-0.095103 0.254859 0.703031 0.003744 -0.065618 0.058331 0.064727 0.060950 0.064440 0.002786
-0.099305 0.253343 0.707791 0.003474 -0.069097 0.059260 0.065329 0.062033 0.065147 0.002910
-0.103336 0.251822 0.712408 0.003167 -0.071534 0.060364 0.066016 0.063229 0.065931 0.002796
-0.107197 0.250295 0.716933 0.002827 -0.072872 0.061557 0.066708 0.064502 0.066739 0.002935
-0.110890 0.248762 0.721421 0.002455 -0.073057 0.062798 0.067360 0.065797 0.067489 0.002871
-0.114420 0.247220 0.725927 0.002058 -0.072049 0.064023 0.067866 0.067016 0.068130 0.002763
-0.117796 0.245666 0.730503 0.001640 -0.069825 0.065139 0.068172 0.068083 0.068575 0.002852
-0.121032 0.244098 0.735191 0.001206 -0.066386 0.066069 0.068213 0.068916 0.068781 0.002758
-0.124142 0.242511 0.740016 0.000765 -0.061762 0.066799 0.067979 0.069436 0.068685 0.002777
-0.127151 0.240903 0.744988 0.000322 -0.056030 0.067291 0.067437 0.069600 0.068298 0.002732
-0.130081 0.239267 0.750097 -0.000115 -0.049324 0.067555 0.066638 0.069431 0.067657 0.002948
-0.132961 0.237599 0.755315 -0.000541 -0.041821 0.067622 0.065662 0.069024 0.066814 0.002925
-0.135815 0.235893 0.760603 -0.000948 -0.033718 0.067557 0.064588 0.068492 0.065897 0.003041
-0.138669 0.234144 0.765914 -0.001331 -0.025210 0.067445 0.063503 0.067957 0.065000 0.002981
-0.141546 0.232346 0.771203 -0.001684 -0.016472 0.067353 0.062458 0.067521 0.064203 0.003085
-0.144463 0.230494 0.776429 -0.002003 -0.007645 0.067340 0.061484 0.067250 0.063565 0.003637
-0.147437 0.228580 0.781560 -0.002282 0.001164 0.067453 0.060596 0.067179 0.063118 0.003318
-0.150482 0.226599 0.786573 -0.002515 0.009877 0.067744 0.059794 0.067298 0.062881 0.003221
-0.153609 0.224541 0.791458 -0.002698 0.018421 0.068239 0.059093 0.067630 0.062849 0.003477
-0.156826 0.222396 0.796215 -0.002822 0.026727 0.068954 0.058505 0.068182 0.063017 0.003535
-0.160143 0.220154 0.800858 -0.002881 0.034722 0.069896 0.058056 0.068956 0.063379 0.003398
-0.163564 0.217798 0.805415 -0.002868 0.042327 0.071042 0.057785 0.069936 0.063911 0.003361
-0.167093 0.215313 0.809926 -0.002774 0.049455 0.072363 0.057725 0.071038 0.064579 0.003675
-0.170731 0.212679 0.814442 -0.002589 0.055987 0.073779 0.057948 0.072165 0.065309 0.003319
-0.174475 0.209873 0.819024 -0.002308 0.061762 0.075207 0.058531 0.073166 0.066049 0.003165
-0.178318 0.206870 0.823739 -0.001922 0.066543 0.076513 0.059565 0.073934 0.066713 0.003146
-0.182246 0.203645 0.828655 -0.001431 0.070019 0.077647 0.061093 0.074337 0.067193 0.003152
-0.186234 0.200176 0.833838 -0.000833 0.071799 0.078358 0.063113 0.074437 0.067440 0.003305
-0.190251 0.196443 0.839351 -0.000135 0.071518 0.078470 0.065449 0.074124 0.067375 0.003225
-0.194253 0.192440 0.845240 0.000653 0.068903 0.077831 0.067926 0.073320 0.066939 0.003451
-0.198192 0.188169 0.851529 0.001515 0.063833 0.076246 0.070347 0.071969 0.066132 0.003348
-0.202019 0.183650 0.858208 0.002428 0.056413 0.073585 0.072486 0.069998 0.065015 0.003685
-0.205691 0.178918 0.865232 0.003366 0.047009 0.069892 0.074097 0.067400 0.063746 0.003325
-0.209180 0.174022 0.872513 0.004299 0.036205 0.065464 0.074974 0.064328 0.062559 0.003124
-0.212478 0.169016 0.879939 0.005195 0.024690 0.060950 0.075012 0.061057 0.061654 0.003141
-0.215595 0.163959 0.887386 0.006027 0.013068 0.056984 0.074304 0.057954 0.061151 0.002970
-0.218557 0.158903 0.894736 0.006774 0.001746 0.053977 0.073097 0.055260 0.061005 0.003140
-0.221391 0.153897 0.901893 0.007423 -0.009106 0.051938 0.071675 0.053108 0.061107 0.003009
-0.224126 0.148977 0.908782 0.007964 -0.019492 0.050693 0.070226 0.051518 0.061363 0.002992
-0.226780 0.144173 0.915348 0.008394 -0.029505 0.049961 0.068830 0.050435 0.061643 0.003337
-0.229367 0.139505 0.921553 0.008713 -0.039250 0.049509 0.067486 0.049796 0.061862 0.002924
-0.231890 0.134988 0.927365 0.008920 -0.048778 0.049146 0.066169 0.049533 0.061990 0.002928
-0.234348 0.130626 0.932758 0.009021 -0.058065 0.048878 0.064939 0.049564 0.062017 0.002871
-0.236737 0.126420 0.937708 0.009018 -0.067017 0.048608 0.063827 0.049868 0.061941 0.002843
-0.239048 0.122365 0.942192 0.008916 -0.075474 0.048510 0.062942 0.050370 0.061803 0.003487
-0.241274 0.118450 0.946196 0.008722 -0.083261 0.048582 0.062262 0.051012 0.061586 0.003016
-0.243406 0.114663 0.949707 0.008440 -0.090220 0.048902 0.061788 0.051727 0.061230 0.003456
-0.245439 0.110993 0.952719 0.008078 -0.096248 0.049507 0.061412 0.052405 0.060512 0.003014
-0.247365 0.107424 0.955220 0.007644 -0.101320 0.050109 0.060905 0.053051 0.059065 0.003140
-0.249183 0.103945 0.957192 0.007151 -0.105422 0.050582 0.060220 0.053742 0.056450 0.003144
-0.250895 0.100545 0.958597 0.006615 -0.108509 0.051240 0.059476 0.054500 0.052249 0.003507
-0.252506 0.097210 0.959388 0.006059 -0.110578 0.052501 0.058789 0.055378 0.046819 0.003519
-0.254026 0.093930 0.959523 0.005509 -0.111621 0.053092 0.057725 0.057492 0.042210 0.003385
-0.255464 0.090689 0.958990 0.004992 -0.110924 0.052236 0.055560 0.062555 0.041271 0.003763
-0.256819 0.087464 0.957831 0.004536 -0.106678 0.054320 0.053024 0.068289 0.045731 0.003864
-0.258074 0.084233 0.956185 0.004166 -0.097587 0.060017 0.051491 0.071461 0.054635 0.003507
-0.259203 0.080978 0.954276 0.003890 -0.084290 0.066484 0.053561 0.071433 0.065530 0.003652
-0.260187 0.077695 0.952386 0.003686 -0.069106 0.071497 0.059261 0.069541 0.073887 0.003106
-0.261033 0.074392 0.950789 0.003513 -0.054696 0.074102 0.066078 0.068160 0.079664 0.003459
-0.261765 0.071083 0.949722 0.003322 -0.042663 0.075309 0.071284 0.069419 0.083571 0.003104
-0.262409 0.067780 0.949388 0.003088 -0.032917 0.075598 0.072798 0.074284 0.084975 0.003229
-0.262991 0.064494 0.949905 0.002817 -0.023581 0.074046 0.070597 0.078924 0.083829 0.003397
-0.263537 0.061223 0.951241 0.002537 -0.012307 0.072825 0.066004 0.078763 0.080380 0.003321
-0.264087 0.057956 0.953199 0.002279 0.001365 0.071996 0.060272 0.074469 0.075317 0.004078
-0.264676 0.054673 0.955484 0.002067 0.016088 0.071335 0.054936 0.069940 0.070526 0.003576
-0.265324 0.051356 0.957824 0.001919 0.030288 0.071462 0.051050 0.067701 0.067112 0.004213
-0.266029 0.047984 0.960053 0.001855 0.043037 0.072295 0.048836 0.068493 0.064862 0.003580
-0.266785 0.044545 0.962114 0.001902 0.054337 0.073811 0.047447 0.072440 0.063044 0.003625
-0.267584 0.041025 0.964040 0.002098 0.064967 0.077953 0.045902 0.077926 0.060828 0.004243
-0.268428 0.037414 0.965932 0.002499 0.075510 0.081699 0.044792 0.082137 0.058274 0.004087
-0.269321 0.033699 0.967886 0.003156 0.086160 0.084546 0.046042 0.084772 0.056837 0.004086
-0.270272 0.029864 0.969990 0.004099 0.096800 0.085326 0.050038 0.085224 0.056728 0.003708
-0.271290 0.025895 0.972317 0.005323 0.107089 0.085923 0.056767 0.084354 0.058186 0.004215
-0.272391 0.021779 0.974975 0.006801 0.116282 0.086604 0.063588 0.083916 0.061299 0.004040
-0.273594 0.017501 0.978128 0.008499 0.123597 0.088173 0.069871 0.083962 0.065816 0.004025
-0.274924 0.013052 0.982001 0.010377 0.128130 0.089199 0.076701 0.084026 0.071659 0.003850
-0.276392 0.008422 0.986848 0.012385 0.129035 0.089869 0.081576 0.083031 0.075172 0.003627
-0.277977 0.003608 0.992853 0.014479 0.125211 0.090000 0.084849 0.081485 0.076752 0.003696
-0.279617 -0.001373 1.000130 0.016626 0.115423 0.090000 0.087018 0.079122 0.077157 0.003339
-0.281200 -0.006479 1.008729 0.018794 0.098351 0.088376 0.088444 0.076188 0.077284 0.003324
-0.282564 -0.011644 1.018564 0.020929 0.074391 0.070410 0.089377 0.066399 0.077468 0.003657
-0.283545 -0.016798 1.029207 0.022906 0.047970 0.048441 0.089984 0.053480 0.077506 0.003341
-0.284084 -0.021887 1.040190 0.024601 0.023002 0.033427 0.090000 0.045614 0.076823 0.003134
-0.284218 -0.026868 1.051241 0.025956 0.001213 0.030596 0.090000 0.041942 0.075082 0.002947
-0.284023 -0.031695 1.062225 0.026963 -0.017661 0.032662 0.085420 0.038235 0.072483 0.003063
-0.283572 -0.036329 1.072989 0.027651 -0.034884 0.034807 0.079635 0.035459 0.069452 0.003082
-0.282906 -0.040737 1.083367 0.028061 -0.051605 0.036339 0.074175 0.034692 0.066480 0.003601
-0.282041 -0.044902 1.093211 0.028233 -0.068391 0.036816 0.069208 0.035227 0.063845 0.003324
-0.280978 -0.048820 1.102399 0.028204 -0.085256 0.036393 0.064979 0.036463 0.061755 0.002990
-0.279711 -0.052500 1.110829 0.028000 -0.101848 0.035963 0.061906 0.038192 0.060468 0.003096
-0.278238 -0.055964 1.118437 0.027642 -0.117695 0.036230 0.060169 0.040192 0.060028 0.002998
-0.276553 -0.059238 1.125203 0.027144 -0.132374 0.037130 0.059739 0.042717 0.060151 0.003942
-0.274649 -0.062350 1.131150 0.026515 -0.145493 0.039666 0.061350 0.046079 0.060172 0.003351
-0.272518 -0.065322 1.136362 0.025768 -0.156838 0.045491 0.065797 0.050635 0.057425 0.004010
-0.270142 -0.068169 1.140988 0.024929 -0.166795 0.056118 0.072085 0.056225 0.048375 0.003737
-0.267505 -0.070887 1.145213 0.024054 -0.176751 0.064584 0.071920 0.061047 0.036761 0.004375
-0.264602 -0.073471 1.149112 0.023222 -0.187151 0.060010 0.063879 0.067975 0.028233 0.004022
-0.261469 -0.075926 1.152584 0.022495 -0.193955 0.050694 0.054684 0.075593 0.025097 0.003807
-0.258167 -0.078279 1.155547 0.021924 -0.191568 0.048933 0.044689 0.080826 0.026836 0.003987
-0.254756 -0.080567 1.158048 0.021559 -0.177050 0.054758 0.033111 0.084348 0.034834 0.003711
-0.251283 -0.082821 1.160265 0.021447 -0.150418 0.063993 0.023157 0.085795 0.049021 0.003545
-0.247796 -0.085061 1.162432 0.021589 -0.114955 0.068013 0.023187 0.070726 0.062014 0.003857
-0.244363 -0.087294 1.164559 0.021895 -0.077914 0.067276 0.030004 0.055581 0.071411 0.003673
-0.241023 -0.089524 1.166575 0.022251 -0.044717 0.065040 0.042212 0.044910 0.077968 0.003941
-0.237780 -0.091748 1.168480 0.022554 -0.018038 0.063709 0.056930 0.039042 0.082431 0.003674
-0.234624 -0.093950 1.170370 0.022717 0.001086 0.061124 0.067780 0.037428 0.084999 0.003318
-0.231548 -0.096114 1.172335 0.022669 0.013159 0.057565 0.075458 0.039678 0.083604 0.003130
-0.228543 -0.098229 1.174431 0.022372 0.019939 0.054984 0.080734 0.045984 0.084409 0.003115
-0.225607 -0.100289 1.176786 0.021805 0.024004 0.054733 0.084286 0.055796 0.086728 0.003360
-0.222750 -0.102289 1.179600 0.020973 0.028398 0.056528 0.080274 0.064604 0.088254 0.004079
-0.219997 -0.104232 1.182965 0.019927 0.035493 0.060010 0.071714 0.067979 0.084655 0.003608
-0.217383 -0.106129 1.186761 0.018754 0.045505 0.063699 0.062210 0.067000 0.076785 0.003464
-0.214939 -0.107999 1.190742 0.017544 0.057016 0.067835 0.053654 0.067917 0.069010 0.003397
-0.212680 -0.109856 1.194735 0.016391 0.068812 0.074676 0.046013 0.073763 0.062295 0.004390
-0.210623 -0.111716 1.198724 0.015399 0.080418 0.080202 0.039906 0.079579 0.056677 0.003738
-0.208785 -0.113592 1.202759 0.014659 0.091845 0.083931 0.037596 0.083514 0.053277 0.004138
-0.207185 -0.115503 1.206904 0.014227 0.103148 0.085237 0.039549 0.084886 0.051678 0.003902
-0.205839 -0.117470 1.211193 0.014121 0.114159 0.085362 0.044010 0.083424 0.051664 0.004188
-0.204758 -0.119514 1.215641 0.014324 0.124139 0.085548 0.050240 0.082167 0.053309 0.003943
-0.203947 -0.121657 1.220312 0.014808 0.132270 0.086678 0.057776 0.081835 0.056438 0.005670
-0.203411 -0.123919 1.225356 0.015540 0.137709 0.088221 0.066416 0.081881 0.061305 0.003568
-0.203156 -0.126318 1.231010 0.016474 0.139678 0.089231 0.074507 0.082591 0.068740 0.003576
-0.203172 -0.128873 1.237552 0.017555 0.137701 0.089889 0.080087 0.081853 0.073540 0.003514
-0.203409 -0.131596 1.245187 0.018732 0.131015 0.090000 0.083854 0.080549 0.076167 0.003297
-0.203760 -0.134489 1.254033 0.019962 0.118570 0.090000 0.086361 0.076781 0.077901 0.003485
-0.204048 -0.137532 1.264105 0.021198 0.099004 0.084401 0.088013 0.071414 0.079023 0.003500
-0.204035 -0.140682 1.275205 0.022355 0.073476 0.063447 0.089095 0.060749 0.079308 0.003132
-0.203523 -0.143895 1.286853 0.023302 0.046580 0.041905 0.089801 0.050750 0.077397 0.005859
-0.202457 -0.147125 1.298586 0.023954 0.021992 0.030821 0.084742 0.047075 0.070893 0.003810
-0.200893 -0.150329 1.310024 0.024324 0.001216 0.030663 0.077079 0.045390 0.063807 0.003094
-0.198928 -0.153474 1.320881 0.024466 -0.016034 0.033107 0.071910 0.042431 0.058948 0.003046
-0.196652 -0.156534 1.330981 0.024422 -0.030894 0.035018 0.068038 0.040272 0.056149 0.003011
-0.194130 -0.159488 1.340214 0.024220 -0.044221 0.034704 0.064144 0.040593 0.054158 0.004004
-0.191414 -0.162330 1.348506 0.023883 -0.056050 0.035271 0.061768 0.041675 0.052981 0.003214
-0.188543 -0.165060 1.355822 0.023428 -0.066260 0.035916 0.059511 0.042474 0.051253 0.003144
-0.185554 -0.167686 1.362134 0.022875 -0.074741 0.036425 0.058064 0.044367 0.047834 0.003579
-0.182478 -0.170222 1.367416 0.022249 -0.081134 0.037714 0.057264 0.047664 0.040886 0.004500
-0.179350 -0.172682 1.371668 0.021586 -0.084768 0.041806 0.058356 0.054696 0.031588 0.003736
-0.176199 -0.175084 1.374985 0.020936 -0.084860 0.050558 0.057803 0.060091 0.026227 0.003874
-0.173050 -0.177452 1.377512 0.020357 -0.081741 0.056485 0.049925 0.064267 0.024849 0.003734
-0.169919 -0.179817 1.379321 0.019914 -0.075602 0.058137 0.039029 0.068388 0.026343 0.003889
-0.166823 -0.182216 1.380436 0.019657 -0.065723 0.060077 0.029346 0.070504 0.032146 0.003902
-0.163766 -0.184684 1.380909 0.019609 -0.052213 0.064288 0.025377 0.068271 0.042798 0.003736
-0.160749 -0.187247 1.380846 0.019759 -0.037130 0.066421 0.028113 0.064341 0.054470 0.003973
-0.157771 -0.189910 1.380365 0.020059 -0.022827 0.067566 0.035687 0.060085 0.063535 0.003610
-0.154829 -0.192661 1.379592 0.020452 -0.011264 0.068242 0.046563 0.057686 0.069744 0.003903
-0.151924 -0.195474 1.378682 0.020874 -0.003630 0.068926 0.057914 0.057257 0.074161 0.003507
-0.149056 -0.198314 1.377833 0.021270 -0.000328 0.069471 0.068159 0.059569 0.078396 0.003300
-0.146223 -0.201148 1.377294 0.021590 -0.000918 0.070604 0.075721 0.062965 0.082719 0.003284
-0.143413 -0.203951 1.377328 0.021797 -0.004573 0.072128 0.080557 0.067740 0.085609 0.003120
-0.140598 -0.206701 1.378167 0.021879 -0.009762 0.071394 0.080453 0.074292 0.087519 0.003094
-0.137746 -0.209385 1.379950 0.021848 -0.013570 0.069528 0.079155 0.079118 0.088772 0.003128
-0.134839 -0.211998 1.382734 0.021716 -0.013498 0.068886 0.077385 0.077549 0.088669 0.002864
-0.131889 -0.214547 1.386424 0.021491 -0.009838 0.068574 0.073602 0.072158 0.081810 0.003355
-0.128925 -0.217047 1.390736 0.021196 -0.004592 0.068258 0.068983 0.067538 0.075250 0.002997
-0.125966 -0.219516 1.395379 0.020864 0.000532 0.067827 0.064918 0.065585 0.071021 0.004163
-0.123016 -0.221966 1.400151 0.020520 0.004874 0.067511 0.061726 0.065556 0.068634 0.003065
-0.120070 -0.224406 1.404939 0.020186 0.008499 0.067568 0.059463 0.066589 0.067377 0.003326
-0.117122 -0.226843 1.409690 0.019883 0.011773 0.068083 0.057976 0.068112 0.066537 0.003773
-0.114167 -0.229280 1.414391 0.019629 0.015104 0.069063 0.057098 0.069978 0.065733 0.003182
-0.111203 -0.231721 1.419053 0.019442 0.018882 0.070002 0.056396 0.071858 0.064594 0.004670
-0.108232 -0.234170 1.423688 0.019342 0.023466 0.070808 0.055773 0.072984 0.062980 0.003358
-0.105256 -0.236628 1.428293 0.019347 0.028976 0.071705 0.055780 0.073417 0.061082 0.004218
-0.102283 -0.239095 1.432863 0.019470 0.035201 0.073113 0.057249 0.073711 0.059844 0.003552
-0.099318 -0.241569 1.437432 0.019718 0.041589 0.075288 0.060429 0.073787 0.059751 0.003760
-0.096368 -0.244047 1.442086 0.020090 0.047167 0.078113 0.065275 0.074008 0.061043 0.003507
-0.093435 -0.246526 1.446975 0.020576 0.050752 0.081041 0.071325 0.075314 0.063585 0.004112
-0.090520 -0.249008 1.452317 0.021160 0.051445 0.083263 0.077909 0.076821 0.067128 0.003194
-0.087611 -0.251492 1.458347 0.021815 0.048757 0.083687 0.082391 0.077202 0.070096 0.003362
-0.084679 -0.253976 1.465209 0.022508 0.042603 0.081229 0.085391 0.075126 0.071377 0.003325
-0.081676 -0.256450 1.472898 0.023191 0.033344 0.075301 0.087376 0.070850 0.071089 0.003487
-0.078554 -0.258893 1.481279 0.023807 0.022020 0.067437 0.088678 0.066217 0.070820 0.002940
-0.075290 -0.261272 1.490167 0.024300 0.010188 0.060237 0.085544 0.062666 0.070649 0.002933
-0.071885 -0.263554 1.499353 0.024644 -0.000743 0.055847 0.081622 0.060001 0.070434 0.002755
-0.068360 -0.265712 1.508671 0.024832 -0.010192 0.054573 0.078403 0.057971 0.070105 0.002755
-0.064735 -0.267726 1.518018 0.024869 -0.018418 0.055156 0.075978 0.056654 0.069686 0.002761
-0.061019 -0.269583 1.527333 0.024766 -0.026053 0.056167 0.073835 0.056087 0.069131 0.002843
-0.057204 -0.271271 1.536571 0.024538 -0.033640 0.056867 0.071650 0.056190 0.068378 0.002800
-0.053275 -0.272786 1.545688 0.024201 -0.041397 0.057079 0.069423 0.056853 0.067517 0.002994
-0.049209 -0.274129 1.554635 0.023771 -0.049202 0.057118 0.067440 0.057887 0.066744 0.003866
-0.044987 -0.275302 1.563376 0.023264 -0.056726 0.057233 0.065870 0.059228 0.066237 0.002863
-0.040596 -0.276315 1.571894 0.022694 -0.063553 0.057692 0.064873 0.060811 0.066101 0.002912
-0.036028 -0.277179 1.580199 0.022074 -0.069290 0.058626 0.064430 0.062523 0.066352 0.003581
-0.031281 -0.277903 1.588333 0.021415 -0.073639 0.059974 0.064433 0.064267 0.066908 0.002924
-0.026359 -0.278499 1.596357 0.020727 -0.076417 0.061536 0.064715 0.065976 0.067616 0.002795
-0.021269 -0.278973 1.604350 0.020019 -0.077529 0.063131 0.065130 0.067567 0.068321 0.002803
-0.016022 -0.279335 1.612391 0.019299 -0.076936 0.064591 0.065501 0.068890 0.068866 0.002789
-0.010638 -0.279591 1.620556 0.018576 -0.074656 0.065715 0.065655 0.069788 0.069086 0.003940
-0.005142 -0.279746 1.628898 0.017856 -0.070752 0.066348 0.065459 0.070170 0.068861 0.002762
0.000434 -0.279806 1.637442 0.017147 -0.065313 0.066491 0.064879 0.069995 0.068157 0.002757
0.006051 -0.279777 1.646179 0.016452 -0.058482 0.066262 0.063934 0.069211 0.067017 0.002875
0.011668 -0.279665 1.655069 0.015778 -0.050491 0.065703 0.062667 0.067915 0.065515 0.002756
0.017246 -0.279476 1.664047 0.015126 -0.041652 0.064936 0.061211 0.066272 0.063790 0.002783
0.022748 -0.279218 1.673026 0.014500 -0.032323 0.064082 0.059714 0.064485 0.061978 0.002748
0.028151 -0.278897 1.681913 0.013902 -0.022869 0.063244 0.058324 0.062763 0.060240 0.002776
0.033435 -0.278520 1.690616 0.013333 -0.013624 0.062476 0.057161 0.061292 0.058724 0.002779
0.038595 -0.278092 1.699055 0.012795 -0.004836 0.061808 0.056316 0.060248 0.057531 0.002749
0.043627 -0.277619 1.707166 0.012287 0.003364 0.061295 0.055823 0.059680 0.056687 0.002784
0.048532 -0.277104 1.714903 0.011812 0.010963 0.060954 0.055647 0.059540 0.056190 0.002750
0.053314 -0.276553 1.722242 0.011368 0.018027 0.060825 0.055702 0.059679 0.055971 0.002762
0.057973 -0.275968 1.729173 0.010958 0.024650 0.060930 0.055901 0.059975 0.055973 0.002965
0.062508 -0.275352 1.735700 0.010582 0.030899 0.061247 0.056184 0.060357 0.056180 0.003162
0.066918 -0.274708 1.741833 0.010240 0.036793 0.061751 0.056502 0.060754 0.056578 0.003921
0.071202 -0.274037 1.747593 0.009934 0.042291 0.062384 0.056850 0.061172 0.057151 0.003027
0.075357 -0.273343 1.753004 0.009664 0.047312 0.063092 0.057216 0.061589 0.057856 0.003496
0.079381 -0.272626 1.758093 0.009432 0.051744 0.063797 0.057620 0.062016 0.058651 0.003100
0.083274 -0.271889 1.762890 0.009236 0.055482 0.064392 0.058093 0.062426 0.059480 0.003012
0.087036 -0.271132 1.767422 0.009077 0.058445 0.064863 0.058654 0.062754 0.060299 0.003390
0.090667 -0.270355 1.771720 0.008951 0.060588 0.065089 0.059434 0.063101 0.061147 0.002964
0.094167 -0.269561 1.775810 0.008856 0.061943 0.065209 0.060476 0.063371 0.062015 0.003868
0.097538 -0.268748 1.779725 0.008784 0.062556 0.065486 0.061855 0.063687 0.063035 0.003000
0.100781 -0.267917 1.783512 0.008731 0.062435 0.066133 0.063513 0.064193 0.064266 0.002996
0.103897 -0.267067 1.787231 0.008688 0.061498 0.067360 0.065234 0.064908 0.065685 0.002980
0.106889 -0.266197 1.790962 0.008651 0.059531 0.069023 0.066733 0.065869 0.067123 0.003523
0.109765 -0.265307 1.794791 0.008620 0.056198 0.071036 0.067552 0.066749 0.068142 0.003146
0.112541 -0.264395 1.798791 0.008600 0.051096 0.072403 0.067822 0.068057 0.068554 0.003372
0.115243 -0.263462 1.803008 0.008598 0.044169 0.072740 0.067491 0.069249 0.068019 0.002982
0.117903 -0.262508 1.807446 0.008626 0.035751 0.072095 0.066627 0.069885 0.066739 0.002949
0.120557 -0.261532 1.812064 0.008691 0.026379 0.070692 0.065413 0.069793 0.065139 0.002927
0.123239 -0.260537 1.816784 0.008799 0.016615 0.068899 0.064047 0.069093 0.063694 0.002949
0.125976 -0.259522 1.821519 0.008950 0.006921 0.067098 0.062746 0.068027 0.062642 0.002766
0.128788 -0.258488 1.826181 0.009142 -0.002402 0.065552 0.061661 0.066847 0.062004 0.002777
0.131689 -0.257434 1.830697 0.009369 -0.011205 0.064330 0.060858 0.065748 0.061695 0.002746
0.134688 -0.256360 1.835013 0.009627 -0.019429 0.063343 0.060257 0.064940 0.061528 0.002934
0.137793 -0.255268 1.839090 0.009911 -0.026995 0.062515 0.059796 0.064522 0.061432 0.002937
0.141007 -0.254157 1.842901 0.010218 -0.033777 0.061957 0.059560 0.064194 0.061543 0.003401
0.144333 -0.253027 1.846433 0.010545 -0.039688 0.061486 0.059473 0.063839 0.061785 0.003848
0.147771 -0.251877 1.849681 0.010888 -0.044685 0.060898 0.059447 0.063345 0.062161 0.003479
0.151321 -0.250706 1.852637 0.011241 -0.048733 0.059927 0.059338 0.062577 0.062625 0.003059
0.154979 -0.249512 1.855285 0.011595 -0.051776 0.058420 0.059069 0.061341 0.063270 0.003563
0.158740 -0.248292 1.857598 0.011938 -0.053748 0.056339 0.058637 0.059459 0.064163 0.003173
0.162597 -0.247041 1.859535 0.012252 -0.054626 0.054014 0.058221 0.057145 0.065327 0.003473
0.166541 -0.245752 1.861058 0.012519 -0.054448 0.051969 0.058036 0.055031 0.066371 0.003387
0.170562 -0.244414 1.862137 0.012720 -0.053192 0.049966 0.058233 0.054359 0.066629 0.003534
0.174650 -0.243009 1.862764 0.012847 -0.050519 0.049162 0.059238 0.054985 0.066423 0.004028
0.178798 -0.241520 1.862967 0.012894 -0.046022 0.049773 0.060807 0.056103 0.065676 0.003189
0.182997 -0.239928 1.862802 0.012866 -0.039515 0.051794 0.062516 0.057594 0.064658 0.003366
0.187237 -0.238217 1.862348 0.012772 -0.031136 0.055180 0.063837 0.059015 0.063542 0.003716
0.191508 -0.236376 1.861689 0.012628 -0.021453 0.059275 0.064436 0.060518 0.062423 0.003632
0.195793 -0.234402 1.860911 0.012458 -0.011308 0.063393 0.064466 0.062208 0.061528 0.002959
0.200073 -0.232294 1.860092 0.012287 -0.001548 0.066861 0.064526 0.064339 0.061056 0.002926
0.204326 -0.230058 1.859315 0.012138 0.007301 0.069539 0.065441 0.067037 0.061349 0.002774
0.208530 -0.227700 1.858683 0.012028 0.015209 0.071510 0.067746 0.070179 0.062527 0.002913
0.212663 -0.225234 1.858334 0.011967 0.022619 0.072846 0.071255 0.073277 0.064341 0.002928
0.216702 -0.222674 1.858430 0.011951 0.030249 0.073493 0.075121 0.075449 0.066353 0.003129
0.220623 -0.220039 1.859118 0.011967 0.038716 0.073615 0.078256 0.075895 0.067966 0.002919
0.224397 -0.217347 1.860492 0.011996 0.048130 0.073476 0.080106 0.074629 0.069151 0.002917
0.227993 -0.214615 1.862580 0.012017 0.058014 0.073103 0.080932 0.072558 0.070255 0.002908
0.231383 -0.211851 1.865362 0.012009 0.067660 0.072474 0.081366 0.070637 0.071539 0.003297
0.234542 -0.209056 1.868808 0.011952 0.076525 0.071616 0.081852 0.069280 0.073016 0.004855
0.237451 -0.206224 1.872892 0.011828 0.084370 0.070807 0.082414 0.068332 0.074587 0.004155
0.240098 -0.203342 1.877604 0.011617 0.091132 0.070158 0.083010 0.067759 0.076127 0.004428
0.242474 -0.200391 1.882941 0.011303 0.096807 0.069937 0.083412 0.067350 0.077560 0.003356
0.244579 -0.197346 1.888909 0.010875 0.101310 0.070210 0.083572 0.067308 0.078875 0.003616
0.246419 -0.194180 1.895521 0.010328 0.104485 0.070962 0.083331 0.067592 0.079963 0.003226
0.248011 -0.190865 1.902793 0.009661 0.106120 0.072009 0.082596 0.068295 0.080615 0.003250
0.249386 -0.187372 1.910735 0.008883 0.106049 0.072919 0.081105 0.069254 0.080366 0.003694
0.250589 -0.183679 1.919326 0.008014 0.104216 0.073630 0.078521 0.069904 0.079084 0.003364
0.251678 -0.179768 1.928500 0.007078 0.100598 0.073686 0.074791 0.070325 0.076754 0.003754
0.252723 -0.175633 1.938141 0.006108 0.095315 0.073064 0.069953 0.070160 0.073700 0.004603
0.253793 -0.171280 1.948086 0.005138 0.088578 0.071859 0.064468 0.069617 0.070523 0.003173
0.254948 -0.166727 1.958157 0.004196 0.080686 0.070355 0.058961 0.068832 0.067732 0.003150
0.256229 -0.162004 1.968188 0.003307 0.071952 0.069083 0.054149 0.067971 0.065669 0.002937
0.257657 -0.157149 1.978050 0.002487 0.062581 0.068243 0.050509 0.067165 0.064160 0.002923
0.259235 -0.152201 1.987655 0.001748 0.052631 0.067590 0.048027 0.066297 0.062654 0.002894
0.260955 -0.147202 1.996936 0.001097 0.042072 0.066595 0.046318 0.065114 0.060771 0.002885
0.262810 -0.142189 2.005822 0.000536 0.030893 0.064883 0.045010 0.063550 0.058613 0.002894
0.264790 -0.137192 2.014232 0.000064 0.019208 0.062516 0.043955 0.061746 0.056407 0.002904
0.266885 -0.132233 2.022071 -0.000324 0.007268 0.059760 0.043022 0.059793 0.054416 0.002908
0.269080 -0.127327 2.029242 -0.000638 -0.004612 0.056807 0.042072 0.057662 0.052752 0.003098
0.271359 -0.122482 2.035652 -0.000889 -0.016133 0.053614 0.040877 0.055252 0.051638 0.003276
0.273698 -0.117697 2.041206 -0.001090 -0.027057 0.050148 0.039311 0.052253 0.051461 0.003610
0.276072 -0.112967 2.045817 -0.001259 -0.037287 0.046519 0.037527 0.048486 0.052837 0.003297
0.278453 -0.108281 2.049414 -0.001419 -0.046822 0.041881 0.036116 0.044946 0.055451 0.003207
0.280807 -0.103621 2.051956 -0.001600 -0.055357 0.036545 0.036464 0.043214 0.058433 0.003494
0.283098 -0.098959 2.053451 -0.001830 -0.062086 0.031247 0.039672 0.043560 0.060165 0.003709
0.285294 -0.094258 2.053959 -0.002135 -0.065850 0.027413 0.046382 0.045747 0.060458 0.003843
0.287371 -0.089473 2.053603 -0.002537 -0.065457 0.027383 0.056289 0.048280 0.060610 0.003881
0.289324 -0.084568 2.052583 -0.003061 -0.060198 0.031179 0.067318 0.050026 0.062262 0.003874
0.291163 -0.079522 2.051164 -0.003743 -0.050203 0.039122 0.075136 0.051364 0.065145 0.003891
0.292901 -0.074335 2.049630 -0.004606 -0.036612 0.049719 0.080515 0.054239 0.067977 0.003730
0.294543 -0.069029 2.048282 -0.005644 -0.021284 0.061484 0.082695 0.059378 0.069758 0.003676
0.296074 -0.063639 2.047394 -0.006818 -0.006369 0.071035 0.081338 0.064979 0.069895 0.003771
0.297472 -0.058205 2.047156 -0.008062 0.006335 0.077710 0.078846 0.069994 0.068816 0.003444
0.298714 -0.052763 2.047681 -0.009306 0.015763 0.082257 0.076514 0.074662 0.067207 0.003294
0.299791 -0.047342 2.049040 -0.010487 0.021642 0.085302 0.075473 0.078906 0.065642 0.003524
0.300714 -0.041961 2.051304 -0.011557 0.024365 0.087317 0.076379 0.083062 0.063751 0.003151
0.301510 -0.036631 2.054527 -0.012485 0.025376 0.082791 0.078066 0.085837 0.062086 0.003116
0.302203 -0.031346 2.058645 -0.013276 0.027975 0.078026 0.076296 0.086314 0.060109 0.002925
0.302787 -0.026087 2.063443 -0.013941 0.034173 0.072300 0.071608 0.077386 0.056387 0.002895
0.303249 -0.020827 2.068479 -0.014516 0.042628 0.064768 0.066673 0.065612 0.049920 0.003096
0.303603 -0.015535 2.073225 -0.015040 0.051447 0.056906 0.063048 0.055286 0.041093 0.005548
0.303903 -0.010187 2.077221 -0.015542 0.059111 0.055909 0.057909 0.044461 0.037974 0.003646
0.304224 -0.004779 2.080205 -0.016031 0.062945 0.062283 0.053602 0.042872 0.047228 0.003766
0.304628 0.000669 2.082240 -0.016502 0.061295 0.062039 0.055864 0.054474 0.056968 0.004186
0.305135 0.006127 2.083567 -0.016960 0.056884 0.059585 0.058492 0.062399 0.061469 0.003879
0.305741 0.011568 2.084372 -0.017408 0.053201 0.058170 0.059459 0.065736 0.062862 0.003521
0.306436 0.016970 2.084729 -0.017850 0.052101 0.056593 0.058098 0.064936 0.062399 0.003877
0.307211 0.022317 2.084617 -0.018285 0.054064 0.056484 0.056497 0.065567 0.062563 0.003526
0.308054 0.027595 2.084038 -0.018708 0.059291 0.057937 0.056401 0.066441 0.062066 0.003665
0.308948 0.032792 2.083048 -0.019105 0.067632 0.061673 0.056858 0.068406 0.063406 0.003504
0.309866 0.037897 2.081788 -0.019464 0.078400 0.067864 0.059196 0.070083 0.066824 0.003697
0.310762 0.042907 2.080500 -0.019773 0.090037 0.075034 0.062896 0.073170 0.071473 0.003710
0.311560 0.047825 2.079516 -0.020022 0.100923 0.080446 0.068544 0.076841 0.076294 0.003674
0.312167 0.052660 2.079201 -0.020215 0.110027 0.084094 0.074675 0.078861 0.081300 0.003614
0.312488 0.057423 2.079881 -0.020372 0.116539 0.086520 0.079251 0.080535 0.084665 0.003972
0.312446 0.062124 2.081811 -0.020512 0.119964 0.088118 0.082069 0.081677 0.086897 0.003561
0.311998 0.066769 2.085171 -0.020646 0.120058 0.089163 0.083730 0.083043 0.088365 0.003464
0.311136 0.071355 2.090095 -0.020778 0.116895 0.089845 0.084286 0.084180 0.089325 0.003151
0.309889 0.075870 2.096655 -0.020901 0.110710 0.090000 0.081795 0.085107 0.086824 0.003281
0.308330 0.080297 2.104777 -0.020978 0.101921 0.090000 0.075526 0.086308 0.078356 0.003068
0.306567 0.084618 2.114219 -0.020934 0.091340 0.087555 0.067657 0.087033 0.069258 0.002909
0.304702 0.088827 2.124645 -0.020709 0.080722 0.081344 0.061300 0.085966 0.062588 0.002900
0.302790 0.092924 2.135710 -0.020283 0.072214 0.077555 0.057710 0.083474 0.059260 0.002923
0.300825 0.096914 2.147175 -0.019660 0.066433 0.076507 0.056834 0.081068 0.058663 0.002931
0.298775 0.100797 2.158933 -0.018854 0.062732 0.077198 0.057872 0.079145 0.059811 0.002910
0.296617 0.104569 2.170981 -0.017878 0.059952 0.077838 0.060088 0.077710 0.061571 0.002923
0.294345 0.108225 2.183358 -0.016753 0.057038 0.078322 0.062742 0.076064 0.063807 0.003249
0.291983 0.111759 2.196112 -0.015505 0.053004 0.077319 0.065039 0.073251 0.065410 0.003058
0.289583 0.115168 2.209236 -0.014168 0.047112 0.074275 0.066424 0.069542 0.066114 0.003024
0.287224 0.118454 2.222639 -0.012782 0.039058 0.069507 0.066155 0.063841 0.065220 0.003104
0.284998 0.121627 2.236120 -0.011388 0.028772 0.061893 0.063675 0.057185 0.061806 0.003471
0.282994 0.124702 2.249362 -0.010019 0.016849 0.052470 0.059546 0.050656 0.056474 0.003338
0.281263 0.127703 2.262009 -0.008694 0.004387 0.043773 0.055594 0.046167 0.051743 0.003697
0.279815 0.130655 2.273770 -0.007424 -0.007490 0.037786 0.052282 0.043082 0.049537 0.003528
0.278622 0.133578 2.284468 -0.006215 -0.018040 0.034615 0.050086 0.042904 0.050701 0.003858
0.277637 0.136481 2.294043 -0.005072 -0.026400 0.030868 0.049576 0.046784 0.053205 0.003722
0.276797 0.139362 2.302538 -0.003997 -0.031053 0.033168 0.052903 0.052035 0.056933 0.003534
0.276025 0.142213 2.310110 -0.002995 -0.030957 0.038235 0.058098 0.055269 0.058886 0.003534
0.275253 0.145032 2.316959 -0.002066 -0.026005 0.045522 0.064268 0.059742 0.060451 0.003748
0.274424 0.147828 2.323336 -0.001205 -0.016687 0.054897 0.069635 0.062894 0.062891 0.003031
0.273489 0.150617 2.329519 -0.000405 -0.004563 0.062695 0.071857 0.064601 0.067933 0.003032
0.272410 0.153414 2.335731 0.000338 0.008394 0.063832 0.069997 0.062076 0.072352 0.002785
0.271158 0.156223 2.341996 0.001010 0.020954 0.060433 0.069226 0.059559 0.069995 0.002789
0.269708 0.159040 2.348190 0.001604 0.033216 0.057353 0.069547 0.057669 0.066215 0.002927
0.268045 0.161872 2.354172 0.002114 0.045530 0.055002 0.069760 0.055378 0.062803 0.002894
0.266161 0.164733 2.359808 0.002536 0.057946 0.052841 0.070089 0.052691 0.059296 0.002910
0.264062 0.167648 2.364966 0.002866 0.070295 0.050915 0.070939 0.049704 0.055382 0.003113
0.261766 0.170652 2.369530 0.003098 0.082288 0.049983 0.072978 0.047707 0.052281 0.003114
0.259301 0.173785 2.373452 0.003224 0.093684 0.050896 0.076695 0.048824 0.053015 0.003274
0.256694 0.177092 2.376814 0.003227 0.104647 0.052217 0.081284 0.053387 0.058064 0.003658
0.253964 0.180623 2.379803 0.003088 0.116182 0.052594 0.084654 0.058892 0.063542 0.004337
0.251121 0.184431 2.382613 0.002787 0.129690 0.054914 0.086175 0.061272 0.069538 0.003371
0.248171 0.188569 2.385401 0.002309 0.145215 0.060220 0.085832 0.060973 0.074934 0.004109
0.245124 0.193085 2.388307 0.001649 0.160966 0.066831 0.085113 0.060834 0.079065 0.003322
0.241992 0.198018 2.391498 0.000816 0.174330 0.073346 0.084837 0.062711 0.082525 0.003462
0.238790 0.203393 2.395203 -0.000170 0.182939 0.078742 0.084648 0.066478 0.085480 0.003315
0.235547 0.209221 2.399680 -0.001281 0.185255 0.082535 0.083445 0.071075 0.087434 0.003349
0.232324 0.215497 2.405148 -0.002483 0.180474 0.084582 0.080978 0.072385 0.088717 0.003531
0.229229 0.222183 2.411717 -0.003751 0.167744 0.083213 0.076100 0.072426 0.089554 0.003181
0.226392 0.229208 2.419340 -0.005069 0.147556 0.077922 0.067589 0.071339 0.089999 0.003146
0.223918 0.236468 2.427799 -0.006434 0.122380 0.069189 0.055274 0.068084 0.090000 0.003012
0.221818 0.243836 2.436741 -0.007847 0.095854 0.060304 0.042256 0.065493 0.086819 0.002970
0.219972 0.251182 2.445825 -0.009296 0.071649 0.058529 0.037195 0.067384 0.081603 0.003526
0.218187 0.258392 2.454924 -0.010738 0.051965 0.063826 0.039373 0.071378 0.075191 0.002999
0.216277 0.265369 2.464080 -0.012114 0.036769 0.070025 0.041791 0.074431 0.067740 0.003013
0.214115 0.272028 2.473360 -0.013358 0.024727 0.073935 0.044162 0.075960 0.061241 0.003002
0.211638 0.278297 2.482793 -0.014428 0.014593 0.075340 0.046735 0.076807 0.056698 0.002969
0.208829 0.284114 2.492388 -0.015301 0.005958 0.075227 0.049378 0.077548 0.053983 0.002965
0.205697 0.289439 2.502141 -0.015971 -0.000932 0.074977 0.052153 0.078192 0.052788 0.002961
0.202259 0.294246 2.512056 -0.016442 -0.005776 0.075108 0.055049 0.078781 0.052753 0.002937
0.198534 0.298528 2.522158 -0.016720 -0.008488 0.075602 0.057870 0.079236 0.053546 0.002946
0.194537 0.302288 2.532477 -0.016813 -0.009183 0.075885 0.060388 0.079428 0.054733 0.002926
0.190282 0.305540 2.543041 -0.016732 -0.008043 0.075813 0.062245 0.078944 0.055971 0.002925
0.185774 0.308305 2.553845 -0.016492 -0.005349 0.074676 0.063176 0.077427 0.056664 0.002919
0.181014 0.310610 2.564831 -0.016114 -0.001393 0.072461 0.063049 0.074671 0.056551 0.003046
0.176005 0.312488 2.575872 -0.015619 0.003496 0.068913 0.061899 0.070580 0.055245 0.002976
0.170750 0.313976 2.586774 -0.015033 0.008948 0.065001 0.059943 0.065404 0.053150 0.003075
0.165263 0.315116 2.597312 -0.014381 0.014388 0.060967 0.057388 0.059461 0.050369 0.002966
0.159571 0.315949 2.607252 -0.013683 0.019122 0.057219 0.054757 0.053784 0.047466 0.002916
0.153716 0.316517 2.616393 -0.012955 0.022566 0.053955 0.052467 0.049101 0.044870 0.002916
0.147745 0.316860 2.624584 -0.012209 0.024351 0.051894 0.050921 0.045971 0.043318 0.002897
0.141703 0.317017 2.631744 -0.011452 0.024255 0.050860 0.050142 0.044417 0.042914 0.002933
0.135628 0.317021 2.637851 -0.010688 0.022211 0.050655 0.050237 0.044596 0.043727 0.002974
0.129548 0.316903 2.642941 -0.009920 0.018350 0.051192 0.051151 0.046281 0.045797 0.002910
0.123481 0.316686 2.647098 -0.009151 0.012994 0.052392 0.052860 0.049224 0.048947 0.002996
0.117438 0.316391 2.650452 -0.008382 0.006649 0.053983 0.055173 0.053009 0.052762 0.002945
0.111422 0.316029 2.653163 -0.007617 -0.000011 0.055763 0.057789 0.057045 0.056703 0.003209
0.105438 0.315611 2.655401 -0.006858 -0.006229 0.057388 0.060187 0.060577 0.060153 0.003734
0.099488 0.315141 2.657320 -0.006109 -0.011304 0.058619 0.061975 0.063130 0.062702 0.003095
0.093577 0.314624 2.659022 -0.005370 -0.014714 0.059160 0.062757 0.064357 0.064089 0.002997
0.087705 0.314061 2.660546 -0.004644 -0.016190 0.058919 0.062322 0.064079 0.064258 0.002931
0.081867 0.313453 2.661856 -0.003932 -0.015740 0.057857 0.060783 0.062701 0.063490 0.002990
0.076059 0.312797 2.662855 -0.003235 -0.013517 0.055983 0.058257 0.060430 0.062018 0.002945
0.070275 0.312092 2.663399 -0.002552 -0.009711 0.053464 0.055202 0.057785 0.060154 0.003110
0.064510 0.311334 2.663321 -0.001884 -0.004450 0.050618 0.052148 0.055012 0.057850 0.003497
0.058766 0.310521 2.662454 -0.001231 0.002210 0.048079 0.049909 0.052776 0.055222 0.003599
0.053050 0.309655 2.660651 -0.000593 0.010287 0.046318 0.048798 0.051464 0.052854 0.003441
0.047377 0.308743 2.657817 0.000034 0.019789 0.046703 0.048939 0.050938 0.052052 0.003422
0.041764 0.307795 2.653920 0.000650 0.030275 0.049753 0.049703 0.049019 0.051924 0.004303
0.036223 0.306826 2.648972 0.001259 0.039794 0.058688 0.050371 0.041392 0.049579 0.003856
0.030728 0.305850 2.643084 0.001874 0.044767 0.065292 0.056967 0.051891 0.053911 0.003699
0.025208 0.304879 2.636640 0.002510 0.045386 0.066173 0.064856 0.063605 0.060760 0.003467
0.019605 0.303919 2.630071 0.003161 0.044700 0.067225 0.071596 0.070121 0.066226 0.003649
0.013900 0.302971 2.623724 0.003808 0.044741 0.070546 0.076978 0.072059 0.070952 0.003657
0.008086 0.302031 2.617888 0.004430 0.045267 0.075084 0.081585 0.073760 0.076559 0.003654
0.002143 0.301098 2.612883 0.005008 0.045154 0.080392 0.084854 0.076843 0.081480 0.003687
-0.003953 0.300170 2.609046 0.005541 0.043439 0.084059 0.087022 0.080293 0.084784 0.003317
-0.010219 0.299250 2.606661 0.006032 0.039765 0.086496 0.088447 0.082145 0.086976 0.003445
-0.016646 0.298340 2.605929 0.006485 0.033705 0.088102 0.089378 0.082034 0.088417 0.003312
-0.023198 0.297441 2.606980 0.006895 0.024477 0.088804 0.089985 0.081551 0.089359 0.003584
-0.029798 0.296557 2.609868 0.007247 0.011942 0.082184 0.090000 0.078966 0.089972 0.003210
-0.036338 0.295688 2.614447 0.007495 -0.002090 0.073543 0.086985 0.074931 0.089180 0.003098
-0.042725 0.294822 2.620387 0.007605 -0.015513 0.066121 0.082269 0.071376 0.084292 0.003044
-0.048902 0.293941 2.627285 0.007577 -0.026826 0.061733 0.078277 0.068820 0.079528 0.002977
-0.054858 0.293024 2.634810 0.007423 -0.035435 0.060373 0.075574 0.066878 0.076074 0.002944
-0.060605 0.292062 2.642743 0.007161 -0.041575 0.060802 0.073834 0.065469 0.073838 0.002954
-0.066161 0.291047 2.650958 0.006806 -0.045916 0.061870 0.072501 0.064559 0.072251 0.002952
-0.071538 0.289975 2.659380 0.006371 -0.049180 0.062826 0.071193 0.064083 0.070862 0.002927
-0.076742 0.288846 2.667953 0.005871 -0.051905 0.063391 0.069780 0.063923 0.069471 0.002965
