0.300000 0.000000 0.040000 0.000000 0.000000 0.065500 0.065500 0.065500 0.065500 0.004058
0.300000 0.000000 0.040002 0.000000 0.000000 0.065581 0.065581 0.065581 0.065581 0.004558
0.300000 0.000000 0.040021 0.000033 0.000425 0.074250 0.054544 0.079669 0.054627 0.005645
0.299998 0.000000 0.040220 0.000240 0.002896 0.086169 0.051555 0.089765 0.068673 0.004130
0.299984 -0.000001 0.040989 0.000687 0.007258 0.080767 0.056724 0.082940 0.060258 0.007888
0.299940 -0.000007 0.042255 0.001348 0.012434 0.084986 0.061472 0.082914 0.066905 0.022402
0.299847 -0.000022 0.044081 0.002191 0.016749 0.078318 0.064462 0.075072 0.060090 0.016687
0.299697 -0.000047 0.046313 0.003162 0.019668 0.078270 0.069471 0.076413 0.069017 0.011994
0.299483 -0.000083 0.049054 0.004210 0.021693 0.073911 0.073873 0.073635 0.067345 0.012535
0.299199 -0.000123 0.052324 0.005293 0.023644 0.075133 0.076339 0.077363 0.070977 0.004767
0.298831 -0.000158 0.056256 0.006396 0.026410 0.074446 0.079710 0.076376 0.071844 0.004130
0.298356 -0.000172 0.060940 0.007497 0.030074 0.075603 0.081627 0.077291 0.074318 0.005218
0.297747 -0.000142 0.066466 0.008581 0.034498 0.075034 0.083208 0.075915 0.074906 0.004964
0.296975 -0.000036 0.072855 0.009629 0.039347 0.075091 0.083124 0.074937 0.075578 0.003788
0.296015 0.000184 0.080082 0.010635 0.044176 0.074234 0.081965 0.073035 0.074950 0.003549
0.294854 0.000559 0.088063 0.011594 0.048534 0.073545 0.079675 0.071325 0.074039 0.003582
0.293495 0.001133 0.096682 0.012512 0.052017 0.072505 0.076728 0.069645 0.072548 0.003513
0.291957 0.001939 0.105802 0.013397 0.054370 0.071519 0.073415 0.068322 0.070902 0.003512
0.290271 0.003007 0.115285 0.014262 0.055477 0.070499 0.069970 0.067303 0.069103 0.003760
0.288475 0.004351 0.124998 0.015122 0.055350 0.069524 0.066511 0.066529 0.067283 0.003951
0.286610 0.005978 0.134817 0.015993 0.054086 0.068562 0.063085 0.065915 0.065481 0.003975
0.284715 0.007880 0.144628 0.016888 0.051836 0.067611 0.059756 0.065390 0.063756 0.003898
0.282824 0.010043 0.154326 0.017823 0.048776 0.066654 0.056620 0.064880 0.062170 0.004089
0.280961 0.012443 0.163815 0.018808 0.045092 0.065687 0.053827 0.064399 0.060772 0.003932
0.279144 0.015051 0.173014 0.019853 0.040975 0.064765 0.051538 0.063934 0.059595 0.003950
0.277380 0.017835 0.181856 0.020964 0.036598 0.063955 0.049879 0.063523 0.058641 0.003967
0.275670 0.020762 0.190290 0.022145 0.032109 0.063332 0.048904 0.063193 0.057872 0.003895
0.274009 0.023802 0.198282 0.023399 0.027607 0.062924 0.048567 0.062959 0.057267 0.003880
0.272390 0.026928 0.205816 0.024725 0.023147 0.062677 0.048746 0.062809 0.056839 0.004096
0.270803 0.030117 0.212886 0.026125 0.018750 0.062546 0.049351 0.062726 0.056568 0.003885
0.269242 0.033350 0.219500 0.027595 0.014422 0.062443 0.050271 0.062707 0.056472 0.003983
0.267700 0.036615 0.225671 0.029132 0.010179 0.062327 0.051425 0.062727 0.056594 0.003924
0.266172 0.039903 0.231419 0.030733 0.006055 0.062192 0.052769 0.062760 0.056961 0.003956
0.264655 0.043210 0.236770 0.032390 0.002104 0.062012 0.054261 0.062819 0.057579 0.004256
0.263148 0.046533 0.241754 0.034096 -0.001600 0.061830 0.055898 0.062909 0.058458 0.004183
0.261648 0.049873 0.246410 0.035842 -0.004964 0.061678 0.057667 0.063040 0.059603 0.004146
0.260154 0.053234 0.250781 0.037616 -0.007892 0.061599 0.059576 0.063204 0.061042 0.004187
0.258667 0.056620 0.254920 0.039406 -0.010300 0.061593 0.061621 0.063408 0.062709 0.004124
0.257184 0.060037 0.258890 0.041198 -0.012114 0.061667 0.063783 0.063648 0.064576 0.004176
0.255703 0.063490 0.262759 0.042978 -0.013272 0.061790 0.066020 0.063895 0.066587 0.004125
0.254223 0.066987 0.266604 0.044728 -0.013726 0.061897 0.068265 0.064123 0.068657 0.004144
0.252739 0.070534 0.270503 0.046433 -0.013428 0.061936 0.070432 0.064266 0.070690 0.004064
0.251245 0.074135 0.274531 0.048072 -0.012335 0.061826 0.072394 0.064263 0.072549 0.003869
0.249731 0.077796 0.278754 0.049630 -0.010405 0.061512 0.074038 0.064040 0.074139 0.003896
0.248183 0.081520 0.283222 0.051087 -0.007608 0.060998 0.075287 0.063532 0.075368 0.003950
0.246586 0.085307 0.287964 0.052430 -0.003948 0.060342 0.076103 0.062720 0.076214 0.003978
0.244918 0.089156 0.292987 0.053643 0.000510 0.059624 0.076537 0.061682 0.076674 0.003888
0.243159 0.093065 0.298279 0.054715 0.005644 0.058963 0.076676 0.060573 0.076826 0.003891
0.241285 0.097029 0.303820 0.055639 0.011294 0.058462 0.076648 0.059584 0.076800 0.003986
0.239273 0.101043 0.309586 0.056409 0.017295 0.058200 0.076566 0.058936 0.076710 0.003964
0.237104 0.105102 0.315559 0.057023 0.023522 0.058260 0.076473 0.058791 0.076635 0.003961
0.234755 0.109199 0.321734 0.057480 0.029916 0.058714 0.076361 0.059258 0.076613 0.003896
0.232207 0.113329 0.328121 0.057786 0.036484 0.059661 0.076239 0.060240 0.076684 0.004130
0.229435 0.117487 0.334748 0.057947 0.043172 0.061468 0.076521 0.060852 0.076941 0.003898
0.226419 0.121664 0.341664 0.057971 0.049623 0.063708 0.077030 0.062019 0.077464 0.003998
0.223139 0.125855 0.348947 0.057865 0.055441 0.066331 0.077847 0.063964 0.078308 0.004120
0.219584 0.130054 0.356707 0.057639 0.060347 0.068982 0.079154 0.066368 0.079466 0.004146
0.215743 0.134255 0.365086 0.057303 0.064194 0.071452 0.080918 0.068765 0.081166 0.004362
0.211613 0.138450 0.374245 0.056859 0.066861 0.073537 0.082992 0.070158 0.083288 0.004161
0.207199 0.142631 0.384343 0.056300 0.068023 0.075019 0.084724 0.070535 0.085686 0.004519
0.202529 0.146783 0.395512 0.055615 0.067171 0.075498 0.085686 0.069532 0.087346 0.009576
0.197663 0.150881 0.407817 0.054787 0.063734 0.074383 0.084976 0.067632 0.087491 0.005502
0.192699 0.154889 0.421207 0.053807 0.057420 0.070786 0.082467 0.063632 0.084646 0.004677
0.187769 0.158761 0.435465 0.052671 0.048331 0.064366 0.077400 0.058589 0.078966 0.004277
0.183008 0.162455 0.450204 0.051388 0.037252 0.054831 0.071113 0.052281 0.070057 0.004404
0.178516 0.165944 0.464926 0.049971 0.025521 0.044224 0.063958 0.046735 0.060350 0.004754
0.174323 0.169224 0.479142 0.048440 0.014632 0.034414 0.058135 0.042418 0.050966 0.004508
0.170396 0.172314 0.492462 0.046813 0.005736 0.028147 0.053509 0.039697 0.044564 0.004661
0.166666 0.175248 0.504624 0.045105 -0.000622 0.025067 0.050777 0.037881 0.040985 0.004790
0.163056 0.178062 0.515480 0.043326 -0.004361 0.024430 0.049177 0.036447 0.040343 0.004489
0.159501 0.180793 0.524955 0.041477 -0.005691 0.024783 0.049000 0.035490 0.041395 0.004117
0.155952 0.183468 0.533028 0.039556 -0.004900 0.026100 0.050048 0.035085 0.043622 0.004252
0.152376 0.186113 0.539720 0.037553 -0.002315 0.028248 0.052160 0.035206 0.046609 0.004149
0.148756 0.188747 0.545096 0.035459 0.001693 0.031395 0.054933 0.035933 0.050253 0.003936
0.145083 0.191388 0.549254 0.033259 0.006662 0.035395 0.057867 0.037251 0.054353 0.003967
0.141359 0.194050 0.552328 0.030942 0.012027 0.039850 0.060411 0.039090 0.058588 0.003890
0.137586 0.196742 0.554473 0.028498 0.017139 0.044630 0.062208 0.041267 0.062562 0.003935
0.133768 0.199469 0.555849 0.025923 0.021262 0.048815 0.062613 0.042952 0.065213 0.004099
0.129904 0.202231 0.556571 0.023223 0.023648 0.050832 0.060783 0.043185 0.065493 0.004207
0.125996 0.205019 0.556656 0.020410 0.023763 0.049643 0.056172 0.040858 0.063244 0.004734
0.122042 0.207823 0.555983 0.017500 0.021359 0.045820 0.048955 0.035307 0.059452 0.004628
0.118034 0.210631 0.554345 0.014509 0.016250 0.042557 0.040371 0.028778 0.055365 0.005167
0.113949 0.213435 0.551544 0.011452 0.008085 0.042237 0.033272 0.024556 0.051989 0.005358
0.109739 0.216238 0.547481 0.008349 -0.003565 0.042683 0.030649 0.024720 0.050412 0.005176
0.105336 0.219054 0.542166 0.005210 -0.018686 0.041933 0.031772 0.027482 0.050488 0.005151
0.100655 0.221902 0.535668 0.002036 -0.036574 0.040327 0.034816 0.031914 0.051702 0.005234
0.095616 0.224810 0.528101 -0.001181 -0.055887 0.038351 0.038964 0.038096 0.053414 0.004907
0.090161 0.227804 0.519604 -0.004448 -0.074539 0.034373 0.043945 0.045718 0.053955 0.004954
0.084280 0.230912 0.510329 -0.007769 -0.089781 0.037553 0.051048 0.052968 0.056675 0.004820
0.078023 0.234157 0.500513 -0.011148 -0.099879 0.045069 0.059746 0.058010 0.061409 0.004970
0.071491 0.237546 0.490480 -0.014593 -0.104592 0.053618 0.069750 0.063456 0.067056 0.005221
0.064809 0.241063 0.480650 -0.018119 -0.104262 0.063100 0.080877 0.070546 0.072910 0.004978
0.058121 0.244660 0.471539 -0.021731 -0.099272 0.073679 0.089838 0.079296 0.076577 0.005416
0.051569 0.248263 0.463642 -0.025393 -0.090253 0.085747 0.089963 0.088105 0.071220 0.005129
0.045249 0.251797 0.457202 -0.028998 -0.078803 0.089895 0.090000 0.089954 0.064764 0.004409
0.039200 0.255211 0.452183 -0.032486 -0.066102 0.086342 0.090000 0.089998 0.061221 0.004798
0.033439 0.258495 0.448376 -0.035856 -0.051003 0.082497 0.090000 0.087638 0.059794 0.004379
0.027960 0.261667 0.445491 -0.039143 -0.033705 0.076888 0.090000 0.076540 0.058209 0.005181
0.022742 0.264777 0.443070 -0.042404 -0.017388 0.071518 0.076909 0.067469 0.055190 0.014369
0.017767 0.267875 0.440562 -0.045634 -0.004309 0.069935 0.063908 0.064807 0.052420 0.020525
0.013032 0.270981 0.437638 -0.048790 0.004961 0.071475 0.055423 0.067214 0.052484 0.030933
0.008536 0.274078 0.434255 -0.051824 0.010987 0.074549 0.051622 0.073094 0.054974 0.010451
0.004260 0.277130 0.430577 -0.054689 0.015228 0.078456 0.051171 0.080276 0.058573 0.005423
0.000175 0.280099 0.426886 -0.057345 0.019468 0.082726 0.053270 0.086784 0.062730 0.004955
-0.003757 0.282954 0.423506 -0.059761 0.024963 0.086430 0.057329 0.089963 0.066521 0.005440
-0.007582 0.285678 0.420721 -0.061927 0.031523 0.089849 0.061957 0.089995 0.070356 0.005030
-0.011361 0.288266 0.418764 -0.063861 0.037892 0.089994 0.066536 0.090000 0.074682 0.004648
-0.015157 0.290721 0.417825 -0.065598 0.043828 0.090000 0.071093 0.090000 0.079045 0.004986
-0.019032 0.293045 0.418085 -0.067178 0.049373 0.090000 0.075306 0.089646 0.083007 0.004757
-0.023045 0.295242 0.419708 -0.068645 0.054307 0.090000 0.079214 0.088076 0.086673 0.005198
-0.027246 0.297309 0.422838 -0.070046 0.057953 0.090000 0.082466 0.086899 0.089650 0.004389
-0.031667 0.299241 0.427594 -0.071418 0.059734 0.090000 0.084277 0.086225 0.089995 0.005199
-0.036313 0.301028 0.434040 -0.072777 0.059319 0.090000 0.084946 0.085866 0.090000 0.004502
-0.041158 0.302659 0.442215 -0.074130 0.056567 0.090000 0.084529 0.085945 0.090000 0.004769
-0.046150 0.304115 0.452128 -0.075470 0.051590 0.090000 0.082385 0.086783 0.087533 0.004469
-0.051212 0.305373 0.463709 -0.076763 0.044828 0.090000 0.077066 0.087838 0.080876 0.004119
-0.056255 0.306420 0.476756 -0.077945 0.036763 0.090000 0.069121 0.087910 0.072252 0.004165
-0.061185 0.307257 0.490963 -0.078942 0.027491 0.087649 0.060535 0.085161 0.063336 0.003700
-0.065913 0.307898 0.505925 -0.079716 0.017274 0.078887 0.053419 0.080179 0.055751 0.003656
-0.070382 0.308364 0.521165 -0.080278 0.007685 0.070375 0.049022 0.075073 0.050845 0.003789
-0.074606 0.308672 0.536294 -0.080661 0.000058 0.065442 0.047130 0.071116 0.048770 0.003634
-0.078638 0.308827 0.551076 -0.080890 -0.005336 0.064099 0.046706 0.068128 0.048472 0.003722
-0.082529 0.308824 0.565399 -0.080982 -0.009147 0.064452 0.046855 0.065892 0.048798 0.003619
-0.086307 0.308658 0.579221 -0.080948 -0.012353 0.064907 0.047109 0.064341 0.049085 0.003655
-0.089974 0.308323 0.592526 -0.080794 -0.015725 0.064804 0.047306 0.063357 0.049165 0.003733
-0.093517 0.307814 0.605300 -0.080526 -0.019623 0.064213 0.047491 0.062781 0.049111 0.003754
-0.096919 0.307131 0.617529 -0.080149 -0.024062 0.063437 0.047751 0.062537 0.049064 0.003635
-0.100166 0.306272 0.629202 -0.079667 -0.028851 0.062772 0.048169 0.062591 0.049146 0.003643
-0.103248 0.305238 0.640314 -0.079085 -0.033722 0.062384 0.048803 0.062922 0.049396 0.003754
-0.106164 0.304030 0.650875 -0.078405 -0.038403 0.062324 0.049668 0.063516 0.049824 0.003961
-0.108915 0.302650 0.660904 -0.077629 -0.042603 0.062272 0.050758 0.064549 0.050398 0.004024
-0.111510 0.301098 0.670435 -0.076759 -0.045922 0.062600 0.052233 0.065907 0.051214 0.003896
-0.113965 0.299375 0.679519 -0.075795 -0.048012 0.063863 0.053970 0.067014 0.052282 0.004085
-0.116298 0.297485 0.688224 -0.074736 -0.048863 0.065215 0.055575 0.067858 0.053272 0.003901
-0.118526 0.295432 0.696615 -0.073584 -0.048629 0.066270 0.056956 0.068580 0.054159 0.004018
-0.120665 0.293222 0.704752 -0.072337 -0.047430 0.067002 0.058073 0.069093 0.054920 0.003877
-0.122733 0.290864 0.712680 -0.070999 -0.045346 0.067410 0.058892 0.069371 0.055559 0.003975
-0.124749 0.288370 0.720434 -0.069571 -0.042423 0.067549 0.059441 0.069390 0.056059 0.004026
-0.126734 0.285752 0.728030 -0.068056 -0.038705 0.067475 0.059720 0.069161 0.056457 0.003651
-0.128711 0.283023 0.735475 -0.066458 -0.034252 0.067246 0.059784 0.068717 0.056769 0.003665
-0.130702 0.280196 0.742762 -0.064782 -0.029144 0.066911 0.059690 0.068149 0.057013 0.003555
-0.132729 0.277284 0.749881 -0.063032 -0.023472 0.066524 0.059475 0.067533 0.057258 0.003673
-0.134812 0.274298 0.756815 -0.061213 -0.017326 0.066134 0.059190 0.066934 0.057528 0.003566
-0.136971 0.271248 0.763546 -0.059329 -0.010787 0.065778 0.058848 0.066392 0.057849 0.003687
-0.139224 0.268141 0.770058 -0.057382 -0.003928 0.065475 0.058446 0.065914 0.058231 0.003766
-0.141586 0.264983 0.776337 -0.055377 0.003176 0.065256 0.057954 0.065454 0.058668 0.003803
-0.144069 0.261775 0.782367 -0.053316 0.010423 0.065125 0.057347 0.064993 0.059167 0.003791
-0.146683 0.258519 0.788134 -0.051201 0.017677 0.065053 0.056625 0.064556 0.059726 0.003997
-0.149434 0.255209 0.793623 -0.049033 0.024783 0.065012 0.055783 0.064142 0.060354 0.004299
-0.152324 0.251839 0.798819 -0.046814 0.031579 0.064965 0.054851 0.063755 0.061073 0.004091
-0.155350 0.248398 0.803709 -0.044545 0.037905 0.064901 0.053931 0.063411 0.061907 0.003968
-0.158504 0.244869 0.808281 -0.042227 0.043621 0.064871 0.053250 0.063182 0.062891 0.004394
-0.161775 0.241235 0.812532 -0.039864 0.048609 0.064981 0.053151 0.063242 0.063980 0.004302
-0.165146 0.237472 0.816476 -0.037458 0.052794 0.065351 0.053891 0.063694 0.065058 0.004174
-0.168600 0.233556 0.820145 -0.035014 0.056142 0.065969 0.055478 0.064480 0.065957 0.004272
-0.172116 0.229466 0.823593 -0.032534 0.058633 0.066767 0.057721 0.065295 0.066619 0.004140
-0.175676 0.225180 0.826881 -0.030024 0.060181 0.067716 0.060431 0.065818 0.067035 0.004260
-0.179260 0.220686 0.830083 -0.027490 0.060536 0.068762 0.063518 0.065981 0.067239 0.004129
-0.182847 0.215977 0.833273 -0.024939 0.059327 0.069323 0.066967 0.066122 0.067480 0.003912
-0.186419 0.211053 0.836534 -0.022385 0.056326 0.069178 0.070410 0.065942 0.067726 0.003989
-0.189957 0.205926 0.839940 -0.019847 0.051493 0.068291 0.073626 0.065263 0.067945 0.003911
-0.193448 0.200618 0.843547 -0.017346 0.044939 0.066746 0.076448 0.064111 0.068161 0.003892
-0.196881 0.195157 0.847392 -0.014908 0.036892 0.064798 0.078819 0.062681 0.068516 0.003935
-0.200253 0.189583 0.851500 -0.012562 0.027655 0.062794 0.080693 0.061165 0.069219 0.003896
-0.203565 0.183938 0.855891 -0.010332 0.017538 0.060902 0.081890 0.059590 0.070322 0.003654
-0.206821 0.178270 0.860579 -0.008244 0.006781 0.059059 0.082050 0.057802 0.071465 0.003652
-0.210025 0.172626 0.865554 -0.006315 -0.004468 0.057118 0.080970 0.055818 0.072089 0.003937
-0.213172 0.167048 0.870765 -0.004559 -0.016109 0.055048 0.078884 0.053939 0.071913 0.003938
-0.216257 0.161573 0.876130 -0.002975 -0.027988 0.052945 0.076293 0.052425 0.071068 0.003919
-0.219268 0.156227 0.881543 -0.001562 -0.039870 0.051041 0.073666 0.051308 0.069851 0.004030
-0.222195 0.151026 0.886898 -0.000310 -0.051485 0.049484 0.071272 0.050508 0.068541 0.003955
-0.225028 0.145980 0.892095 0.000788 -0.062599 0.048305 0.069234 0.049961 0.067288 0.003743
-0.227758 0.141090 0.897049 0.001743 -0.073014 0.047257 0.067531 0.049727 0.066128 0.004039
-0.230379 0.136351 0.901688 0.002562 -0.082513 0.046462 0.066238 0.049727 0.065106 0.004047
-0.232889 0.131758 0.905952 0.003253 -0.090882 0.045832 0.065261 0.049894 0.064160 0.003909
-0.235285 0.127300 0.909795 0.003823 -0.097900 0.045214 0.064523 0.050234 0.063163 0.004010
-0.237571 0.122966 0.913172 0.004277 -0.103306 0.044556 0.063950 0.050715 0.061858 0.003894
-0.239752 0.118747 0.916041 0.004624 -0.106783 0.043752 0.063377 0.051364 0.059760 0.004194
-0.241841 0.114631 0.918348 0.004874 -0.107920 0.043085 0.062734 0.052485 0.056272 0.004126
-0.243854 0.110611 0.920039 0.005046 -0.106214 0.043696 0.061888 0.054718 0.051636 0.004659
-0.245810 0.106676 0.921075 0.005168 -0.101190 0.046929 0.059976 0.057723 0.048668 0.004882
-0.247724 0.102818 0.921472 0.005275 -0.092797 0.051536 0.056696 0.059767 0.051074 0.004637
-0.249598 0.099023 0.921305 0.005392 -0.081720 0.056933 0.054661 0.060611 0.057917 0.005515
-0.251429 0.095276 0.920721 0.005523 -0.069494 0.062623 0.056855 0.059490 0.064747 0.004655
-0.253211 0.091566 0.919908 0.005654 -0.058405 0.066339 0.060839 0.057620 0.068656 0.005333
-0.254946 0.087888 0.919023 0.005763 -0.050326 0.066840 0.064099 0.057534 0.070945 0.004175
-0.256642 0.084238 0.918188 0.005826 -0.045547 0.066285 0.067856 0.060275 0.074444 0.004052
-0.258296 0.080620 0.917578 0.005822 -0.043026 0.067337 0.072203 0.065488 0.080051 0.007916
-0.259894 0.077036 0.917473 0.005730 -0.041124 0.069970 0.075732 0.073498 0.086732 0.004796
-0.261412 0.073491 0.918211 0.005546 -0.037610 0.071598 0.076188 0.080195 0.089962 0.004041
-0.262846 0.069980 0.919967 0.005290 -0.030337 0.071029 0.072781 0.080991 0.087504 0.003867
-0.264229 0.066483 0.922597 0.004993 -0.018835 0.069814 0.066353 0.075832 0.080703 0.003902
-0.265613 0.062971 0.925711 0.004685 -0.004749 0.068083 0.058531 0.068918 0.073271 0.003824
-0.267034 0.059410 0.928875 0.004397 0.009806 0.065887 0.050564 0.063364 0.067773 0.004309
-0.268493 0.055771 0.931730 0.004146 0.023466 0.064143 0.044104 0.059944 0.064788 0.004159
-0.269964 0.052034 0.934053 0.003946 0.035598 0.064451 0.041736 0.059768 0.063551 0.004704
-0.271413 0.048189 0.935769 0.003810 0.046176 0.065719 0.042524 0.063862 0.062335 0.005431
-0.272809 0.044235 0.936918 0.003765 0.056310 0.066490 0.042485 0.070755 0.060116 0.004930
-0.274130 0.040183 0.937566 0.003852 0.068059 0.069559 0.042013 0.075980 0.056587 0.004704
-0.275368 0.036046 0.937802 0.004120 0.082378 0.075444 0.045212 0.079259 0.054871 0.005001
-0.276533 0.031839 0.937791 0.004608 0.098428 0.081338 0.051183 0.081409 0.055749 0.004760
-0.277661 0.027570 0.937773 0.005338 0.114329 0.087483 0.058549 0.082336 0.058765 0.005042
-0.278810 0.023234 0.938040 0.006309 0.127685 0.089971 0.066309 0.083356 0.063357 0.005043
-0.280047 0.018812 0.938876 0.007491 0.137285 0.089997 0.073778 0.083220 0.068817 0.005072
-0.281426 0.014276 0.940536 0.008830 0.142654 0.090000 0.080533 0.082645 0.074163 0.005222
-0.282980 0.009598 0.943277 0.010264 0.143335 0.090000 0.087658 0.082982 0.079270 0.005095
-0.284712 0.004759 0.947357 0.011735 0.139045 0.090000 0.089965 0.082006 0.080637 0.004443
-0.286569 -0.000246 0.952896 0.013217 0.129059 0.090000 0.089998 0.080860 0.079431 0.004508
-0.288451 -0.005395 0.959912 0.014706 0.112594 0.090000 0.090000 0.080573 0.076975 0.004493
-0.290220 -0.010633 0.968403 0.016208 0.089156 0.090000 0.090000 0.078881 0.075024 0.004431
-0.291705 -0.015878 0.978262 0.017700 0.059224 0.072180 0.090000 0.069381 0.075089 0.004489
-0.292743 -0.021048 0.989026 0.019061 0.027721 0.047821 0.090000 0.056151 0.075950 0.004599
-0.293289 -0.026086 1.000182 0.020159 -0.000716 0.032751 0.090000 0.048700 0.075988 0.004734
-0.293401 -0.030956 1.011455 0.020930 -0.024327 0.030692 0.090000 0.045631 0.075406 0.004180
-0.293174 -0.035622 1.022734 0.021362 -0.043538 0.033006 0.085256 0.042648 0.074278 0.004273
-0.292688 -0.040053 1.033898 0.021478 -0.059726 0.035569 0.080979 0.040679 0.073201 0.003906
-0.291992 -0.044230 1.044846 0.021304 -0.074181 0.038420 0.077790 0.040418 0.072455 0.003987
-0.291100 -0.048139 1.055522 0.020865 -0.087820 0.041224 0.075196 0.041374 0.071941 0.003893
-0.289999 -0.051777 1.065899 0.020187 -0.101226 0.043866 0.072981 0.043157 0.071573 0.004226
-0.288661 -0.055147 1.075969 0.019294 -0.114724 0.046671 0.071294 0.045554 0.071391 0.004277
-0.287043 -0.058258 1.085746 0.018207 -0.128525 0.050126 0.070372 0.048438 0.071482 0.004153
-0.285089 -0.061124 1.095277 0.016948 -0.142545 0.050924 0.070012 0.054004 0.072529 0.005893
-0.282739 -0.063765 1.104689 0.015534 -0.155912 0.060297 0.076557 0.060434 0.077037 0.004995
-0.279885 -0.066188 1.114397 0.013978 -0.169167 0.075448 0.083111 0.074509 0.083009 0.004646
-0.276353 -0.068384 1.125053 0.012325 -0.181958 0.077475 0.089927 0.086361 0.089379 0.004623
-0.272030 -0.070342 1.137146 0.010582 -0.190205 0.073611 0.089370 0.089905 0.089979 0.005193
-0.266992 -0.072067 1.150793 0.008754 -0.190449 0.072547 0.088054 0.089994 0.090000 0.005036
-0.261462 -0.073583 1.166024 0.006850 -0.181899 0.073467 0.085176 0.090000 0.090000 0.004654
-0.255733 -0.074932 1.182935 0.004888 -0.165500 0.081354 0.089989 0.090000 0.090000 0.005515
-0.250147 -0.076154 1.201386 0.002865 -0.144270 0.049245 0.055924 0.058167 0.081889 0.004854
-0.245097 -0.077351 1.220164 0.000766 -0.119900 0.066900 0.072205 0.073000 0.050510 0.004938
-0.240767 -0.078550 1.238949 -0.001289 -0.094666 0.061373 0.041956 0.042599 0.040432 0.004403
-0.237204 -0.079692 1.257051 -0.003275 -0.073043 0.048834 0.036500 0.058815 0.057342 0.003928
-0.234340 -0.080807 1.274321 -0.005208 -0.051054 0.054857 0.017345 0.042095 0.048302 0.004034
-0.232107 -0.081978 1.290520 -0.007076 -0.032257 0.059260 0.025783 0.041778 0.052260 0.007571
-0.230313 -0.083269 1.305611 -0.008878 -0.018951 0.058078 0.019640 0.036670 0.043177 0.003798
-0.228743 -0.084717 1.319473 -0.010599 -0.011629 0.060228 0.026151 0.046611 0.045018 0.003773
-0.227222 -0.086343 1.332184 -0.012220 -0.008882 0.060415 0.025174 0.052315 0.042320 0.003757
-0.225634 -0.088161 1.343842 -0.013708 -0.009057 0.067760 0.029513 0.063238 0.045145 0.003910
-0.223905 -0.090180 1.354711 -0.015013 -0.010798 0.071898 0.031751 0.072642 0.044703 0.004273
-0.221995 -0.092415 1.365076 -0.016073 -0.012559 0.082961 0.035720 0.081938 0.046269 0.004087
-0.219875 -0.094880 1.375298 -0.016812 -0.014531 0.086296 0.041379 0.086027 0.040393 0.005920
-0.217513 -0.097574 1.385548 -0.017183 -0.017088 0.089980 0.045058 0.085548 0.035687 0.005180
-0.214881 -0.100473 1.395784 -0.017193 -0.021830 0.077115 0.054138 0.072669 0.018262 0.004648
-0.211967 -0.103518 1.405628 -0.016930 -0.028941 0.073709 0.047568 0.069228 0.030027 0.004795
-0.208781 -0.106646 1.414803 -0.016455 -0.037513 0.053049 0.047701 0.058225 0.014396 0.004893
-0.205378 -0.109814 1.422896 -0.015844 -0.045177 0.055769 0.039321 0.054243 0.030819 0.005241
-0.201813 -0.112998 1.429775 -0.015122 -0.052139 0.040626 0.036383 0.053684 0.022879 0.005028
-0.198139 -0.116191 1.435274 -0.014313 -0.056181 0.044514 0.038973 0.047003 0.024534 0.004901
-0.194404 -0.119392 1.439347 -0.013436 -0.058409 0.036406 0.035899 0.048305 0.022058 0.004740
-0.190641 -0.122605 1.441951 -0.012498 -0.057891 0.040538 0.036369 0.045779 0.026327 0.004704
-0.186863 -0.125839 1.443123 -0.011503 -0.055262 0.038900 0.035726 0.048342 0.027998 0.004253
-0.183067 -0.129103 1.442927 -0.010452 -0.050004 0.042295 0.037969 0.050659 0.034286 0.004165
-0.179234 -0.132408 1.441512 -0.009345 -0.041898 0.045053 0.041902 0.054923 0.039964 0.004060
-0.175334 -0.135759 1.439096 -0.008183 -0.030680 0.052856 0.049037 0.058727 0.046999 0.003876
-0.171337 -0.139160 1.436019 -0.006969 -0.017419 0.063956 0.057309 0.063009 0.055315 0.004292
-0.167237 -0.142616 1.432736 -0.005698 -0.004761 0.075975 0.064686 0.066513 0.063184 0.004191
-0.163077 -0.146141 1.429714 -0.004363 0.003501 0.083765 0.069983 0.068300 0.066915 0.003890
-0.158926 -0.149753 1.427239 -0.002956 0.004362 0.084328 0.073042 0.067682 0.065171 0.003990
-0.154847 -0.153476 1.425298 -0.001483 -0.002735 0.078675 0.072879 0.063952 0.059369 0.003905
-0.150874 -0.157340 1.423603 0.000036 -0.016307 0.069342 0.067876 0.058485 0.051131 0.004173
-0.147030 -0.161379 1.421713 0.001590 -0.033962 0.059614 0.060254 0.053307 0.041735 0.005215
-0.143346 -0.165638 1.419194 0.003179 -0.053545 0.052036 0.053445 0.047986 0.031826 0.004911
-0.139868 -0.170176 1.415722 0.004807 -0.074024 0.049134 0.048755 0.043675 0.022130 0.004885
-0.136660 -0.175071 1.411129 0.006483 -0.095441 0.048159 0.048748 0.041379 0.017161 0.004989
-0.133799 -0.180418 1.405398 0.008205 -0.118039 0.047601 0.050621 0.039421 0.017823 0.004662
-0.131378 -0.186322 1.398605 0.009965 -0.141812 0.047165 0.052492 0.043776 0.018911 0.004852
-0.129492 -0.192889 1.390920 0.011766 -0.165702 0.048719 0.054464 0.050440 0.022198 0.005580
-0.128218 -0.200214 1.382609 0.013626 -0.188217 0.052268 0.054338 0.059060 0.024231 0.004988
-0.127602 -0.208366 1.374011 0.015586 -0.207654 0.059053 0.052791 0.068515 0.027637 0.005509
-0.127644 -0.217369 1.365547 0.017708 -0.222615 0.068446 0.052057 0.077551 0.034035 0.005238
-0.128297 -0.227179 1.357748 0.020063 -0.232359 0.079054 0.053122 0.087149 0.043575 0.005057
-0.129463 -0.237668 1.351218 0.022707 -0.236591 0.084349 0.058336 0.089939 0.058867 0.005526
-0.131028 -0.248616 1.346475 0.025617 -0.235488 0.083550 0.064636 0.089996 0.074505 0.004729
-0.132864 -0.259748 1.343871 0.028712 -0.228707 0.087580 0.061630 0.090000 0.086358 0.004916
-0.134824 -0.270784 1.343557 0.031955 -0.217491 0.089210 0.057660 0.090000 0.089905 0.004962
-0.136781 -0.281512 1.345420 0.035342 -0.202754 0.089528 0.054962 0.090000 0.089994 0.005060
-0.138651 -0.291811 1.349261 0.038876 -0.184873 0.090000 0.062025 0.090000 0.090000 0.007736
-0.140386 -0.301625 1.355009 0.042531 -0.164289 0.090000 0.074119 0.090000 0.090000 0.004334
-0.142002 -0.310910 1.362725 0.046259 -0.141221 0.090000 0.082331 0.090000 0.090000 0.005107
-0.143578 -0.319618 1.372480 0.050013 -0.116674 0.090000 0.088018 0.084255 0.090000 0.004649
-0.145191 -0.327714 1.384216 0.053741 -0.095543 0.090000 0.086012 0.078533 0.090000 0.004780
-0.146786 -0.335215 1.397782 0.057424 -0.083313 0.090000 0.088492 0.078560 0.090000 0.005722
-0.148156 -0.342183 1.413140 0.061048 -0.081728 0.087425 0.089994 0.077653 0.090000 0.004959
-0.149041 -0.348692 1.430081 0.064558 -0.088164 0.061252 0.089999 0.060832 0.090000 0.004700
-0.149328 -0.354805 1.447983 0.067802 -0.094813 0.047812 0.090000 0.053446 0.090000 0.006117
-0.149066 -0.360536 1.466443 0.070753 -0.098569 0.065746 0.056260 0.062309 0.086693 0.005449
-0.148358 -0.365971 1.484979 0.073571 -0.104194 0.043884 0.072469 0.035423 0.053396 0.005201
-0.147201 -0.371202 1.502929 0.076212 -0.111839 0.017910 0.084849 0.034733 0.070211 0.005434
-0.145571 -0.376178 1.520314 0.078536 -0.115330 0.005897 0.067752 0.009621 0.083164 0.005790
-0.143555 -0.380894 1.537089 0.080485 -0.116290 -0.000154 0.081314 0.032783 0.085560 0.005521
-0.141281 -0.385362 1.553404 0.082040 -0.111689 0.000327 0.049213 0.012153 0.089608 0.004968
-0.138974 -0.389657 1.568873 0.083277 -0.105468 0.024059 0.057915 0.007233 0.055633 0.005795
-0.136722 -0.393864 1.583075 0.084320 -0.103278 0.034202 0.030115 -0.000070 0.060801 0.004410
-0.134442 -0.398044 1.595785 0.085238 -0.107464 0.009131 0.051020 0.023680 0.043033 0.005204
-0.132104 -0.402226 1.606870 0.086045 -0.109978 0.003865 0.024301 0.023448 0.047305 0.005364
-0.129766 -0.406407 1.616210 0.086766 -0.109316 0.008072 0.030054 0.012600 0.051433 0.005337
-0.127451 -0.410585 1.623784 0.087393 -0.108147 0.014655 0.020249 0.003177 0.042595 0.005124
-0.125135 -0.414760 1.629499 0.087945 -0.107463 -0.000102 0.031261 0.026766 0.043838 0.004872
-0.122782 -0.418907 1.633414 0.088428 -0.104203 0.018236 0.027532 0.018478 0.039592 0.004663
-0.120357 -0.422999 1.635525 0.088852 -0.100538 0.021173 0.032446 0.017123 0.040551 0.004894
-0.117797 -0.426995 1.635875 0.089214 -0.097698 0.022547 0.036933 0.025415 0.041195 0.004788
-0.115039 -0.430844 1.634571 0.089513 -0.094490 0.027046 0.043639 0.032827 0.045010 0.004873
-0.112022 -0.434487 1.631815 0.089742 -0.089953 0.035017 0.050919 0.038791 0.049983 0.004690
-0.108689 -0.437865 1.627896 0.089896 -0.084301 0.043899 0.058943 0.045580 0.056106 0.004559
-0.104996 -0.440916 1.623190 0.089964 -0.078214 0.053137 0.067258 0.052667 0.062690 0.004144
-0.100921 -0.443586 1.618144 0.089940 -0.072646 0.062004 0.074968 0.059142 0.068831 0.004211
-0.096470 -0.445826 1.613216 0.089819 -0.068802 0.069036 0.080726 0.064345 0.073616 0.004216
-0.091678 -0.447609 1.608791 0.089601 -0.067627 0.072948 0.083750 0.068288 0.076696 0.004409
-0.086586 -0.448926 1.605111 0.089290 -0.069113 0.074166 0.084584 0.070939 0.078509 0.004384
-0.081226 -0.449788 1.602289 0.088888 -0.072437 0.073978 0.084209 0.072413 0.079774 0.005245
-0.075615 -0.450216 1.600366 0.088397 -0.076610 0.073424 0.083756 0.073058 0.081100 0.004619
-0.069756 -0.450231 1.599362 0.087811 -0.080890 0.072886 0.083975 0.073323 0.082929 0.005478
-0.063642 -0.449848 1.599319 0.087121 -0.084764 0.072421 0.084629 0.073654 0.085005 0.004789
-0.057267 -0.449080 1.600304 0.086309 -0.087776 0.072141 0.085679 0.074189 0.086890 0.004632
-0.050628 -0.447936 1.602400 0.085363 -0.089469 0.071932 0.086694 0.074809 0.088314 0.004688
-0.043735 -0.446430 1.605696 0.084270 -0.089381 0.071617 0.087743 0.075378 0.089445 0.004731
-0.036614 -0.444575 1.610274 0.083019 -0.087052 0.070889 0.088373 0.075455 0.089999 0.004895
-0.029317 -0.442392 1.616181 0.081601 -0.082091 0.069268 0.087864 0.074397 0.089903 0.004249
-0.021926 -0.439910 1.623385 0.080009 -0.074335 0.066646 0.085528 0.071421 0.087548 0.003990
-0.014553 -0.437167 1.631721 0.078246 -0.064131 0.063261 0.081180 0.066255 0.082754 0.003791
-0.007312 -0.434209 1.640887 0.076323 -0.052452 0.059959 0.075546 0.059813 0.076279 0.006322
-0.000295 -0.431082 1.650510 0.074263 -0.040658 0.057467 0.070059 0.053895 0.069520 0.005786
0.006455 -0.427828 1.660240 0.072090 -0.029976 0.055826 0.065917 0.050169 0.063890 0.003553
0.012937 -0.424475 1.669814 0.069828 -0.021051 0.054655 0.063520 0.048947 0.059983 0.003509
0.019173 -0.421038 1.679065 0.067494 -0.013856 0.053715 0.062531 0.049417 0.057449 0.004067
0.025194 -0.417522 1.687897 0.065099 -0.007918 0.053015 0.062328 0.050542 0.055470 0.003846
0.031025 -0.413930 1.696256 0.062653 -0.002637 0.052599 0.062340 0.051682 0.053346 0.003784
0.036692 -0.410257 1.704099 0.060166 0.002485 0.052633 0.062223 0.052653 0.050839 0.003814
0.042217 -0.406502 1.711386 0.057651 0.007736 0.053472 0.061943 0.053888 0.048598 0.003767
0.047624 -0.402660 1.718097 0.055122 0.013218 0.055327 0.061660 0.055941 0.047917 0.003925
0.052937 -0.398729 1.724249 0.052596 0.018982 0.057857 0.061489 0.059007 0.049137 0.003859
0.058176 -0.394711 1.729914 0.050090 0.025176 0.060775 0.061493 0.062463 0.051452 0.003811
0.063352 -0.390606 1.735199 0.047621 0.031977 0.063924 0.061814 0.065772 0.054165 0.003905
0.068470 -0.386419 1.740233 0.045205 0.039438 0.067150 0.062470 0.068540 0.056878 0.003917
0.073526 -0.382152 1.745154 0.042855 0.047369 0.070258 0.063392 0.070685 0.059352 0.003971
0.078512 -0.377809 1.750094 0.040580 0.055315 0.073134 0.064365 0.072204 0.061437 0.003914
0.083420 -0.373391 1.755164 0.038390 0.062594 0.075617 0.065122 0.073206 0.063034 0.004043
0.088246 -0.368901 1.760451 0.036291 0.068411 0.077480 0.065395 0.073802 0.064074 0.003994
0.092995 -0.364337 1.766000 0.034291 0.072036 0.078448 0.064913 0.073972 0.064524 0.004014
0.097682 -0.359701 1.771811 0.032394 0.072974 0.078223 0.063456 0.073564 0.064370 0.003932
0.102335 -0.354997 1.777825 0.030605 0.071080 0.076683 0.060970 0.072420 0.063686 0.004080
0.106983 -0.350230 1.783926 0.028924 0.066575 0.073946 0.057622 0.070557 0.062749 0.003893
0.111654 -0.345408 1.789962 0.027345 0.059984 0.070500 0.054011 0.068282 0.061936 0.003966
0.116362 -0.340537 1.795777 0.025859 0.052001 0.067238 0.051065 0.066231 0.061614 0.003887
0.121105 -0.335623 1.801253 0.024453 0.043313 0.065125 0.049542 0.064968 0.061900 0.003900
0.125865 -0.330666 1.806345 0.023119 0.034405 0.064691 0.049557 0.064714 0.062665 0.003940
0.130616 -0.325663 1.811081 0.021850 0.025445 0.065874 0.050697 0.065474 0.063840 0.003640
0.135335 -0.320608 1.815560 0.020647 0.016320 0.068368 0.052385 0.067287 0.065347 0.003644
0.140000 -0.315494 1.819930 0.019515 0.006772 0.071613 0.053893 0.069955 0.066738 0.003869
0.144596 -0.310317 1.824361 0.018471 -0.003415 0.074443 0.054658 0.072699 0.067190 0.003925
0.149118 -0.305081 1.828999 0.017533 -0.014209 0.075626 0.055012 0.074545 0.066470 0.003963
0.153565 -0.299793 1.833922 0.016716 -0.025217 0.075101 0.055459 0.075216 0.065188 0.003912
0.157939 -0.294471 1.839149 0.016026 -0.035811 0.073617 0.056000 0.074985 0.063875 0.003992
0.162244 -0.289135 1.844662 0.015457 -0.045369 0.071764 0.056706 0.074279 0.062736 0.003982
0.166481 -0.283805 1.850428 0.015000 -0.053418 0.070100 0.057523 0.073235 0.061821 0.004018
0.170649 -0.278500 1.856413 0.014644 -0.059749 0.068667 0.058384 0.072031 0.061091 0.003664
0.174744 -0.273238 1.862583 0.014377 -0.064343 0.067362 0.059258 0.070817 0.060483 0.003645
0.178765 -0.268033 1.868906 0.014187 -0.067256 0.066174 0.060118 0.069663 0.059979 0.003644
0.182707 -0.262895 1.875351 0.014061 -0.068563 0.065127 0.060959 0.068600 0.059574 0.003777
0.186566 -0.257833 1.881891 0.013989 -0.068351 0.064266 0.061767 0.067645 0.059277 0.003627
0.190338 -0.252851 1.888498 0.013962 -0.066720 0.063610 0.062540 0.066805 0.059078 0.003877
0.194019 -0.247951 1.895154 0.013971 -0.063794 0.063184 0.063268 0.066094 0.059018 0.003618
0.197602 -0.243131 1.901843 0.014007 -0.059718 0.062940 0.063941 0.065500 0.059053 0.003754
0.201083 -0.238388 1.908554 0.014066 -0.054650 0.062827 0.064538 0.065017 0.059193 0.003706
0.204456 -0.233719 1.915277 0.014141 -0.048746 0.062771 0.065064 0.064599 0.059423 0.003650
0.207716 -0.229116 1.922006 0.014227 -0.042152 0.062681 0.065503 0.064184 0.059663 0.003642
0.210855 -0.224573 1.928730 0.014319 -0.034994 0.062482 0.065846 0.063707 0.059866 0.003726
0.213868 -0.220083 1.935436 0.014412 -0.027384 0.062129 0.066097 0.063096 0.059964 0.003643
0.216745 -0.215636 1.942100 0.014501 -0.019418 0.061574 0.066260 0.062312 0.059881 0.003906
0.219480 -0.211225 1.948688 0.014580 -0.011183 0.060776 0.066339 0.061310 0.059519 0.003563
0.222067 -0.206839 1.955154 0.014644 -0.002756 0.059671 0.066328 0.060031 0.058703 0.004896
0.224502 -0.202468 1.961431 0.014685 0.005803 0.058151 0.066191 0.058398 0.057111 0.003762
0.226785 -0.198099 1.967428 0.014700 0.014450 0.056196 0.065878 0.056352 0.054238 0.003705
0.228923 -0.193718 1.973021 0.014684 0.023143 0.054274 0.065486 0.054210 0.049911 0.003939
0.230933 -0.189311 1.978076 0.014641 0.031797 0.053660 0.065460 0.053107 0.046132 0.003923
0.232841 -0.184864 1.982504 0.014575 0.040274 0.054659 0.065861 0.053795 0.046041 0.003955
0.234678 -0.180366 1.986297 0.014490 0.048522 0.056024 0.066313 0.055999 0.048762 0.003877
0.236470 -0.175816 1.989511 0.014388 0.056789 0.057495 0.066990 0.058781 0.052351 0.003902
0.238236 -0.171215 1.992236 0.014271 0.065487 0.059278 0.068040 0.061330 0.056291 0.003891
0.239987 -0.166572 1.994590 0.014136 0.074904 0.061318 0.069476 0.063374 0.060344 0.003917
0.241723 -0.161893 1.996700 0.013979 0.085063 0.063634 0.071211 0.064819 0.064276 0.004154
0.243434 -0.157184 1.998706 0.013790 0.095646 0.066394 0.073088 0.065843 0.068054 0.003922
0.245104 -0.152443 2.000754 0.013561 0.105917 0.069743 0.074886 0.066151 0.071763 0.003948
0.246713 -0.147667 2.002994 0.013283 0.114649 0.073197 0.076684 0.066638 0.075599 0.004046
0.248239 -0.142840 2.005590 0.012947 0.120569 0.075980 0.078340 0.068310 0.079076 0.003964
0.249668 -0.137946 2.008709 0.012548 0.122936 0.077953 0.079206 0.070230 0.081432 0.003944
0.251003 -0.132961 2.012474 0.012090 0.121467 0.078911 0.078567 0.071538 0.082209 0.003952
0.252276 -0.127868 2.016928 0.011582 0.116140 0.078421 0.075853 0.071718 0.081206 0.003927
0.253544 -0.122659 2.021992 0.011041 0.107190 0.076155 0.070841 0.070561 0.078676 0.004084
0.254875 -0.117337 2.027472 0.010487 0.095168 0.072123 0.063897 0.068162 0.075351 0.003949
0.256325 -0.111921 2.033092 0.009935 0.080928 0.067120 0.056297 0.065028 0.072572 0.003896
0.257918 -0.106436 2.038583 0.009392 0.065464 0.062673 0.050276 0.062537 0.071412 0.003860
0.259635 -0.100907 2.043774 0.008857 0.049722 0.060945 0.047953 0.062047 0.071894 0.003922
0.261428 -0.095359 2.048652 0.008326 0.034301 0.062717 0.048835 0.063550 0.072837 0.004097
0.263242 -0.089809 2.053331 0.007807 0.019239 0.066406 0.050593 0.066119 0.072769 0.003922
0.265033 -0.084275 2.057966 0.007320 0.004234 0.068887 0.051608 0.068108 0.070490 0.004053
0.266778 -0.078779 2.062644 0.006888 -0.010825 0.068681 0.052136 0.068483 0.066908 0.004001
0.268469 -0.073340 2.067354 0.006524 -0.025647 0.066779 0.052466 0.067712 0.063534 0.003898
0.270108 -0.067977 2.072032 0.006232 -0.039730 0.064242 0.052655 0.066455 0.060877 0.003901
0.271703 -0.062703 2.076593 0.006005 -0.052578 0.061684 0.052861 0.065020 0.058921 0.003913
0.273258 -0.057523 2.080957 0.005835 -0.063787 0.059167 0.053094 0.063698 0.057613 0.003928
0.274777 -0.052438 2.085057 0.005709 -0.073027 0.057122 0.053343 0.062318 0.056982 0.003932
0.276263 -0.047443 2.088838 0.005618 -0.080158 0.055300 0.053506 0.060760 0.056894 0.004053
0.277714 -0.042530 2.092255 0.005546 -0.085193 0.053501 0.053556 0.058971 0.057331 0.004006
0.279126 -0.037689 2.095268 0.005480 -0.088248 0.051755 0.053604 0.056903 0.058262 0.004200
0.280493 -0.032908 2.097846 0.005401 -0.089463 0.049553 0.054119 0.055267 0.059424 0.003895
0.281807 -0.028171 2.099977 0.005292 -0.088706 0.047365 0.056078 0.054963 0.060696 0.003875
0.283061 -0.023464 2.101690 0.005133 -0.085594 0.047659 0.059668 0.055324 0.061764 0.003875
0.284250 -0.018772 2.103069 0.004909 -0.080081 0.050014 0.063916 0.056224 0.061930 0.003919
0.285373 -0.014085 2.104228 0.004614 -0.072495 0.053843 0.067863 0.058271 0.061526 0.004024
0.286429 -0.009396 2.105304 0.004254 -0.063302 0.058891 0.071101 0.061490 0.061093 0.003911
0.287424 -0.004707 2.106459 0.003847 -0.053017 0.064661 0.074027 0.065935 0.061295 0.003897
0.288359 -0.000023 2.107898 0.003417 -0.042047 0.070516 0.077648 0.071335 0.062917 0.003949
0.289237 0.004644 2.109876 0.002987 -0.030541 0.074831 0.081652 0.076053 0.065596 0.003869
0.290047 0.009284 2.112615 0.002568 -0.018297 0.074729 0.082543 0.077151 0.066398 0.003932
0.290762 0.013893 2.116129 0.002159 -0.004860 0.071440 0.079879 0.074723 0.064876 0.003971
0.291343 0.018477 2.120212 0.001753 0.009955 0.067326 0.075983 0.069424 0.061605 0.003890
0.291756 0.023052 2.124536 0.001338 0.025594 0.062242 0.072187 0.062116 0.055995 0.008931
0.291994 0.027640 2.128707 0.000903 0.041171 0.055915 0.069255 0.053783 0.047354 0.003945
0.292084 0.032264 2.132315 0.000436 0.055995 0.050161 0.067242 0.046777 0.037455 0.003767
0.292087 0.036942 2.135053 -0.000068 0.069573 0.052303 0.066816 0.046094 0.037692 0.003782
0.292070 0.041681 2.136873 -0.000607 0.081308 0.055955 0.067645 0.051543 0.046132 0.004129
0.292081 0.046466 2.137926 -0.001177 0.092063 0.053158 0.070625 0.061319 0.051669 0.004187
0.292146 0.051278 2.138377 -0.001783 0.105084 0.051445 0.071870 0.064164 0.054221 0.005234
0.292289 0.056088 2.138297 -0.002433 0.122112 0.052410 0.071751 0.064188 0.057383 0.004818
0.292526 0.060863 2.137736 -0.003135 0.142965 0.057228 0.071648 0.064298 0.062930 0.005585
0.292843 0.065568 2.136846 -0.003895 0.166207 0.065247 0.073207 0.065714 0.070911 0.004680
0.293164 0.070182 2.135927 -0.004718 0.189413 0.075106 0.077007 0.067305 0.079627 0.004721
0.293344 0.074720 2.135403 -0.005615 0.209247 0.082614 0.081878 0.069345 0.087525 0.005139
0.293210 0.079227 2.135707 -0.006602 0.222812 0.087574 0.086589 0.072693 0.089958 0.004989
0.292633 0.083776 2.137172 -0.007674 0.228649 0.089979 0.088579 0.077388 0.089997 0.004778
0.291579 0.088439 2.140016 -0.008808 0.227058 0.089997 0.088187 0.080754 0.090000 0.004470
0.290111 0.093280 2.144351 -0.009983 0.219109 0.090000 0.086576 0.082185 0.090000 0.004472
0.288362 0.098340 2.150223 -0.011179 0.205198 0.090000 0.083387 0.081953 0.090000 0.004930
0.286516 0.103627 2.157620 -0.012375 0.184986 0.090000 0.078100 0.081986 0.090000 0.004693
0.284775 0.109108 2.166487 -0.013541 0.158394 0.089813 0.068502 0.083376 0.090000 0.004032
0.283329 0.114708 2.176655 -0.014635 0.126993 0.081310 0.055874 0.081303 0.086076 0.003926
0.282302 0.120332 2.187676 -0.015632 0.094957 0.072624 0.042349 0.078002 0.076818 0.004009
0.281690 0.125888 2.199017 -0.016511 0.065850 0.067212 0.034760 0.075033 0.069536 0.004002
0.281389 0.131306 2.210315 -0.017258 0.041118 0.064850 0.033368 0.071480 0.063644 0.003998
0.281276 0.136531 2.221360 -0.017871 0.020233 0.064248 0.034051 0.068318 0.058929 0.004220
0.281252 0.141520 2.232030 -0.018349 0.001955 0.064087 0.035472 0.066451 0.055111 0.003941
0.281257 0.146234 2.242262 -0.018692 -0.014603 0.063743 0.037577 0.065659 0.052080 0.003902
0.281261 0.150650 2.252021 -0.018898 -0.029691 0.062895 0.040041 0.065852 0.049744 0.003922
0.281255 0.154753 2.261298 -0.018969 -0.042983 0.062464 0.042959 0.066790 0.048440 0.003871
0.281234 0.158543 2.270114 -0.018906 -0.054034 0.063213 0.046407 0.068119 0.048283 0.003894
0.281205 0.162028 2.278534 -0.018708 -0.062667 0.064939 0.050265 0.069858 0.049117 0.004012
0.281177 0.165222 2.286663 -0.018376 -0.068933 0.067497 0.054500 0.072099 0.051025 0.003910
0.281168 0.168141 2.294656 -0.017909 -0.073014 0.070714 0.059094 0.074741 0.054012 0.004157
0.281198 0.170800 2.302712 -0.017308 -0.075177 0.074244 0.063976 0.077650 0.058064 0.004251
0.281291 0.173212 2.311074 -0.016577 -0.075695 0.077441 0.068959 0.080426 0.062930 0.004165
0.281463 0.175390 2.319999 -0.015726 -0.074704 0.079244 0.073643 0.082616 0.067925 0.004167
0.281721 0.177347 2.329720 -0.014780 -0.071951 0.078804 0.077511 0.083663 0.072035 0.004119
0.282036 0.179098 2.340379 -0.013770 -0.066687 0.075926 0.079916 0.083043 0.074191 0.003917
0.282338 0.180672 2.351985 -0.012736 -0.057821 0.071190 0.080533 0.081287 0.073572 0.004039
0.282500 0.182111 2.364411 -0.011709 -0.044532 0.067962 0.079104 0.075990 0.071573 0.003903
0.282377 0.183470 2.377393 -0.010713 -0.027900 0.063758 0.074500 0.066500 0.066249 0.004012
0.281864 0.184807 2.390510 -0.009763 -0.010231 0.059376 0.068071 0.056047 0.059869 0.003890
0.280938 0.186171 2.403312 -0.008863 0.006256 0.055530 0.061952 0.047059 0.054073 0.003717
0.279649 0.187596 2.415440 -0.008009 0.020117 0.052741 0.058138 0.042173 0.050919 0.003733
0.278079 0.189103 2.426693 -0.007202 0.030910 0.050543 0.056935 0.040816 0.050177 0.003761
0.276308 0.190705 2.436998 -0.006445 0.038959 0.048828 0.057994 0.041730 0.051242 0.003675
0.274396 0.192411 2.446371 -0.005749 0.045006 0.047696 0.060566 0.043654 0.053335 0.004007
0.272382 0.194233 2.454890 -0.005128 0.049908 0.047347 0.064259 0.046041 0.056025 0.003886
0.270285 0.196186 2.462672 -0.004602 0.054462 0.047890 0.068880 0.048661 0.059319 0.005570
0.268113 0.198293 2.469882 -0.004193 0.059319 0.049416 0.074437 0.051593 0.063604 0.004775
0.265865 0.200581 2.476743 -0.003931 0.064987 0.051748 0.080852 0.054933 0.069400 0.004039
0.263534 0.203089 2.483540 -0.003853 0.071880 0.054213 0.087153 0.057906 0.076715 0.004268
0.261108 0.205865 2.490579 -0.004008 0.080130 0.056110 0.089968 0.057840 0.083847 0.005121
0.258584 0.208954 2.498077 -0.004441 0.088855 0.057949 0.089996 0.053340 0.089836 0.004238
0.255975 0.212379 2.506118 -0.005188 0.095733 0.060787 0.087108 0.049242 0.089983 0.004192
0.253328 0.216124 2.514678 -0.006238 0.098276 0.063318 0.082621 0.051078 0.090000 0.004323
0.250703 0.220141 2.523756 -0.007557 0.095722 0.063823 0.079283 0.055479 0.090000 0.004504
0.248146 0.224360 2.533373 -0.009111 0.089089 0.063010 0.075812 0.058237 0.090000 0.004256
0.245680 0.228696 2.543459 -0.010861 0.079834 0.060649 0.068700 0.058230 0.079647 0.004616
0.243329 0.233078 2.553669 -0.012734 0.069229 0.056297 0.057831 0.056568 0.066320 0.004390
0.241111 0.237460 2.563531 -0.014653 0.058579 0.050639 0.046006 0.054170 0.055481 0.004181
0.239015 0.241817 2.572625 -0.016565 0.049183 0.045583 0.036126 0.051744 0.049252 0.004221
0.236994 0.246132 2.580664 -0.018445 0.041956 0.042668 0.029955 0.049890 0.047090 0.003888
0.234989 0.250390 2.587506 -0.020287 0.037250 0.042383 0.027732 0.049213 0.047008 0.003901
0.232939 0.254577 2.593111 -0.022088 0.034990 0.044440 0.028259 0.050065 0.047426 0.003908
0.230797 0.258680 2.597516 -0.023841 0.034864 0.048534 0.030459 0.052467 0.047844 0.003875
0.228530 0.262686 2.600820 -0.025532 0.036366 0.054338 0.033776 0.056084 0.048255 0.003993
0.226115 0.266585 2.603178 -0.027136 0.038735 0.061042 0.037668 0.060441 0.048731 0.003971
0.223539 0.270365 2.604794 -0.028625 0.040993 0.067799 0.041592 0.064979 0.049387 0.003888
0.220789 0.274013 2.605898 -0.029964 0.042081 0.073387 0.044846 0.068969 0.050189 0.003887
0.217857 0.277514 2.606708 -0.031124 0.041164 0.076743 0.047166 0.071853 0.050897 0.003891
0.214740 0.280851 2.607386 -0.032085 0.037950 0.077669 0.048778 0.073370 0.051370 0.003902
0.211441 0.284010 2.608018 -0.032843 0.032732 0.076731 0.050077 0.073690 0.051681 0.003877
0.207978 0.286978 2.608630 -0.033405 0.026160 0.074862 0.051423 0.073247 0.052036 0.003962
0.204369 0.289749 2.609208 -0.033787 0.018942 0.072895 0.052942 0.072429 0.052620 0.003980
0.200638 0.292321 2.609733 -0.034009 0.011633 0.071116 0.054591 0.071534 0.053419 0.003956
0.196809 0.294695 2.610187 -0.034091 0.004625 0.069677 0.056328 0.070745 0.054476 0.003941
0.192905 0.296874 2.610564 -0.034055 -0.001809 0.068453 0.058074 0.070134 0.055686 0.003889
0.188948 0.298866 2.610867 -0.033918 -0.007430 0.067480 0.059850 0.069792 0.057032 0.003882
0.184956 0.300676 2.611111 -0.033697 -0.012016 0.066768 0.061610 0.069564 0.058417 0.004194
0.180949 0.302311 2.611314 -0.033410 -0.015389 0.066210 0.063294 0.069404 0.059710 0.004102
0.176939 0.303781 2.611498 -0.033070 -0.017420 0.065788 0.064826 0.069187 0.060759 0.004250
0.172938 0.305092 2.611681 -0.032691 -0.018063 0.065699 0.066230 0.068919 0.061656 0.004379
0.168953 0.306254 2.611882 -0.032284 -0.017415 0.065991 0.067506 0.068652 0.062458 0.004148
0.164989 0.307275 2.612127 -0.031856 -0.015707 0.066711 0.068767 0.068644 0.063429 0.003911
0.161045 0.308163 2.612458 -0.031415 -0.013230 0.067615 0.069927 0.068851 0.064525 0.004000
0.157119 0.308927 2.612923 -0.030966 -0.010230 0.068180 0.070830 0.069297 0.065672 0.003726
0.153206 0.309572 2.613570 -0.030513 -0.006738 0.068140 0.071335 0.069791 0.066672 0.003728
0.149299 0.310108 2.614427 -0.030061 -0.002533 0.067565 0.071441 0.070138 0.067371 0.003625
0.145384 0.310542 2.615496 -0.029614 0.002728 0.066852 0.071204 0.069953 0.067642 0.003653
0.141447 0.310885 2.616752 -0.029177 0.009227 0.066237 0.070643 0.069009 0.067464 0.003619
0.137467 0.311146 2.618145 -0.028751 0.016826 0.065745 0.069852 0.067533 0.067008 0.003646
0.133423 0.311335 2.619615 -0.028342 0.025133 0.065374 0.069027 0.065980 0.066554 0.003704
0.129298 0.311459 2.621102 -0.027950 0.033692 0.065114 0.068385 0.064782 0.066345 0.003644
0.125071 0.311528 2.622568 -0.027579 0.042131 0.065006 0.068064 0.064070 0.066466 0.003641
0.120726 0.311544 2.623995 -0.027231 0.050211 0.065085 0.068146 0.063819 0.066927 0.003926
0.116247 0.311513 2.625393 -0.026910 0.057795 0.065377 0.068695 0.063942 0.067688 0.003761
0.111616 0.311437 2.626793 -0.026619 0.064811 0.065891 0.069809 0.064387 0.068740 0.006171
0.106815 0.311318 2.628254 -0.026364 0.071225 0.066632 0.071590 0.065116 0.070080 0.003867
0.101823 0.311157 2.629861 -0.026153 0.077028 0.067591 0.074114 0.066124 0.071727 0.003789
0.096619 0.310959 2.631728 -0.025998 0.082216 0.068812 0.077251 0.067245 0.073649 0.003844
0.091177 0.310733 2.633997 -0.025912 0.086716 0.070415 0.080626 0.068348 0.075819 0.004113
0.085471 0.310493 2.636833 -0.025911 0.090277 0.072525 0.083628 0.069371 0.078166 0.004125
0.079482 0.310262 2.640413 -0.026007 0.092390 0.075161 0.085693 0.070422 0.080530 0.004070
0.073201 0.310069 2.644920 -0.026204 0.092322 0.077894 0.086407 0.071615 0.082458 0.004030
0.066649 0.309941 2.650512 -0.026499 0.089318 0.079933 0.085367 0.072687 0.083183 0.003768
0.059880 0.309904 2.657278 -0.026873 0.082872 0.080407 0.082194 0.073117 0.082091 0.003905
0.052991 0.309967 2.665187 -0.027299 0.073007 0.078284 0.076819 0.072772 0.078729 0.003627
0.046102 0.310131 2.674057 -0.027746 0.060561 0.073762 0.069743 0.071165 0.073614 0.003862
0.039324 0.310379 2.683575 -0.028187 0.046895 0.068152 0.062414 0.068736 0.068278 0.004141
0.032726 0.310687 2.693389 -0.028602 0.033388 0.063029 0.056334 0.066150 0.063938 0.003660
0.026335 0.311023 2.703193 -0.028983 0.021033 0.059499 0.052285 0.063769 0.060951 0.003745
0.020139 0.311350 2.712759 -0.029328 0.010249 0.057676 0.050178 0.061812 0.059055 0.003634
0.014116 0.311631 2.721943 -0.029635 0.000984 0.057086 0.049479 0.060384 0.057887 0.003689
0.008240 0.311833 2.730661 -0.029908 -0.007056 0.057172 0.049697 0.059518 0.057135 0.003736
0.002494 0.311923 2.738871 -0.030145 -0.014206 0.057551 0.050482 0.059130 0.056633 0.003657
-0.003134 0.311879 2.746562 -0.030349 -0.020739 0.057995 0.051592 0.059113 0.056323 0.003650
-0.008649 0.311683 2.753739 -0.030520 -0.026823 0.058423 0.052881 0.059352 0.056175 0.003639
-0.014052 0.311325 2.760417 -0.030659 -0.032527 0.058809 0.054242 0.059780 0.056202 0.003640
-0.019340 0.310801 2.766620 -0.030769 -0.037837 0.059183 0.055628 0.060350 0.056399 0.003762
-0.024511 0.310111 2.772379 -0.030851 -0.042685 0.059605 0.057009 0.061018 0.056764 0.003720
-0.029561 0.309260 2.777726 -0.030907 -0.046979 0.060082 0.058349 0.061780 0.057304 0.003650
-0.034487 0.308257 2.782703 -0.030939 -0.050613 0.060666 0.059657 0.062600 0.057985 0.003749
-0.039287 0.307111 2.787354 -0.030949 -0.053494 0.061337 0.060893 0.063461 0.058786 0.003857
-0.043960 0.305832 2.791726 -0.030939 -0.055544 0.062088 0.062053 0.064335 0.059660 0.004163
-0.048506 0.304431 2.795870 -0.030910 -0.056707 0.062877 0.063093 0.065188 0.060567 0.003652
-0.052928 0.302918 2.799837 -0.030863 -0.056946 0.063646 0.064002 0.066015 0.061430 0.003652
-0.057229 0.301302 2.803676 -0.030799 -0.056229 0.064376 0.064743 0.066766 0.062261 0.003674
-0.061416 0.299592 2.807430 -0.030718 -0.054541 0.065040 0.065323 0.067407 0.062976 0.003655
-0.065499 0.297797 2.811138 -0.030619 -0.051881 0.065598 0.065701 0.067898 0.063569 0.003641
-0.069488 0.295925 2.814828 -0.030503 -0.048271 0.066039 0.065885 0.068204 0.064004 0.003642
-0.073399 0.293982 2.818519 -0.030367 -0.043764 0.066341 0.065863 0.068309 0.064280 0.003647
-0.077249 0.291975 2.822220 -0.030213 -0.038438 0.066515 0.065662 0.068223 0.064392 0.003798
-0.081057 0.289910 2.825926 -0.030039 -0.032402 0.066588 0.065305 0.067971 0.064369 0.003680
-0.084843 0.287791 2.829627 -0.029844 -0.025790 0.066583 0.064832 0.067611 0.064256 0.003660
-0.088625 0.285622 2.833304 -0.029627 -0.018749 0.066539 0.064275 0.067189 0.064107 0.003614
-0.092424 0.283407 2.836937 -0.029388 -0.011436 0.066483 0.063661 0.066755 0.063949 0.003652
-0.096254 0.281146 2.840503 -0.029125 -0.004009 0.066428 0.062999 0.066346 0.063814 0.003705
-0.100133 0.278839 2.843980 -0.028837 0.003386 0.066385 0.062283 0.065963 0.063688 0.003632
-0.104073 0.276484 2.847345 -0.028522 0.010605 0.066347 0.061477 0.065575 0.063575 0.003706
-0.108086 0.274078 2.850576 -0.028180 0.017502 0.066276 0.060524 0.065149 0.063436 0.003641
-0.112178 0.271614 2.853644 -0.027806 0.023930 0.066099 0.059336 0.064617 0.063243 0.003645
-0.116353 0.269084 2.856513 -0.027400 0.029737 0.065743 0.057760 0.063832 0.062932 0.004019
-0.120613 0.266477 2.859134 -0.026958 0.034754 0.065043 0.055689 0.062701 0.062536 0.003872
-0.124951 0.263781 2.861437 -0.026479 0.038816 0.063881 0.053171 0.061144 0.062166 0.004018
-0.129355 0.260981 2.863339 -0.025965 0.041787 0.062480 0.050988 0.059497 0.062151 0.007533
-0.133809 0.258058 2.864765 -0.025419 0.043499 0.062369 0.050411 0.057944 0.062152 0.003927
-0.138294 0.254997 2.865689 -0.024846 0.043486 0.064043 0.052638 0.058256 0.061955 0.003823
-0.142792 0.251781 2.866168 -0.024243 0.041429 0.065133 0.056403 0.061504 0.062090 0.003878
-0.147291 0.248405 2.866319 -0.023609 0.037927 0.065544 0.059524 0.064574 0.062222 0.004038
-0.151778 0.244864 2.866247 -0.022941 0.033849 0.066214 0.061998 0.066217 0.062284 0.004077
-0.156244 0.241163 2.866033 -0.022240 0.029615 0.066976 0.064191 0.067032 0.062490 0.003953
-0.160681 0.237306 2.865747 -0.021510 0.025278 0.067706 0.066370 0.067557 0.062988 0.003972
-0.165083 0.233300 2.865461 -0.020754 0.020771 0.068364 0.068690 0.068046 0.063848 0.004087
-0.169446 0.229155 2.865257 -0.019984 0.016022 0.069030 0.071248 0.068539 0.065072 0.004091
-0.173766 0.224879 2.865236 -0.019209 0.010957 0.069817 0.074203 0.069080 0.066739 0.003640
-0.178041 0.220481 2.865520 -0.018445 0.005475 0.070805 0.077620 0.069657 0.068859 0.004004
-0.182269 0.215976 2.866258 -0.017712 -0.000596 0.071879 0.081257 0.070123 0.071299 0.003895
-0.186445 0.211381 2.867611 -0.017030 -0.007494 0.072553 0.084142 0.070133 0.073538 0.003993
-0.190558 0.206719 2.869712 -0.016422 -0.015459 0.072143 0.084951 0.069429 0.074817 0.003671
-0.194593 0.202024 2.872605 -0.015902 -0.024543 0.070326 0.083239 0.068178 0.074695 0.003717
-0.198528 0.197333 2.876226 -0.015473 -0.034451 0.067473 0.079873 0.066826 0.073400 0.003685
-0.202341 0.192681 2.880433 -0.015132 -0.044570 0.064541 0.076107 0.065632 0.071625 0.003653
-0.206014 0.188093 2.885060 -0.014869 -0.054241 0.062290 0.072797 0.064634 0.069939 0.003703
-0.209535 0.183589 2.889961 -0.014675 -0.063004 0.060927 0.070240 0.063834 0.068601 0.003704
-0.212897 0.179176 2.895022 -0.014540 -0.070652 0.060265 0.068387 0.063279 0.067635 0.003622
-0.216097 0.174860 2.900163 -0.014457 -0.077147 0.060055 0.067097 0.063021 0.066989 0.003643
-0.219131 0.170639 2.905332 -0.014420 -0.082508 0.060162 0.066250 0.063069 0.066619 0.003868
-0.221998 0.166510 2.910499 -0.014422 -0.086760 0.060515 0.065764 0.063415 0.066502 0.004064
-0.224696 0.162469 2.915656 -0.014459 -0.089904 0.061126 0.065596 0.064036 0.066639 0.004073
-0.227225 0.158509 2.920811 -0.014524 -0.091927 0.061960 0.065696 0.064924 0.067023 0.003985
-0.229584 0.154624 2.925990 -0.014614 -0.092799 0.063067 0.066045 0.066041 0.067664 0.003952
-0.231777 0.150807 2.931239 -0.014724 -0.092494 0.064374 0.066581 0.067377 0.068508 0.004077
-0.233804 0.147050 2.936615 -0.014847 -0.090985 0.065904 0.067254 0.068795 0.069508 0.003902
-0.235674 0.143347 2.942189 -0.014979 -0.088289 0.067452 0.067903 0.070143 0.070455 0.003691
-0.237395 0.139689 2.948029 -0.015115 -0.084444 0.068702 0.068360 0.071372 0.071130 0.003618
-0.238984 0.136070 2.954191 -0.015247 -0.079449 0.069576 0.068500 0.072210 0.071355 0.003638
-0.240465 0.132483 2.960703 -0.015371 -0.073307 0.069904 0.068152 0.072441 0.070961 0.003714
-0.241869 0.128920 2.967554 -0.015480 -0.066057 0.069668 0.067308 0.072006 0.069901 0.003703
-0.243234 0.125375 2.974695 -0.015569 -0.057797 0.069033 0.066059 0.070973 0.068324 0.003659
-0.244599 0.121844 2.982043 -0.015633 -0.048708 0.068214 0.064594 0.069599 0.066485 0.003711
-0.246004 0.118322 2.989502 -0.015668 -0.039027 0.067378 0.063065 0.068217 0.064692 0.003626
-0.247480 0.114806 2.996975 -0.015669 -0.028981 0.066638 0.061548 0.067073 0.063116 0.003698
