0.300000 0.000000 0.040000 0.000000 0.000000 0.065500 0.065500 0.065500 0.065500 0.004062
0.300000 0.000000 0.040002 0.000000 0.000000 0.065581 0.065581 0.065581 0.065581 0.004611
0.300000 0.000000 0.040021 0.000033 0.000425 0.074250 0.054544 0.079669 0.054627 0.005456
0.299998 0.000000 0.040220 0.000240 0.002896 0.086169 0.051555 0.089765 0.068673 0.005546
0.299984 -0.000001 0.040989 0.000687 0.007258 0.080767 0.056724 0.082940 0.060258 0.010246
0.299940 -0.000007 0.042255 0.001348 0.012434 0.084986 0.061472 0.082914 0.066905 0.024245
0.299847 -0.000022 0.044081 0.002191 0.016749 0.078318 0.064462 0.075072 0.060090 0.016729
0.299697 -0.000047 0.046314 0.003166 0.019733 0.079016 0.068630 0.077965 0.067583 0.013751
0.299481 -0.000082 0.049061 0.004233 0.022026 0.074733 0.073247 0.073900 0.066937 0.005325
0.299194 -0.000121 0.052343 0.005348 0.024116 0.076054 0.076142 0.078106 0.070821 0.005274
0.298819 -0.000155 0.056303 0.006491 0.026897 0.074645 0.079434 0.076170 0.071629 0.004263
0.298338 -0.000166 0.061016 0.007635 0.030438 0.075782 0.081903 0.077449 0.074662 0.004252
0.297721 -0.000132 0.066580 0.008760 0.034707 0.074682 0.083328 0.075590 0.075016 0.004066
0.296942 -0.000022 0.073005 0.009845 0.039415 0.074751 0.083542 0.074672 0.075993 0.003892
0.295977 0.000205 0.080269 0.010881 0.044139 0.073696 0.082221 0.072605 0.075230 0.003763
0.294812 0.000590 0.088283 0.011863 0.048438 0.073056 0.079947 0.070873 0.074340 0.003661
0.293451 0.001174 0.096927 0.012796 0.051892 0.072032 0.076873 0.069195 0.072772 0.003771
0.291912 0.001993 0.106063 0.013691 0.054233 0.071116 0.073512 0.067907 0.071084 0.003763
0.290226 0.003075 0.115552 0.014562 0.055334 0.070136 0.070020 0.066939 0.069239 0.004107
0.288431 0.004433 0.125261 0.015423 0.055209 0.069211 0.066544 0.066216 0.067389 0.003917
0.286569 0.006074 0.135068 0.016291 0.053952 0.068294 0.063112 0.065650 0.065566 0.004005
0.284677 0.007989 0.144859 0.017181 0.051714 0.067390 0.059787 0.065171 0.063829 0.003899
0.282788 0.010164 0.154531 0.018108 0.048667 0.066480 0.056660 0.064704 0.062236 0.003965
0.280928 0.012574 0.163991 0.019084 0.044996 0.065560 0.053881 0.064264 0.060833 0.003968
0.279113 0.015191 0.173157 0.020118 0.040888 0.064680 0.051604 0.063839 0.059653 0.003915
0.277351 0.017982 0.181965 0.021217 0.036515 0.063908 0.049957 0.063464 0.058693 0.005076
0.275642 0.020916 0.190366 0.022385 0.032024 0.063317 0.048990 0.063166 0.057919 0.003920
0.273981 0.023961 0.198327 0.023625 0.027514 0.062933 0.048655 0.062957 0.057308 0.003906
0.272361 0.027090 0.205831 0.024938 0.023040 0.062704 0.048833 0.062828 0.056873 0.004066
0.270774 0.030282 0.212874 0.026323 0.018626 0.062585 0.049434 0.062760 0.056597 0.003919
0.269212 0.033519 0.219464 0.027779 0.014279 0.062489 0.050345 0.062752 0.056497 0.003916
0.267669 0.036787 0.225614 0.029302 0.010016 0.062378 0.051490 0.062781 0.056617 0.004085
0.266140 0.040078 0.231344 0.030888 0.005874 0.062245 0.052824 0.062819 0.056982 0.003927
0.264622 0.043387 0.236681 0.032532 0.001907 0.062068 0.054307 0.062882 0.057599 0.004181
0.263114 0.046713 0.241654 0.034224 -0.001810 0.061890 0.055935 0.062977 0.058477 0.004299
0.261614 0.050056 0.246301 0.035956 -0.005182 0.061741 0.057697 0.063112 0.059621 0.004245
0.260120 0.053420 0.250667 0.037717 -0.008116 0.061667 0.059599 0.063280 0.061059 0.004179
0.258633 0.056809 0.254804 0.039495 -0.010524 0.061664 0.061639 0.063487 0.062725 0.004143
0.257151 0.060229 0.258775 0.041275 -0.012334 0.061741 0.063796 0.063731 0.064589 0.004177
0.255672 0.063686 0.262648 0.043043 -0.013483 0.061866 0.066027 0.063979 0.066597 0.004216
0.254193 0.067187 0.266500 0.044783 -0.013923 0.061974 0.068267 0.064208 0.068662 0.004363
0.252711 0.070737 0.270408 0.046476 -0.013607 0.062012 0.070427 0.064349 0.070688 0.003917
0.251218 0.074342 0.274449 0.048106 -0.012492 0.061899 0.072380 0.064341 0.072540 0.003992
0.249705 0.078006 0.278687 0.049655 -0.010537 0.061581 0.074016 0.064111 0.074122 0.003996
0.248160 0.081732 0.283171 0.051104 -0.007712 0.061063 0.075255 0.063595 0.075342 0.003916
0.246564 0.085522 0.287930 0.052439 -0.004025 0.060403 0.076063 0.062774 0.076180 0.004077
0.244898 0.089373 0.292970 0.053645 0.000459 0.059682 0.076492 0.061729 0.076635 0.003916
0.243139 0.093284 0.298281 0.054712 0.005617 0.059019 0.076627 0.060617 0.076784 0.003933
0.241265 0.097249 0.303840 0.055631 0.011286 0.058518 0.076600 0.059629 0.076760 0.003898
0.239253 0.101264 0.309623 0.056397 0.017303 0.058258 0.076519 0.058986 0.076673 0.003929
0.237083 0.105322 0.315614 0.057007 0.023544 0.058322 0.076429 0.058849 0.076605 0.004101
0.234733 0.109418 0.321808 0.057462 0.029951 0.058783 0.076319 0.059326 0.076590 0.003902
0.232182 0.113547 0.328215 0.057767 0.036528 0.059749 0.076225 0.060276 0.076680 0.004174
0.229408 0.117701 0.334864 0.057926 0.043211 0.061556 0.076522 0.060906 0.076957 0.008926
0.226388 0.121875 0.341804 0.057949 0.049641 0.063813 0.077058 0.062077 0.077500 0.004012
0.223105 0.126061 0.349116 0.057843 0.055424 0.066423 0.077889 0.064059 0.078361 0.004201
0.219546 0.130253 0.356911 0.057618 0.060292 0.069074 0.079193 0.066476 0.079525 0.004193
0.215702 0.134446 0.365331 0.057282 0.064103 0.071546 0.080959 0.068831 0.081215 0.004276
0.211569 0.138633 0.374536 0.056838 0.066722 0.073617 0.083016 0.070206 0.083333 0.004143
0.207155 0.142803 0.384685 0.056280 0.067820 0.075059 0.084727 0.070524 0.085687 0.004438
0.202486 0.146941 0.395905 0.055596 0.066884 0.075468 0.085622 0.069500 0.087295 0.005001
0.197625 0.151024 0.408259 0.054769 0.063360 0.074238 0.084862 0.067462 0.087314 0.005902
0.192672 0.155014 0.421688 0.053791 0.056963 0.070537 0.082234 0.063468 0.084402 0.004720
0.187759 0.158866 0.435966 0.052657 0.047827 0.063950 0.077171 0.058255 0.078541 0.004510
0.183019 0.162540 0.450702 0.051377 0.036748 0.054410 0.070800 0.052041 0.069689 0.004477
0.178548 0.166008 0.465399 0.049964 0.025077 0.043773 0.063767 0.046492 0.059912 0.004939
0.174375 0.169270 0.479571 0.048436 0.014296 0.034164 0.057942 0.042276 0.050733 0.004785
0.170465 0.172344 0.492833 0.046813 0.005525 0.027989 0.053448 0.039587 0.044386 0.004659
0.166748 0.175264 0.504933 0.045110 -0.000708 0.025064 0.050725 0.037785 0.040981 0.005087
0.163149 0.178068 0.515722 0.043335 -0.004342 0.024424 0.049200 0.036368 0.040381 0.004427
0.159601 0.180791 0.525128 0.041491 -0.005586 0.024821 0.049042 0.035431 0.041502 0.004224
0.156058 0.183461 0.533132 0.039573 -0.004728 0.026136 0.050128 0.035043 0.043757 0.004165
0.152488 0.186102 0.539759 0.037573 -0.002092 0.028328 0.052269 0.035207 0.046801 0.004175
0.148873 0.188733 0.545071 0.035481 0.001949 0.031489 0.055071 0.035942 0.050473 0.003890
0.145206 0.191373 0.549172 0.033282 0.006934 0.035501 0.058021 0.037273 0.054592 0.003981
0.141487 0.194034 0.552195 0.030965 0.012296 0.039956 0.060566 0.039123 0.058827 0.004088
0.137720 0.196727 0.554296 0.028520 0.017384 0.044752 0.062352 0.041308 0.062789 0.004103
0.133907 0.199455 0.555635 0.025943 0.021458 0.048920 0.062716 0.042977 0.065389 0.004174
0.130049 0.202217 0.556328 0.023240 0.023772 0.050873 0.060813 0.043177 0.065589 0.004436
0.126146 0.205006 0.556386 0.020424 0.023800 0.049601 0.056117 0.040795 0.063260 0.005076
0.122197 0.207811 0.555687 0.017511 0.021303 0.045727 0.048830 0.035194 0.059422 0.004652
0.118194 0.210619 0.554018 0.014516 0.016104 0.042495 0.040226 0.028667 0.055325 0.008080
0.114112 0.213424 0.551185 0.011456 0.007847 0.042228 0.033178 0.024513 0.051968 0.005231
0.109905 0.216229 0.547091 0.008350 -0.003897 0.042680 0.030635 0.024752 0.050419 0.005045
0.105501 0.219046 0.541744 0.005208 -0.019104 0.041903 0.031807 0.027543 0.050514 0.005496
0.100817 0.221897 0.535217 0.002030 -0.037060 0.040294 0.034873 0.032010 0.051739 0.004982
0.095773 0.224808 0.527624 -0.001190 -0.056399 0.038111 0.039006 0.038226 0.053365 0.004938
0.090312 0.227807 0.519101 -0.004461 -0.075001 0.034329 0.044028 0.045856 0.053951 0.005162
0.084423 0.230920 0.509802 -0.007786 -0.090138 0.037654 0.051157 0.052995 0.056719 0.004788
0.078159 0.234172 0.499966 -0.011168 -0.100130 0.045184 0.059874 0.058013 0.061478 0.004984
0.071621 0.237568 0.489918 -0.014618 -0.104760 0.053746 0.069892 0.063481 0.067139 0.005375
0.064932 0.241092 0.480080 -0.018148 -0.104372 0.063233 0.081036 0.070601 0.073004 0.005298
0.058238 0.244696 0.470969 -0.021765 -0.099348 0.073832 0.089840 0.079395 0.076562 0.004935
0.051680 0.248304 0.463076 -0.025431 -0.090316 0.085860 0.089964 0.088153 0.071093 0.008346
0.045354 0.251843 0.456642 -0.029039 -0.078880 0.089897 0.090000 0.089955 0.064668 0.010485
0.039299 0.255261 0.451628 -0.032528 -0.066201 0.086351 0.090000 0.089999 0.061162 0.013596
0.033532 0.258549 0.447826 -0.035899 -0.051126 0.082488 0.090000 0.087662 0.059763 0.010808
0.028048 0.261726 0.444944 -0.039188 -0.033837 0.076855 0.090000 0.076515 0.058193 0.008045
0.022826 0.264840 0.442523 -0.042451 -0.017529 0.071499 0.076832 0.067449 0.055169 0.013099
0.017847 0.267944 0.440012 -0.045682 -0.004469 0.069948 0.063790 0.064826 0.052400 0.004946
0.013111 0.271055 0.437084 -0.048839 0.004775 0.071522 0.055289 0.067244 0.052496 0.005728
0.008614 0.274158 0.433696 -0.051872 0.010762 0.074645 0.051515 0.073175 0.055054 0.004914
0.004337 0.277215 0.430017 -0.054737 0.014955 0.078599 0.051156 0.080398 0.058774 0.004925
0.000252 0.280188 0.426333 -0.057391 0.019148 0.082846 0.053441 0.086974 0.062960 0.004747
-0.003680 0.283047 0.422972 -0.059805 0.024619 0.086536 0.057598 0.089964 0.066758 0.005236
-0.007506 0.285775 0.420217 -0.061971 0.031122 0.089866 0.062257 0.089996 0.070625 0.004711
-0.011286 0.288368 0.418302 -0.063907 0.037423 0.089995 0.066862 0.090000 0.074989 0.004729
-0.015083 0.290826 0.417417 -0.065648 0.043290 0.090000 0.071426 0.090000 0.079333 0.005522
-0.018960 0.293154 0.417742 -0.067236 0.048776 0.090000 0.075614 0.089737 0.083129 0.004838
-0.022974 0.295354 0.419442 -0.068712 0.053686 0.090000 0.079314 0.088090 0.086705 0.004942
-0.027175 0.297425 0.422651 -0.070123 0.057319 0.090000 0.082472 0.086879 0.089665 0.004473
-0.031594 0.299361 0.427488 -0.071504 0.059078 0.090000 0.084257 0.086224 0.089995 0.004653
-0.036236 0.301153 0.434014 -0.072874 0.058640 0.090000 0.084913 0.085894 0.090000 0.004435
-0.041075 0.302787 0.442269 -0.074236 0.055877 0.090000 0.084436 0.085981 0.090000 0.004781
-0.046057 0.304244 0.452260 -0.075585 0.050911 0.090000 0.082184 0.086850 0.087265 0.004654
-0.051106 0.305503 0.463911 -0.076884 0.044192 0.090000 0.076740 0.087900 0.080511 0.004173
-0.056134 0.306551 0.477014 -0.078068 0.036197 0.090000 0.068748 0.087890 0.071884 0.004132
-0.061049 0.307389 0.491262 -0.079064 0.027000 0.087462 0.060206 0.085048 0.063032 0.003602
-0.065761 0.308030 0.506249 -0.079836 0.016888 0.078694 0.053196 0.080035 0.055539 0.003805
-0.070217 0.308496 0.521500 -0.080397 0.007426 0.070264 0.048912 0.074952 0.050723 0.003657
-0.074431 0.308804 0.536631 -0.080778 -0.000082 0.065423 0.047095 0.071024 0.048704 0.003655
-0.078455 0.308958 0.551410 -0.081006 -0.005386 0.064126 0.046705 0.068058 0.048429 0.003732
-0.082341 0.308953 0.565729 -0.081097 -0.009144 0.064483 0.046865 0.065840 0.048759 0.003642
-0.086114 0.308785 0.579546 -0.081062 -0.012329 0.064920 0.047119 0.064304 0.049045 0.003672
-0.089777 0.308448 0.592844 -0.080907 -0.015700 0.064798 0.047312 0.063329 0.049126 0.003877
-0.093316 0.307937 0.605610 -0.080638 -0.019608 0.064196 0.047494 0.062759 0.049076 0.003799
-0.096713 0.307252 0.617831 -0.080260 -0.024059 0.063416 0.047752 0.062521 0.049036 0.003825
-0.099955 0.306391 0.629494 -0.079777 -0.028811 0.062342 0.048167 0.062843 0.049075 0.003659
-0.103038 0.305357 0.640593 -0.079195 -0.033275 0.060824 0.048987 0.064166 0.049299 0.003821
-0.105972 0.304148 0.651137 -0.078516 -0.036626 0.061776 0.050606 0.065098 0.050270 0.003908
-0.108779 0.302763 0.661174 -0.077741 -0.038742 0.063152 0.052082 0.065595 0.051176 0.004068
-0.111478 0.301203 0.670758 -0.076871 -0.039895 0.064431 0.053515 0.066140 0.052039 0.004145
-0.114081 0.299470 0.679943 -0.075905 -0.040357 0.065355 0.054721 0.066629 0.052781 0.003956
-0.116598 0.297571 0.688778 -0.074846 -0.040298 0.066018 0.055798 0.067113 0.053447 0.003965
-0.119038 0.295514 0.697305 -0.073694 -0.039797 0.066497 0.056680 0.067484 0.054051 0.003948
-0.121409 0.293307 0.705560 -0.072450 -0.038884 0.066764 0.057400 0.067782 0.054579 0.003997
-0.123721 0.290963 0.713569 -0.071118 -0.037545 0.066895 0.057960 0.067977 0.055061 0.003947
-0.125986 0.288492 0.721354 -0.069698 -0.035743 0.066889 0.058389 0.068084 0.055476 0.003929
-0.128218 0.285905 0.728931 -0.068194 -0.033420 0.066777 0.058691 0.068119 0.055872 0.003650
-0.130432 0.283214 0.736308 -0.066609 -0.030511 0.066606 0.058895 0.068068 0.056256 0.003658
-0.132646 0.280430 0.743492 -0.064946 -0.026955 0.066388 0.059015 0.067953 0.056625 0.003653
-0.134877 0.277564 0.750483 -0.063208 -0.022702 0.066133 0.059036 0.067774 0.057014 0.003674
-0.137148 0.274624 0.757279 -0.061399 -0.017716 0.065864 0.058962 0.067518 0.057415 0.003664
-0.139477 0.271618 0.763874 -0.059521 -0.011991 0.065602 0.058769 0.067162 0.057823 0.003746
-0.141886 0.268552 0.770257 -0.057579 -0.005576 0.065417 0.058411 0.066620 0.058216 0.003977
-0.144393 0.265433 0.776415 -0.055575 0.001384 0.065313 0.057893 0.065961 0.058626 0.003946
-0.147014 0.262261 0.782329 -0.053513 0.008670 0.065253 0.057240 0.065313 0.059099 0.003986
-0.149761 0.259037 0.787981 -0.051394 0.016043 0.065207 0.056473 0.064760 0.059650 0.003915
-0.152640 0.255756 0.793354 -0.049220 0.023290 0.065165 0.055593 0.064297 0.060294 0.003961
-0.155654 0.252412 0.798432 -0.046992 0.030223 0.065113 0.054628 0.063896 0.061044 0.003900
-0.158798 0.248992 0.803201 -0.044713 0.036680 0.065049 0.053695 0.063571 0.061929 0.003925
-0.162066 0.245480 0.807651 -0.042383 0.042523 0.065039 0.053036 0.063390 0.062974 0.004596
-0.165446 0.241857 0.811781 -0.040005 0.047578 0.065687 0.052852 0.063077 0.063902 0.004229
-0.168919 0.238100 0.815608 -0.037580 0.051495 0.066635 0.053892 0.063746 0.064883 0.004173
-0.172466 0.234185 0.819182 -0.035111 0.054099 0.067518 0.055790 0.065133 0.065646 0.004213
-0.176065 0.230091 0.822577 -0.032597 0.055458 0.068422 0.058221 0.066473 0.066125 0.004178
-0.179695 0.225799 0.825869 -0.030041 0.055659 0.069205 0.061029 0.067426 0.066427 0.004266
-0.183336 0.221299 0.829137 -0.027446 0.054709 0.069704 0.064104 0.067846 0.066691 0.004239
-0.186966 0.216587 0.832455 -0.024824 0.052538 0.069678 0.067335 0.067736 0.067042 0.004334
-0.190569 0.211665 0.835886 -0.022191 0.049087 0.068998 0.070526 0.067028 0.067475 0.003914
-0.194129 0.206547 0.839482 -0.019568 0.044342 0.067677 0.073510 0.065725 0.067930 0.004034
-0.197632 0.201254 0.843277 -0.016983 0.038351 0.065831 0.076176 0.064000 0.068418 0.003900
-0.201072 0.195815 0.847292 -0.014466 0.031226 0.063764 0.078479 0.062088 0.069015 0.003934
-0.204447 0.190266 0.851543 -0.012046 0.023116 0.061793 0.080389 0.060220 0.069886 0.003893
-0.207760 0.184650 0.856046 -0.009752 0.014167 0.060050 0.081724 0.058432 0.071053 0.003672
-0.211015 0.179011 0.860817 -0.007609 0.004474 0.058422 0.082112 0.056589 0.072195 0.003753
-0.214214 0.173393 0.865854 -0.005636 -0.005924 0.056712 0.081289 0.054676 0.072794 0.003926
-0.217356 0.167838 0.871118 -0.003846 -0.016977 0.054801 0.079401 0.052956 0.072560 0.003909
-0.220431 0.162382 0.876534 -0.002239 -0.028525 0.052718 0.076875 0.051631 0.071646 0.004044
-0.223428 0.157053 0.882002 -0.000810 -0.040271 0.050769 0.074217 0.050681 0.070346 0.003897
-0.226336 0.151867 0.887414 0.000449 -0.051872 0.049119 0.071751 0.050040 0.068951 0.003921
-0.229145 0.146834 0.892672 0.001548 -0.062977 0.047436 0.069591 0.049857 0.067610 0.003884
-0.231847 0.141954 0.897684 0.002497 -0.073167 0.046151 0.067999 0.049950 0.066547 0.003981
-0.234439 0.137225 0.902383 0.003304 -0.082060 0.045382 0.066986 0.050203 0.065819 0.004109
-0.236922 0.132638 0.906720 0.003975 -0.089375 0.045054 0.066477 0.050605 0.065396 0.003914
-0.239297 0.128184 0.910668 0.004513 -0.094921 0.045104 0.066331 0.051091 0.065151 0.003914
-0.241566 0.123853 0.914213 0.004922 -0.098584 0.045409 0.066320 0.051606 0.064791 0.004063
-0.243735 0.119637 0.917347 0.005208 -0.100315 0.045858 0.066104 0.052022 0.063819 0.003982
-0.245812 0.115527 0.920047 0.005377 -0.100146 0.046455 0.065267 0.052198 0.061437 0.006778
-0.247809 0.111515 0.922262 0.005448 -0.098248 0.047633 0.063481 0.051978 0.056818 0.007607
-0.249747 0.107595 0.923906 0.005447 -0.094996 0.048866 0.060331 0.052108 0.050629 0.005682
-0.251645 0.103759 0.924880 0.005410 -0.090445 0.048043 0.055875 0.055622 0.047441 0.004850
-0.253517 0.099995 0.925143 0.005372 -0.083630 0.050762 0.053610 0.059294 0.051801 0.004695
-0.255359 0.096287 0.924795 0.005348 -0.074388 0.057558 0.054622 0.059439 0.059134 0.004745
-0.257158 0.092617 0.924029 0.005333 -0.064534 0.063196 0.058200 0.058606 0.065335 0.004921
-0.258906 0.088977 0.923061 0.005310 -0.056238 0.066253 0.062510 0.058594 0.069606 0.004267
-0.260602 0.085363 0.922090 0.005257 -0.050588 0.066984 0.066915 0.061111 0.073919 0.003993
-0.262242 0.081774 0.921333 0.005148 -0.047104 0.068191 0.071352 0.066243 0.079565 0.004275
-0.263815 0.078215 0.921078 0.004965 -0.044275 0.070637 0.074760 0.074156 0.085986 0.004420
-0.265300 0.074691 0.921653 0.004706 -0.039850 0.072171 0.075119 0.080626 0.089077 0.004029
-0.266694 0.071198 0.923224 0.004389 -0.031721 0.071605 0.071645 0.081250 0.086525 0.003931
-0.268034 0.067717 0.925643 0.004044 -0.019480 0.070396 0.065287 0.076110 0.080010 0.003966
-0.269372 0.064220 0.928533 0.003703 -0.004769 0.068691 0.057715 0.069358 0.072969 0.003967
-0.270743 0.060675 0.931473 0.003388 0.010346 0.066630 0.050227 0.064063 0.067822 0.004206
-0.272150 0.057056 0.934128 0.003119 0.024552 0.065152 0.044500 0.061140 0.065091 0.004370
-0.273569 0.053342 0.936295 0.002907 0.037309 0.065527 0.042587 0.061607 0.063955 0.006056
-0.274970 0.049523 0.937915 0.002768 0.048788 0.066428 0.043146 0.065883 0.062897 0.005281
-0.276325 0.045598 0.939029 0.002726 0.060280 0.067350 0.042978 0.072308 0.060903 0.005139
-0.277620 0.041574 0.939706 0.002822 0.073695 0.071057 0.043041 0.077203 0.057848 0.005349
-0.278849 0.037459 0.940049 0.003105 0.089583 0.077669 0.046866 0.079894 0.056630 0.004726
-0.280030 0.033264 0.940243 0.003612 0.106470 0.084170 0.053355 0.081508 0.057975 0.005029
-0.281204 0.028987 0.940548 0.004359 0.122086 0.088691 0.060709 0.082978 0.061215 0.005378
-0.282431 0.024615 0.941245 0.005340 0.134707 0.089987 0.068299 0.083579 0.065842 0.004839
-0.283767 0.020125 0.942594 0.006515 0.143535 0.089999 0.075386 0.082985 0.070966 0.005239
-0.285255 0.015487 0.944833 0.007830 0.148004 0.090000 0.081715 0.082619 0.075962 0.005283
-0.286911 0.010673 0.948210 0.009224 0.147639 0.090000 0.088281 0.082616 0.080653 0.004737
-0.288720 0.005667 0.952964 0.010643 0.142010 0.090000 0.089973 0.081636 0.081852 0.005240
-0.290606 0.000467 0.959200 0.012063 0.130329 0.090000 0.089999 0.080598 0.080393 0.004227
-0.292443 -0.004898 0.966928 0.013484 0.111794 0.090000 0.090000 0.080134 0.077421 0.004376
-0.294069 -0.010370 0.976121 0.014912 0.086034 0.088172 0.090000 0.078323 0.074216 0.005064
-0.295302 -0.015863 0.986602 0.016320 0.054523 0.067962 0.090000 0.068402 0.072694 0.004156
-0.296007 -0.021294 0.997850 0.017590 0.022871 0.045553 0.090000 0.056043 0.072395 0.004491
-0.296193 -0.026601 1.009378 0.018607 -0.004883 0.033295 0.090000 0.049083 0.072370 0.004401
-0.295958 -0.031738 1.020943 0.019316 -0.027662 0.032451 0.088609 0.045396 0.071998 0.004177
-0.295420 -0.036661 1.032433 0.019713 -0.046359 0.034635 0.082923 0.042165 0.071251 0.003901
-0.294667 -0.041333 1.043723 0.019821 -0.062478 0.036951 0.078437 0.040533 0.070482 0.003945
-0.293740 -0.045734 1.054719 0.019668 -0.077211 0.039369 0.075095 0.040571 0.069930 0.003924
-0.292649 -0.049851 1.065369 0.019278 -0.091302 0.041591 0.072391 0.041669 0.069547 0.003940
-0.291380 -0.053683 1.075639 0.018674 -0.104611 0.037118 0.069361 0.047271 0.070156 0.004199
-0.289919 -0.057245 1.085562 0.017864 -0.115347 0.044557 0.076031 0.051981 0.075673 0.004515
-0.288239 -0.060553 1.095425 0.016832 -0.123787 0.052457 0.079865 0.054140 0.081536 0.005728
-0.286278 -0.063614 1.105598 0.015562 -0.131873 0.066003 0.088895 0.059929 0.088037 0.004727
-0.283911 -0.066411 1.116573 0.014055 -0.142418 0.075702 0.086540 0.066268 0.088439 0.004482
-0.280966 -0.068920 1.128640 0.012379 -0.156591 0.081431 0.089994 0.080191 0.085411 0.005765
-0.277280 -0.071108 1.142011 0.010625 -0.170447 0.073393 0.077760 0.089778 0.083516 0.005061
-0.272873 -0.072981 1.156631 0.008851 -0.176933 0.071550 0.088750 0.089957 0.089380 0.004713
-0.267906 -0.074580 1.172677 0.007013 -0.173831 0.068524 0.077164 0.090000 0.089982 0.005805
-0.262686 -0.075982 1.190155 0.005135 -0.161240 0.081851 0.088314 0.090000 0.085992 0.005041
-0.257539 -0.077253 1.208963 0.003230 -0.143691 0.049634 0.054643 0.056774 0.073366 0.004752
-0.252833 -0.078462 1.227875 0.001285 -0.123539 0.067212 0.071197 0.072872 0.043322 0.006022
-0.248725 -0.079594 1.246624 -0.000591 -0.102456 0.056155 0.041140 0.042495 0.032066 0.004425
-0.245292 -0.080567 1.264479 -0.002396 -0.084056 0.043802 0.027423 0.048964 0.052688 0.003898
-0.242466 -0.081406 1.281235 -0.004164 -0.065653 0.045591 0.014667 0.043241 0.054157 0.004182
-0.240185 -0.082216 1.296843 -0.005903 -0.047939 0.052154 0.032563 0.045484 0.055361 0.003965
-0.238343 -0.083089 1.311363 -0.007613 -0.032698 0.054203 0.019906 0.035061 0.047591 0.003919
-0.236796 -0.084084 1.324661 -0.009276 -0.022234 0.057778 0.025820 0.043094 0.050717 0.003929
-0.235376 -0.085241 1.336806 -0.010874 -0.016466 0.058491 0.027347 0.045360 0.046030 0.003990
-0.233951 -0.086582 1.347846 -0.012383 -0.014827 0.064390 0.032223 0.055834 0.045655 0.003906
-0.232421 -0.088113 1.357967 -0.013759 -0.016146 0.066691 0.035701 0.064460 0.042934 0.004228
-0.230730 -0.089835 1.367375 -0.014954 -0.018704 0.076078 0.038489 0.073552 0.044405 0.005452
-0.228844 -0.091743 1.376366 -0.015903 -0.021895 0.077760 0.041173 0.080160 0.040816 0.006520
-0.226745 -0.093834 1.385121 -0.016558 -0.024652 0.084819 0.041648 0.081713 0.038780 0.004466
-0.224422 -0.096094 1.393735 -0.016884 -0.028142 0.078841 0.043927 0.080550 0.033198 0.005569
-0.221869 -0.098500 1.402096 -0.016899 -0.031850 0.080164 0.044258 0.074205 0.032622 0.004619
-0.219087 -0.101022 1.410047 -0.016640 -0.037203 0.066299 0.046446 0.070167 0.029829 0.004719
-0.216090 -0.103626 1.417336 -0.016172 -0.042292 0.067319 0.046186 0.062021 0.031975 0.005585
-0.212906 -0.106282 1.423793 -0.015541 -0.047999 0.050858 0.044854 0.061059 0.029636 0.004714
-0.209578 -0.108971 1.429208 -0.014796 -0.051652 0.055420 0.044670 0.052166 0.030894 0.004939
-0.206145 -0.111679 1.433473 -0.013961 -0.054758 0.040770 0.041171 0.053525 0.028235 0.004481
-0.202646 -0.114400 1.436453 -0.013059 -0.055233 0.046851 0.042036 0.046801 0.030383 0.005049
-0.199103 -0.117135 1.438121 -0.012104 -0.054470 0.037870 0.040229 0.048693 0.028813 0.005163
-0.195527 -0.119890 1.438445 -0.011103 -0.051237 0.042879 0.042065 0.047631 0.033249 0.004963
-0.191914 -0.122672 1.437499 -0.010064 -0.045853 0.040039 0.042583 0.051089 0.035663 0.004238
-0.188248 -0.125492 1.435385 -0.008988 -0.037514 0.046661 0.047403 0.052499 0.041310 0.003912
-0.184499 -0.128358 1.432317 -0.007882 -0.026994 0.052710 0.054243 0.056244 0.047639 0.003932
-0.180647 -0.131286 1.428620 -0.006753 -0.015390 0.063080 0.062340 0.060384 0.056253 0.004023
-0.176694 -0.134295 1.424744 -0.005603 -0.005094 0.074586 0.068802 0.064141 0.064991 0.003938
-0.172688 -0.137409 1.421156 -0.004429 0.000418 0.082190 0.072440 0.066240 0.069586 0.003924
-0.168698 -0.140651 1.418126 -0.003222 -0.001505 0.082175 0.073161 0.065891 0.067583 0.003943
-0.164783 -0.144042 1.415592 -0.001979 -0.010948 0.076047 0.070801 0.062960 0.060771 0.004163
-0.160973 -0.147604 1.413227 -0.000702 -0.026005 0.067453 0.065454 0.058565 0.051776 0.004175
-0.157288 -0.151369 1.410605 0.000609 -0.044358 0.059375 0.059063 0.054143 0.042096 0.004636
-0.153759 -0.155380 1.407341 0.001961 -0.064265 0.053161 0.053623 0.049539 0.032012 0.004569
-0.150433 -0.159699 1.403159 0.003360 -0.084964 0.051246 0.050382 0.046415 0.022718 0.005024
-0.147371 -0.164407 1.397931 0.004816 -0.106523 0.050655 0.050729 0.045007 0.018123 0.004676
-0.144646 -0.169603 1.391668 0.006329 -0.128992 0.049946 0.052447 0.045699 0.018436 0.004772
-0.142342 -0.175392 1.384462 0.007900 -0.151744 0.049292 0.050496 0.051514 0.016216 0.005531
-0.140536 -0.181881 1.376466 0.009552 -0.173183 0.052503 0.049989 0.058150 0.019953 0.009176
-0.139277 -0.189155 1.367939 0.011321 -0.192103 0.059684 0.047191 0.065461 0.019867 0.004889
-0.138589 -0.197269 1.359220 0.013270 -0.208019 0.068665 0.046039 0.074055 0.025126 0.005315
-0.138462 -0.206228 1.350757 0.015474 -0.220630 0.078240 0.045157 0.083273 0.030442 0.005060
-0.138850 -0.215972 1.343066 0.018009 -0.229526 0.084671 0.047834 0.089900 0.041505 0.005442
-0.139678 -0.226368 1.336642 0.020900 -0.234023 0.084004 0.055270 0.089980 0.058571 0.004718
-0.140850 -0.237220 1.331877 0.024080 -0.233448 0.085413 0.059810 0.090000 0.074275 0.004754
-0.142227 -0.248285 1.329091 0.027473 -0.228092 0.088279 0.056490 0.090000 0.086188 0.005219
-0.143652 -0.259320 1.328406 0.031038 -0.219023 0.088728 0.053291 0.090000 0.089903 0.004767
-0.144983 -0.270147 1.329718 0.034761 -0.206837 0.089853 0.057040 0.090000 0.089994 0.004950
-0.146108 -0.280666 1.332929 0.038624 -0.192339 0.089999 0.069137 0.090000 0.090000 0.004991
-0.146964 -0.290818 1.338066 0.042585 -0.176021 0.090000 0.079106 0.090000 0.090000 0.005449
-0.147551 -0.300550 1.345240 0.046591 -0.158108 0.090000 0.089256 0.090000 0.090000 0.004720
-0.147927 -0.309795 1.354592 0.050598 -0.138610 0.090000 0.089949 0.090000 0.090000 0.005480
-0.148203 -0.318475 1.366150 0.054594 -0.117364 0.090000 0.090000 0.090000 0.090000 0.004856
-0.148504 -0.326517 1.379865 0.058571 -0.095681 0.090000 0.090000 0.080945 0.090000 0.005299
-0.148866 -0.333898 1.395491 0.062478 -0.079909 0.081889 0.090000 0.068550 0.090000 0.005538
-0.149151 -0.340677 1.412567 0.066218 -0.073164 0.064978 0.090000 0.054326 0.090000 0.005056
-0.149171 -0.346943 1.430565 0.069670 -0.072847 0.050212 0.090000 0.044917 0.090000 0.005090
-0.148798 -0.352759 1.449122 0.072757 -0.075559 0.046262 0.087875 0.040999 0.090000 0.005081
-0.147950 -0.358172 1.468053 0.075452 -0.079969 0.037186 0.089997 0.039095 0.090000 0.004751
-0.146609 -0.363216 1.487196 0.077776 -0.084165 0.057012 0.055930 0.052465 0.087835 0.005801
-0.144836 -0.367997 1.506130 0.079894 -0.090465 0.030771 0.072210 0.025445 0.054275 0.005584
-0.142657 -0.372596 1.524291 0.081789 -0.095971 0.005947 0.084656 0.045208 0.070907 0.005484
-0.140149 -0.376929 1.541912 0.083367 -0.091780 -0.000483 0.069515 0.019088 0.082032 0.005232
-0.137508 -0.380964 1.558974 0.084583 -0.082563 0.023284 0.082641 0.028249 0.078670 0.005073
-0.134835 -0.384713 1.575587 0.085438 -0.072543 0.038022 0.050252 0.008630 0.089414 0.005442
-0.132139 -0.388268 1.591470 0.086012 -0.070536 0.026925 0.055393 -0.000382 0.058591 0.005111
-0.129361 -0.391746 1.606101 0.086397 -0.075197 0.024778 0.027965 -0.000048 0.063297 0.004499
-0.126461 -0.395212 1.619170 0.086648 -0.083284 0.002935 0.041846 0.023700 0.041200 0.004953
-0.123476 -0.398688 1.630509 0.086804 -0.088504 0.008594 0.022704 0.022878 0.046022 0.004696
-0.120472 -0.402167 1.640051 0.086892 -0.090957 0.020410 0.022515 0.012839 0.043578 0.004862
-0.117467 -0.405646 1.647749 0.086920 -0.094223 0.016392 0.018138 0.006792 0.039142 0.004707
-0.114434 -0.409115 1.653536 0.086897 -0.097750 0.000133 0.025131 0.030159 0.038606 0.004282
-0.111359 -0.412543 1.657481 0.086830 -0.097085 0.017257 0.027819 0.026543 0.038396 0.004278
-0.108224 -0.415898 1.659663 0.086722 -0.093564 0.023185 0.033303 0.026614 0.038794 0.004157
-0.104985 -0.419139 1.660183 0.086569 -0.088856 0.028285 0.039857 0.032513 0.041393 0.004340
-0.101588 -0.422223 1.659215 0.086369 -0.082981 0.035427 0.047020 0.038341 0.045918 0.004464
-0.097978 -0.425100 1.657019 0.086118 -0.076117 0.043810 0.055305 0.045549 0.052065 0.003926
-0.094109 -0.427720 1.653959 0.085809 -0.068701 0.053528 0.064679 0.053198 0.059150 0.004010
-0.089956 -0.430036 1.650495 0.085436 -0.061805 0.063301 0.073061 0.059180 0.065598 0.003965
-0.085522 -0.432007 1.647086 0.084995 -0.057320 0.069753 0.078304 0.063532 0.070024 0.003932
-0.080837 -0.433609 1.644058 0.084486 -0.056442 0.071851 0.080074 0.066439 0.072266 0.004011
-0.075935 -0.434841 1.641552 0.083910 -0.058756 0.071141 0.079376 0.067923 0.073082 0.005232
-0.070838 -0.435715 1.639571 0.083271 -0.062942 0.069601 0.077808 0.068437 0.073478 0.004251
-0.065555 -0.436251 1.638071 0.082570 -0.067743 0.068309 0.076435 0.068487 0.074086 0.004239
-0.060086 -0.436466 1.637014 0.081804 -0.072334 0.067539 0.075744 0.068502 0.075168 0.004276
-0.054422 -0.436370 1.636401 0.080968 -0.076246 0.067254 0.075873 0.068698 0.076775 0.005225
-0.048557 -0.435968 1.636275 0.080053 -0.079188 0.067262 0.076728 0.069211 0.078833 0.004220
-0.042482 -0.435260 1.636719 0.079047 -0.080869 0.067468 0.078192 0.070050 0.081213 0.003833
-0.036195 -0.434243 1.637849 0.077936 -0.080946 0.067782 0.080026 0.070996 0.083625 0.003897
-0.029705 -0.432915 1.639801 0.076704 -0.079069 0.067882 0.081678 0.071652 0.085518 0.004188
-0.023036 -0.431276 1.642691 0.075335 -0.074961 0.067457 0.082532 0.071448 0.086220 0.003932
-0.016238 -0.429338 1.646572 0.073821 -0.068554 0.066211 0.082001 0.069878 0.085048 0.003916
-0.009380 -0.427120 1.651395 0.072157 -0.060104 0.064320 0.079944 0.066869 0.081876 0.003911
-0.002544 -0.424651 1.657000 0.070352 -0.050247 0.062238 0.076830 0.062958 0.077202 0.003749
0.004197 -0.421964 1.663156 0.068420 -0.039857 0.060367 0.073493 0.059194 0.072023 0.003664
0.010793 -0.419089 1.669621 0.066378 -0.029737 0.058832 0.070673 0.056453 0.067248 0.003715
0.017218 -0.416052 1.676182 0.064245 -0.020351 0.057580 0.068644 0.054980 0.063252 0.003944
0.023466 -0.412871 1.682675 0.062036 -0.011779 0.056610 0.067241 0.054469 0.059868 0.003944
0.029545 -0.409560 1.688974 0.059765 -0.003854 0.056064 0.066140 0.054599 0.056835 0.004004
0.035468 -0.406129 1.694986 0.057448 0.003650 0.056274 0.065138 0.055319 0.054272 0.003936
0.041254 -0.402588 1.700646 0.055100 0.010901 0.057523 0.064319 0.056967 0.052884 0.003925
0.046924 -0.398944 1.705942 0.052740 0.018024 0.059691 0.063870 0.059666 0.053200 0.003997
0.052494 -0.395203 1.710917 0.050387 0.025203 0.062380 0.063871 0.063124 0.054824 0.003982
0.057975 -0.391372 1.715667 0.048059 0.032705 0.065436 0.064336 0.066632 0.057091 0.003973
0.063366 -0.387454 1.720322 0.045773 0.040721 0.068642 0.065301 0.069823 0.059570 0.004450
0.068660 -0.383452 1.725031 0.043543 0.049239 0.071798 0.066670 0.072412 0.061961 0.004049
0.073845 -0.379370 1.729944 0.041379 0.057971 0.074730 0.068215 0.074310 0.064027 0.003970
0.078906 -0.375206 1.735194 0.039290 0.066337 0.077354 0.069565 0.075527 0.065632 0.004113
0.083834 -0.370960 1.740886 0.037283 0.073518 0.079467 0.070366 0.076216 0.066691 0.003979
0.088632 -0.366630 1.747080 0.035362 0.078629 0.080750 0.070335 0.076489 0.067142 0.004030
0.093319 -0.362214 1.753786 0.033534 0.080978 0.080896 0.069231 0.076254 0.066953 0.003982
0.097933 -0.357714 1.760951 0.031806 0.080246 0.079677 0.066879 0.075283 0.066139 0.003977
0.102525 -0.353135 1.768454 0.030180 0.076528 0.077096 0.063290 0.073412 0.064838 0.004096
0.107146 -0.348484 1.776113 0.028653 0.070266 0.073396 0.058702 0.070721 0.063402 0.004007
0.111837 -0.343772 1.783714 0.027221 0.062124 0.069133 0.053794 0.067603 0.062276 0.003942
0.116614 -0.339009 1.791049 0.025872 0.052852 0.065252 0.049664 0.064812 0.061891 0.003991
0.121468 -0.334204 1.797970 0.024592 0.043131 0.062835 0.047367 0.063101 0.062361 0.003993
0.126368 -0.329358 1.804418 0.023372 0.033416 0.062498 0.047162 0.062790 0.063373 0.003660
0.131275 -0.324469 1.810433 0.022205 0.023825 0.064056 0.048432 0.063774 0.064622 0.003660
0.136147 -0.319531 1.816126 0.021093 0.014184 0.066930 0.050342 0.065885 0.065830 0.003649
0.140953 -0.314539 1.821659 0.020046 0.004202 0.070208 0.052052 0.068645 0.066399 0.003979
0.145670 -0.309491 1.827195 0.019081 -0.006301 0.072640 0.053083 0.071155 0.065792 0.003894
0.150285 -0.304393 1.832855 0.018217 -0.017206 0.073455 0.053730 0.072726 0.064353 0.004068
0.154794 -0.299261 1.838701 0.017470 -0.028070 0.072908 0.054352 0.073285 0.062784 0.004050
0.159200 -0.294111 1.844743 0.016842 -0.038293 0.071545 0.055094 0.073179 0.061454 0.003923
0.163505 -0.288966 1.850966 0.016332 -0.047306 0.070092 0.055921 0.072560 0.060438 0.003910
0.167712 -0.283844 1.857347 0.015930 -0.054781 0.068785 0.056793 0.071628 0.059684 0.003651
0.171821 -0.278763 1.863858 0.015626 -0.060628 0.067566 0.057680 0.070585 0.059131 0.003693
0.175834 -0.273738 1.870472 0.015410 -0.064870 0.066409 0.058558 0.069538 0.058728 0.006733
0.179751 -0.268780 1.877162 0.015270 -0.067559 0.065323 0.059412 0.068531 0.058442 0.003680
0.183575 -0.263899 1.883901 0.015194 -0.068757 0.064352 0.060235 0.067578 0.058254 0.003670
0.187304 -0.259097 1.890663 0.015173 -0.068534 0.063520 0.061012 0.066690 0.058149 0.003701
0.190937 -0.254378 1.897427 0.015197 -0.066981 0.062843 0.061738 0.065872 0.058103 0.003767
0.194472 -0.249740 1.904172 0.015255 -0.064207 0.062336 0.062410 0.065136 0.058144 0.003701
0.197907 -0.245181 1.910882 0.015342 -0.060339 0.061974 0.063027 0.064477 0.058231 0.003667
0.201239 -0.240695 1.917541 0.015448 -0.055519 0.061720 0.063581 0.063897 0.058375 0.003736
0.204465 -0.236275 1.924138 0.015569 -0.049889 0.061524 0.064088 0.063376 0.058574 0.003827
0.207581 -0.231915 1.930662 0.015698 -0.043581 0.061315 0.064548 0.062874 0.058762 0.003672
0.210582 -0.227605 1.937099 0.015830 -0.036711 0.061030 0.064961 0.062349 0.058906 0.003766
0.213464 -0.223338 1.943434 0.015960 -0.029372 0.060620 0.065336 0.061736 0.058939 0.003668
0.216224 -0.219103 1.949644 0.016080 -0.021640 0.060026 0.065664 0.060982 0.058771 0.003884
0.218855 -0.214891 1.955698 0.016187 -0.013573 0.059194 0.065932 0.060017 0.058273 0.003753
0.221355 -0.210691 1.961551 0.016273 -0.005223 0.058073 0.066110 0.058762 0.057247 0.004018
0.223724 -0.206490 1.967137 0.016332 0.003362 0.056643 0.066145 0.057184 0.055425 0.003658
0.225966 -0.202278 1.972370 0.016361 0.012126 0.055131 0.066023 0.055440 0.052675 0.004060
0.228091 -0.198041 1.977147 0.016358 0.020986 0.054264 0.065914 0.054221 0.049789 0.004144
0.230119 -0.193768 1.981383 0.016325 0.029836 0.054735 0.066102 0.054397 0.048816 0.004013
0.232074 -0.189450 1.985052 0.016266 0.038616 0.056062 0.066595 0.056118 0.050533 0.004042
0.233977 -0.185085 1.988198 0.016185 0.047469 0.057599 0.067405 0.058755 0.053682 0.004239
0.235844 -0.180673 1.990909 0.016081 0.056751 0.059356 0.068623 0.061437 0.057360 0.004410
0.237681 -0.176218 1.993303 0.015955 0.066800 0.061322 0.070284 0.063689 0.061190 0.004438
0.239485 -0.171724 1.995516 0.015800 0.077754 0.063466 0.072304 0.065331 0.064902 0.004622
0.241244 -0.167191 1.997687 0.015607 0.089378 0.066139 0.074399 0.065726 0.068466 0.004990
0.242938 -0.162618 1.999955 0.015364 0.100824 0.069168 0.076563 0.065907 0.072195 0.003968
0.244548 -0.157996 2.002469 0.015058 0.110967 0.072109 0.078723 0.067007 0.075880 0.004036
0.246050 -0.153309 2.005395 0.014679 0.118848 0.075009 0.080563 0.068321 0.079214 0.004048
0.247429 -0.148537 2.008895 0.014221 0.123628 0.077416 0.081784 0.070110 0.081811 0.003983
0.248687 -0.143656 2.013112 0.013683 0.124777 0.078982 0.081794 0.071754 0.083003 0.004202
0.249852 -0.138644 2.018121 0.013077 0.122081 0.079369 0.079973 0.072558 0.082467 0.004044
0.250984 -0.133489 2.023890 0.012420 0.115579 0.078126 0.075904 0.072123 0.080202 0.003951
0.252165 -0.128190 2.030264 0.011736 0.105606 0.075056 0.069564 0.070319 0.076722 0.004243
0.253476 -0.122760 2.036980 0.011047 0.092826 0.070364 0.061500 0.067305 0.072994 0.004071
0.254974 -0.117226 2.043718 0.010369 0.078162 0.064940 0.053067 0.063739 0.070300 0.003913
0.256670 -0.111619 2.050189 0.009707 0.062621 0.060414 0.046608 0.060961 0.069587 0.003717
0.258527 -0.105972 2.056229 0.009057 0.047081 0.058964 0.044377 0.060379 0.070617 0.003654
0.260477 -0.100310 2.061840 0.008415 0.032020 0.061200 0.045687 0.062009 0.071748 0.003924
0.262447 -0.094655 2.067153 0.007787 0.017358 0.065278 0.047881 0.064812 0.071357 0.003972
0.264382 -0.089025 2.072333 0.007197 0.002719 0.068182 0.049258 0.067100 0.068569 0.003926
0.266251 -0.083442 2.077475 0.006669 -0.012037 0.068232 0.050038 0.067940 0.064810 0.003909
0.268042 -0.077928 2.082585 0.006222 -0.026541 0.066665 0.050669 0.067593 0.061499 0.003967
0.269755 -0.072502 2.087615 0.005859 -0.040247 0.064550 0.051195 0.066628 0.059026 0.003992
0.271399 -0.067176 2.092499 0.005576 -0.052694 0.062358 0.051730 0.065412 0.057269 0.003935
0.272979 -0.061956 2.097175 0.005363 -0.063530 0.060141 0.052284 0.064271 0.056143 0.003976
0.274503 -0.056843 2.101586 0.005209 -0.072458 0.058277 0.052860 0.063117 0.055646 0.003955
0.275977 -0.051833 2.105690 0.005103 -0.079325 0.056694 0.053391 0.061833 0.055694 0.010938
0.277404 -0.046918 2.109452 0.005031 -0.084130 0.055182 0.053836 0.060352 0.056200 0.004016
0.278784 -0.042090 2.112842 0.004979 -0.086879 0.052864 0.054455 0.059312 0.057044 0.003953
0.280115 -0.037335 2.115843 0.004930 -0.087363 0.051700 0.055719 0.058282 0.058732 0.004062
0.281392 -0.032643 2.118467 0.004864 -0.085642 0.051521 0.057545 0.056826 0.060068 0.004078
0.282610 -0.028002 2.120742 0.004766 -0.082119 0.051856 0.059641 0.056003 0.060451 0.003990
0.283766 -0.023400 2.122702 0.004625 -0.077178 0.052920 0.061882 0.056307 0.059909 0.003917
0.284857 -0.018827 2.124394 0.004439 -0.071029 0.054772 0.064280 0.058139 0.059006 0.004013
0.285888 -0.014273 2.125894 0.004214 -0.063655 0.057785 0.067052 0.061307 0.058535 0.003682
0.286861 -0.009734 2.127324 0.003963 -0.054944 0.062009 0.070449 0.065503 0.059088 0.003947
0.287784 -0.005207 2.128871 0.003702 -0.044822 0.067052 0.074668 0.070195 0.061115 0.004002
0.288658 -0.000697 2.130776 0.003443 -0.033323 0.071218 0.078907 0.073919 0.063995 0.003992
0.289472 0.003791 2.133250 0.003190 -0.020529 0.071688 0.080517 0.074495 0.065108 0.004029
0.290199 0.008255 2.136328 0.002934 -0.006429 0.068928 0.078825 0.071886 0.063643 0.003925
0.290806 0.012701 2.139834 0.002667 0.008888 0.064972 0.075803 0.066861 0.060261 0.003930
0.291266 0.017144 2.143473 0.002378 0.024921 0.060114 0.072606 0.060133 0.054593 0.003976
0.291578 0.021603 2.146886 0.002056 0.040920 0.055123 0.069840 0.052949 0.047021 0.003932
0.291771 0.026096 2.149738 0.001696 0.056188 0.053136 0.068293 0.049685 0.042256 0.004023
0.291895 0.030634 2.151854 0.001298 0.070349 0.055227 0.068764 0.052102 0.045511 0.004388
0.291995 0.035218 2.153272 0.000865 0.083648 0.055620 0.070597 0.057432 0.051000 0.004243
0.292100 0.039836 2.154116 0.000391 0.097453 0.054807 0.072730 0.060821 0.055003 0.004243
0.292228 0.044474 2.154484 -0.000137 0.113075 0.054271 0.073986 0.060934 0.058535 0.005571
0.292395 0.049109 2.154422 -0.000740 0.130734 0.054578 0.074334 0.058438 0.062893 0.004730
0.292607 0.053716 2.153984 -0.001447 0.149602 0.057648 0.075978 0.057940 0.071621 0.004939
0.292822 0.058276 2.153372 -0.002295 0.168500 0.062711 0.079518 0.059530 0.081873 0.005285
0.292943 0.062787 2.152940 -0.003326 0.186054 0.068762 0.084490 0.061624 0.089867 0.004804
0.292839 0.067278 2.153068 -0.004570 0.200538 0.074966 0.087487 0.064741 0.089971 0.005341
0.292403 0.071795 2.154019 -0.006007 0.210269 0.080627 0.087898 0.069729 0.090000 0.005002
0.291567 0.076390 2.156022 -0.007591 0.214253 0.085484 0.087501 0.075848 0.090000 0.005380
0.290306 0.081113 2.159313 -0.009262 0.212339 0.089965 0.086724 0.082287 0.090000 0.004715
0.288653 0.086007 2.164117 -0.010961 0.205091 0.089991 0.085745 0.085328 0.090000 0.004737
0.286708 0.091099 2.170532 -0.012662 0.193479 0.090000 0.083425 0.084289 0.090000 0.004826
0.284626 0.096389 2.178538 -0.014352 0.176898 0.090000 0.078113 0.082388 0.090000 0.004455
0.282584 0.101841 2.188030 -0.016004 0.154229 0.090000 0.067894 0.082032 0.086932 0.004301
0.280770 0.107373 2.198758 -0.017551 0.125625 0.087241 0.052289 0.082780 0.074493 0.004035
0.279347 0.112893 2.210247 -0.018906 0.094080 0.076896 0.037352 0.081008 0.065196 0.003939
0.278369 0.118329 2.221966 -0.020043 0.064594 0.069284 0.030265 0.077466 0.061424 0.003929
0.277764 0.123630 2.233565 -0.020983 0.039624 0.065799 0.029347 0.073228 0.059151 0.004173
0.277413 0.128755 2.244847 -0.021748 0.018861 0.064866 0.029719 0.069520 0.056427 0.004230
0.277208 0.133667 2.255699 -0.022353 0.000959 0.064651 0.030903 0.067320 0.053383 0.004349
0.277075 0.138329 2.266055 -0.022798 -0.014997 0.063723 0.032519 0.066910 0.050328 0.004196
0.276967 0.142717 2.275879 -0.023085 -0.028823 0.062513 0.034644 0.068239 0.047748 0.003908
0.276844 0.146819 2.285170 -0.023206 -0.039659 0.063719 0.037942 0.070353 0.046667 0.004107
0.276675 0.150632 2.293999 -0.023153 -0.047159 0.066931 0.042150 0.072857 0.046692 0.004162
0.276444 0.154160 2.302502 -0.022912 -0.051667 0.071494 0.047171 0.075866 0.048023 0.004170
0.276147 0.157405 2.310878 -0.022467 -0.053932 0.076235 0.052685 0.078929 0.050473 0.005533
0.275795 0.160368 2.319364 -0.021807 -0.054795 0.080178 0.058350 0.081704 0.054130 0.004040
0.275409 0.163050 2.328204 -0.020932 -0.054885 0.082022 0.063658 0.083128 0.058305 0.004193
0.275009 0.165455 2.337585 -0.019862 -0.054358 0.080609 0.068043 0.082988 0.062258 0.004211
0.274604 0.167594 2.347592 -0.018639 -0.052613 0.076058 0.071075 0.080680 0.064768 0.004539
0.274172 0.169490 2.358167 -0.017320 -0.048630 0.069610 0.072491 0.076740 0.065353 0.005328
0.273658 0.171181 2.369137 -0.015962 -0.041646 0.063572 0.072135 0.070277 0.063940 0.005566
0.272994 0.172716 2.380240 -0.014613 -0.032093 0.058740 0.070073 0.062367 0.060993 0.004823
0.272131 0.174148 2.391179 -0.013304 -0.021348 0.055587 0.066993 0.054509 0.057314 0.004181
0.271059 0.175525 2.401682 -0.012048 -0.010970 0.053591 0.064181 0.049632 0.054368 0.003906
0.269802 0.176886 2.411565 -0.010847 -0.001772 0.051737 0.062203 0.048486 0.052699 0.003963
0.268394 0.178265 2.420730 -0.009699 0.006393 0.051046 0.061259 0.049077 0.053427 0.003701
0.266862 0.179689 2.429161 -0.008603 0.013892 0.050875 0.061029 0.049237 0.055009 0.003812
0.265224 0.181173 2.436873 -0.007564 0.020917 0.050656 0.061796 0.049569 0.056805 0.003700
0.263491 0.182732 2.443904 -0.006590 0.027667 0.050415 0.063537 0.050162 0.058512 0.003973
0.261668 0.184373 2.450312 -0.005694 0.034418 0.050506 0.066218 0.051156 0.060397 0.003927
0.259756 0.186108 2.456180 -0.004890 0.041473 0.051169 0.069720 0.052504 0.062699 0.003975
0.257750 0.187951 2.461635 -0.004198 0.049094 0.052679 0.074384 0.054525 0.065928 0.003998
0.255641 0.189922 2.466862 -0.003640 0.057539 0.055088 0.080698 0.057733 0.070761 0.004488
0.253408 0.192052 2.472150 -0.003252 0.067219 0.058102 0.088869 0.062204 0.077879 0.004416
0.251023 0.194386 2.477854 -0.003074 0.078723 0.060851 0.089964 0.065151 0.083453 0.004444
0.248453 0.196978 2.484179 -0.003129 0.091909 0.062217 0.089999 0.060931 0.086058 0.004601
0.245684 0.199874 2.491153 -0.003443 0.104374 0.064196 0.090000 0.052084 0.089982 0.005228
0.242741 0.203087 2.498773 -0.004048 0.112267 0.067162 0.085400 0.051395 0.089993 0.004605
0.239683 0.206593 2.507039 -0.004916 0.113665 0.069067 0.082139 0.057483 0.090000 0.004548
0.236572 0.210333 2.516027 -0.006005 0.109330 0.069878 0.080589 0.062763 0.090000 0.004186
0.233458 0.214242 2.525832 -0.007283 0.100967 0.069467 0.080463 0.065471 0.090000 0.004621
0.230379 0.218250 2.536482 -0.008736 0.090068 0.067036 0.078109 0.064496 0.086976 0.005267
0.227387 0.222292 2.547782 -0.010336 0.077581 0.062290 0.069914 0.060884 0.073486 0.004748
0.224550 0.226328 2.559222 -0.012020 0.064358 0.055294 0.057304 0.056875 0.060096 0.004672
0.221912 0.230343 2.570232 -0.013725 0.051738 0.047862 0.043825 0.053385 0.050574 0.004181
0.219464 0.234331 2.580357 -0.015409 0.041139 0.042259 0.032649 0.050536 0.045993 0.003976
0.217144 0.238284 2.589315 -0.017058 0.033415 0.039624 0.026009 0.048533 0.045220 0.003992
0.214876 0.242190 2.596972 -0.018669 0.028733 0.039817 0.023946 0.047667 0.045924 0.004036
0.212588 0.246034 2.603302 -0.020240 0.026800 0.042315 0.024632 0.048328 0.046547 0.003982
0.210222 0.249798 2.608341 -0.021765 0.027105 0.046718 0.026810 0.050566 0.046744 0.004089
0.207743 0.253469 2.612178 -0.023231 0.028988 0.052584 0.030080 0.054107 0.046707 0.004061
0.205128 0.257032 2.614956 -0.024611 0.031634 0.059144 0.034054 0.058441 0.046622 0.004002
0.202366 0.260477 2.616860 -0.025875 0.034102 0.065679 0.038336 0.062984 0.046832 0.003957
0.199452 0.263793 2.618106 -0.026991 0.035423 0.071203 0.042285 0.067010 0.047537 0.003907
0.196379 0.266968 2.618909 -0.027931 0.034800 0.074710 0.045482 0.069874 0.048483 0.003916
0.193149 0.269990 2.619438 -0.028679 0.031875 0.075735 0.047874 0.071341 0.049363 0.003922
0.189767 0.272848 2.619796 -0.029233 0.026875 0.074730 0.049742 0.071567 0.050124 0.003996
0.186247 0.275538 2.620013 -0.029605 0.020439 0.072632 0.051373 0.070935 0.050867 0.003924
0.182608 0.278057 2.620081 -0.029815 0.013311 0.070186 0.052904 0.069859 0.051636 0.003945
0.178871 0.280410 2.619970 -0.029885 0.006140 0.067841 0.054362 0.068602 0.052482 0.003936
0.175057 0.282603 2.619646 -0.029840 -0.000590 0.065617 0.055670 0.067288 0.053306 0.006490
0.171186 0.284646 2.619071 -0.029703 -0.006520 0.063557 0.056805 0.065972 0.054049 0.010236
0.167277 0.286552 2.618209 -0.029493 -0.011399 0.061720 0.057757 0.064560 0.054649 0.005071
0.163346 0.288335 2.617019 -0.029230 -0.015115 0.060230 0.058610 0.063138 0.055149 0.005112
0.159407 0.290007 2.615468 -0.028930 -0.017691 0.059441 0.059688 0.062123 0.055913 0.005207
0.155473 0.291582 2.613552 -0.028607 -0.019208 0.059415 0.061271 0.062279 0.057256 0.005536
0.151555 0.293069 2.611311 -0.028272 -0.019606 0.060524 0.063573 0.063906 0.059516 0.004777
0.147666 0.294476 2.608853 -0.027931 -0.018818 0.063885 0.066720 0.065894 0.063029 0.004184
0.143815 0.295802 2.606358 -0.027591 -0.017226 0.067332 0.069947 0.068294 0.066665 0.004074
0.140006 0.297044 2.604031 -0.027254 -0.015199 0.070114 0.072910 0.070915 0.069956 0.003629
0.136238 0.298197 2.602070 -0.026927 -0.012755 0.071351 0.075106 0.073186 0.072247 0.003683
0.132508 0.299257 2.600613 -0.026613 -0.009414 0.070913 0.076273 0.074764 0.073436 0.003687
0.128807 0.300219 2.599716 -0.026318 -0.004356 0.069671 0.076356 0.075052 0.073529 0.003672
0.125120 0.301087 2.599350 -0.026047 0.002992 0.068540 0.075556 0.073685 0.072629 0.003893
0.121422 0.301865 2.599424 -0.025803 0.012471 0.067910 0.074169 0.071064 0.071125 0.004124
0.117683 0.302561 2.599814 -0.025588 0.023260 0.067498 0.072673 0.068270 0.069653 0.003643
0.113873 0.303183 2.600406 -0.025403 0.034395 0.067196 0.071535 0.066247 0.068696 0.003670
0.109965 0.303738 2.601122 -0.025247 0.045171 0.067061 0.070994 0.065210 0.068396 0.003722
0.105933 0.304232 2.601930 -0.025123 0.055211 0.067175 0.071148 0.064994 0.068711 0.003956
0.101754 0.304669 2.602839 -0.025033 0.064369 0.067555 0.072081 0.065419 0.069549 0.004095
0.097401 0.305052 2.603899 -0.024981 0.072653 0.068205 0.073875 0.066294 0.070822 0.003914
0.092849 0.305388 2.605198 -0.024977 0.080139 0.069112 0.076573 0.067465 0.072473 0.004068
0.088067 0.305683 2.606856 -0.025031 0.086915 0.070275 0.080011 0.068728 0.074424 0.004425
0.083023 0.305950 2.609026 -0.025160 0.092903 0.072243 0.083604 0.069266 0.076815 0.004169
0.077686 0.306212 2.611889 -0.025382 0.097531 0.074905 0.086979 0.070253 0.080348 0.004408
0.072030 0.306498 2.615673 -0.025716 0.100106 0.077568 0.089386 0.072550 0.084263 0.005489
0.066045 0.306838 2.620623 -0.026169 0.100250 0.080349 0.089995 0.074771 0.086955 0.004509
0.059752 0.307263 2.626933 -0.026736 0.097554 0.082745 0.088577 0.076209 0.087403 0.004165
0.053211 0.307794 2.634690 -0.027391 0.091517 0.083440 0.084760 0.076536 0.084996 0.003996
0.046536 0.308442 2.643818 -0.028095 0.081982 0.081368 0.078426 0.075504 0.079972 0.003639
0.039870 0.309202 2.654066 -0.028805 0.069559 0.076375 0.070176 0.073363 0.073478 0.003730
0.033344 0.310061 2.665052 -0.029487 0.055659 0.069878 0.061529 0.070565 0.067258 0.004157
0.027042 0.310995 2.676362 -0.030120 0.041902 0.064192 0.054252 0.067499 0.062754 0.003677
0.020987 0.311971 2.687652 -0.030697 0.029390 0.060334 0.049414 0.064826 0.059927 0.003722
0.015158 0.312944 2.698675 -0.031216 0.018564 0.058362 0.046857 0.062581 0.058179 0.003640
0.009519 0.313870 2.709275 -0.031678 0.009330 0.057709 0.045958 0.060935 0.057023 0.003668
0.004031 0.314703 2.719365 -0.032086 0.001333 0.057768 0.046112 0.059935 0.056207 0.003736
-0.001333 0.315403 2.728899 -0.032442 -0.005805 0.058129 0.046948 0.059505 0.055583 0.003706
-0.006591 0.315934 2.737864 -0.032745 -0.012375 0.058585 0.048220 0.059483 0.055107 0.003673
-0.011753 0.316272 2.746264 -0.032997 -0.018553 0.059026 0.049736 0.059732 0.054803 0.003738
-0.016822 0.316399 2.754115 -0.033198 -0.024413 0.059429 0.051376 0.060143 0.054672 0.003802
-0.021794 0.316308 2.761441 -0.033350 -0.029955 0.059791 0.053039 0.060658 0.054740 0.003891
-0.026666 0.315996 2.768273 -0.033456 -0.035125 0.060134 0.054674 0.061241 0.054996 0.003678
-0.031433 0.315470 2.774641 -0.033519 -0.039794 0.060108 0.056187 0.062156 0.055324 0.003700
-0.036092 0.314737 2.780581 -0.033541 -0.043672 0.060519 0.057774 0.063077 0.055993 0.003749
-0.040640 0.313812 2.786135 -0.033526 -0.046575 0.061319 0.059302 0.063794 0.056843 0.003661
-0.045080 0.312709 2.791354 -0.033475 -0.048507 0.062159 0.060651 0.064419 0.057755 0.005246
-0.049412 0.311442 2.796286 -0.033393 -0.049542 0.062917 0.061789 0.064966 0.058638 0.009506
-0.053638 0.310026 2.800979 -0.033281 -0.049759 0.063569 0.062699 0.065406 0.059450 0.003943
-0.057762 0.308475 2.805472 -0.033141 -0.049239 0.064081 0.063397 0.065745 0.060120 0.003666
-0.061788 0.306801 2.809799 -0.032976 -0.048046 0.064445 0.063888 0.066011 0.060695 0.003744
-0.065722 0.305017 2.813985 -0.032787 -0.046221 0.064735 0.064250 0.066217 0.061162 0.003846
-0.069574 0.303134 2.818050 -0.032575 -0.043797 0.064960 0.064478 0.066378 0.061582 0.003849
-0.073352 0.301163 2.822012 -0.032341 -0.040793 0.065127 0.064617 0.066540 0.061974 0.003660
-0.077067 0.299114 2.825884 -0.032086 -0.037209 0.065252 0.064676 0.066709 0.062383 0.003738
-0.080733 0.296994 2.829678 -0.031811 -0.033025 0.065342 0.064669 0.066875 0.062794 0.003666
-0.084362 0.294811 2.833402 -0.031517 -0.028201 0.065361 0.064550 0.067069 0.063155 0.003791
-0.087971 0.292572 2.837063 -0.031202 -0.022682 0.065448 0.064290 0.067126 0.063432 0.003650
-0.091577 0.290279 2.840660 -0.030867 -0.016493 0.065616 0.063885 0.066908 0.063614 0.003827
-0.095198 0.287938 2.844184 -0.030511 -0.009778 0.065751 0.063341 0.066522 0.063683 0.003718
-0.098852 0.285549 2.847621 -0.030133 -0.002746 0.065814 0.062676 0.066070 0.063682 0.003758
-0.102552 0.283113 2.850951 -0.029732 0.004394 0.065811 0.061888 0.065596 0.063618 0.003833
-0.106312 0.280626 2.854150 -0.029306 0.011445 0.065733 0.060935 0.065074 0.063511 0.003741
-0.110143 0.278085 2.857187 -0.028855 0.018223 0.065532 0.059731 0.064457 0.063329 0.003682
-0.114049 0.275483 2.860024 -0.028375 0.024554 0.065112 0.058154 0.063637 0.063051 0.003674
-0.118034 0.272812 2.862608 -0.027866 0.030272 0.064362 0.056036 0.062433 0.062646 0.003915
-0.122095 0.270059 2.864865 -0.027325 0.035204 0.063132 0.053424 0.060793 0.062253 0.003957
-0.126221 0.267211 2.866704 -0.026754 0.039203 0.061574 0.050958 0.058944 0.062150 0.003890
-0.130398 0.264252 2.868039 -0.026158 0.042107 0.061001 0.049984 0.057218 0.062186 0.003952
-0.134608 0.261167 2.868828 -0.025541 0.043575 0.061884 0.051826 0.057444 0.062268 0.004185
-0.138833 0.257942 2.869103 -0.024904 0.043405 0.063201 0.054991 0.059528 0.062172 0.003937
-0.143062 0.254570 2.868956 -0.024247 0.041823 0.064246 0.058125 0.062316 0.062322 0.003911
-0.147284 0.251049 2.868491 -0.023566 0.039368 0.065224 0.060754 0.064490 0.062555 0.004027
-0.151492 0.247380 2.867806 -0.022859 0.036459 0.066357 0.063114 0.065897 0.062885 0.003921
-0.155681 0.243568 2.866987 -0.022126 0.033224 0.067484 0.065411 0.066898 0.063404 0.003972
-0.159848 0.239616 2.866125 -0.021371 0.029624 0.068519 0.067791 0.067743 0.064191 0.003915
-0.163988 0.235531 2.865313 -0.020598 0.025581 0.069445 0.070326 0.068496 0.065241 0.003996
-0.168102 0.231318 2.864656 -0.019816 0.021021 0.070282 0.073097 0.069205 0.066598 0.003990
-0.172188 0.226982 2.864269 -0.019037 0.015885 0.071135 0.076203 0.069858 0.068295 0.003724
-0.176245 0.222531 2.864289 -0.018275 0.010090 0.072057 0.079648 0.070449 0.070335 0.003895
-0.180269 0.217977 2.864866 -0.017552 0.003501 0.072874 0.083053 0.070811 0.072555 0.003975
-0.184254 0.213335 2.866152 -0.016887 -0.004054 0.073105 0.085359 0.070611 0.074418 0.003894
-0.188188 0.208631 2.868251 -0.016302 -0.012706 0.072174 0.085415 0.069685 0.075250 0.003715
-0.192053 0.203900 2.871174 -0.015807 -0.022380 0.069951 0.083116 0.068292 0.074755 0.003645
-0.195825 0.199178 2.874824 -0.015406 -0.032678 0.066955 0.079486 0.066867 0.073261 0.003663
-0.199482 0.194499 2.879046 -0.015092 -0.042967 0.064120 0.075710 0.065629 0.071443 0.003778
-0.203006 0.189888 2.883671 -0.014855 -0.052646 0.062053 0.072498 0.064598 0.069787 0.003650
-0.206387 0.185362 2.888556 -0.014685 -0.061337 0.060842 0.070041 0.063787 0.068492 0.003798
-0.209617 0.180929 2.893593 -0.014574 -0.068895 0.060264 0.068258 0.063242 0.067556 0.003742
-0.212693 0.176592 2.898704 -0.014515 -0.075300 0.060023 0.066992 0.063091 0.066932 0.003902
-0.215611 0.172352 2.903842 -0.014499 -0.080454 0.059624 0.066117 0.063940 0.066702 0.003961
-0.218372 0.168203 2.908988 -0.014522 -0.084045 0.060679 0.066302 0.064840 0.067211 0.003932
-0.220977 0.164141 2.914166 -0.014579 -0.086075 0.062292 0.066695 0.065641 0.067986 0.003925
-0.223427 0.160159 2.919423 -0.014663 -0.086782 0.063946 0.067272 0.066714 0.068930 0.003990
-0.225723 0.156251 2.924819 -0.014771 -0.086386 0.065636 0.067840 0.067849 0.069900 0.003835
-0.227867 0.152409 2.930421 -0.014898 -0.085077 0.067171 0.068378 0.069066 0.070787 0.004037
-0.229860 0.148627 2.936291 -0.015037 -0.082975 0.068493 0.068751 0.070180 0.071462 0.003924
-0.231709 0.144896 2.942484 -0.015183 -0.080144 0.069404 0.068894 0.071111 0.071782 0.003787
-0.233424 0.141208 2.949030 -0.015330 -0.076573 0.069845 0.068696 0.071663 0.071592 0.003703
-0.235021 0.137556 2.955934 -0.015471 -0.072206 0.069728 0.068093 0.071735 0.070844 0.003708
-0.236524 0.133931 2.963164 -0.015601 -0.066971 0.069163 0.067131 0.071269 0.069593 0.003848
-0.237963 0.130327 2.970659 -0.015714 -0.060834 0.068320 0.065951 0.070393 0.067988 0.003665
-0.239372 0.126739 2.978337 -0.015807 -0.053814 0.067395 0.064696 0.069332 0.066284 0.003671
-0.240785 0.123162 2.986111 -0.015874 -0.045964 0.066523 0.063461 0.068474 0.064712 0.003651
-0.242236 0.119594 2.993901 -0.015912 -0.037324 0.065966 0.062215 0.067537 0.063327 0.003681
-0.243758 0.116033 3.001634 -0.015917 -0.028040 0.065540 0.060876 0.066651 0.062082 0.003744
