0.300000 0.000000 0.040000 0.000000 0.000000 0.065500 0.065500 0.065500 0.065500 0.004115
0.300000 0.000000 0.040002 0.000000 0.000000 0.065581 0.065581 0.065581 0.065581 0.004653
0.300000 0.000000 0.040021 0.000033 0.000425 0.074250 0.054544 0.079669 0.054627 0.005400
0.299998 0.000000 0.040220 0.000240 0.002896 0.086169 0.051555 0.089765 0.068673 0.004157
0.299984 -0.000001 0.040989 0.000687 0.007258 0.080767 0.056724 0.082940 0.060258 0.004595
0.299940 -0.000007 0.042255 0.001348 0.012434 0.084986 0.061472 0.082914 0.066905 0.009326
0.299847 -0.000022 0.044081 0.002191 0.016749 0.078318 0.064462 0.075072 0.060090 0.022198
0.299697 -0.000047 0.046314 0.003166 0.019733 0.079016 0.068630 0.077965 0.067583 0.018492
0.299481 -0.000082 0.049061 0.004233 0.022026 0.074733 0.073247 0.073900 0.066937 0.016565
0.299194 -0.000121 0.052343 0.005348 0.024116 0.076054 0.076142 0.078106 0.070821 0.005179
0.298819 -0.000155 0.056303 0.006491 0.026897 0.074645 0.079434 0.076170 0.071629 0.004574
0.298338 -0.000166 0.061016 0.007635 0.030438 0.075782 0.081903 0.077449 0.074662 0.004394
0.297721 -0.000132 0.066580 0.008760 0.034707 0.074682 0.083328 0.075590 0.075016 0.004001
0.296942 -0.000022 0.073005 0.009845 0.039415 0.074751 0.083542 0.074672 0.075993 0.004350
0.295977 0.000205 0.080269 0.010881 0.044139 0.073696 0.082221 0.072605 0.075230 0.003707
0.294812 0.000590 0.088283 0.011863 0.048438 0.073056 0.079947 0.070873 0.074340 0.003839
0.293451 0.001174 0.096927 0.012796 0.051892 0.072032 0.076873 0.069195 0.072772 0.003679
0.291912 0.001993 0.106063 0.013691 0.054233 0.071116 0.073512 0.067907 0.071084 0.003665
0.290226 0.003075 0.115552 0.014562 0.055334 0.070136 0.070020 0.066939 0.069239 0.003907
0.288431 0.004433 0.125261 0.015423 0.055209 0.069211 0.066544 0.066216 0.067389 0.003980
0.286569 0.006074 0.135068 0.016291 0.053952 0.068294 0.063112 0.065650 0.065566 0.003923
0.284677 0.007989 0.144859 0.017181 0.051714 0.067390 0.059787 0.065171 0.063829 0.004256
0.282788 0.010164 0.154531 0.018108 0.048667 0.066480 0.056660 0.064704 0.062236 0.004284
0.280928 0.012574 0.163991 0.019084 0.044996 0.065560 0.053881 0.064264 0.060833 0.004083
0.279113 0.015191 0.173157 0.020118 0.040888 0.064680 0.051604 0.063839 0.059653 0.003951
0.277351 0.017982 0.181965 0.021217 0.036515 0.063908 0.049957 0.063464 0.058693 0.004161
0.275642 0.020916 0.190366 0.022385 0.032024 0.063317 0.048990 0.063166 0.057919 0.004191
0.273981 0.023961 0.198327 0.023625 0.027514 0.062933 0.048655 0.062957 0.057308 0.004200
0.272361 0.027090 0.205831 0.024938 0.023040 0.062704 0.048833 0.062828 0.056873 0.003983
0.270774 0.030282 0.212874 0.026323 0.018626 0.062585 0.049434 0.062760 0.056597 0.003946
0.269212 0.033519 0.219464 0.027779 0.014279 0.062489 0.050345 0.062752 0.056497 0.003903
0.267669 0.036787 0.225614 0.029302 0.010016 0.062378 0.051490 0.062781 0.056617 0.004023
0.266140 0.040078 0.231344 0.030888 0.005874 0.062245 0.052824 0.062819 0.056982 0.003851
0.264622 0.043387 0.236681 0.032532 0.001907 0.062068 0.054307 0.062882 0.057599 0.004339
0.263114 0.046713 0.241654 0.034224 -0.001810 0.061890 0.055935 0.062977 0.058477 0.004101
0.261613 0.050056 0.246300 0.035956 -0.005119 0.061146 0.057725 0.063447 0.059571 0.004092
0.260118 0.053420 0.250664 0.037716 -0.007662 0.061092 0.060013 0.063974 0.061384 0.004121
0.258623 0.056811 0.254812 0.039490 -0.009275 0.061940 0.062461 0.064024 0.063478 0.004099
0.257124 0.060234 0.258826 0.041264 -0.010180 0.062520 0.064697 0.063933 0.065412 0.004206
0.255618 0.063696 0.262782 0.043023 -0.010633 0.062813 0.066706 0.063776 0.067248 0.004102
0.254103 0.067203 0.266746 0.044750 -0.010794 0.062627 0.068440 0.063604 0.068863 0.004201
0.252577 0.070757 0.270772 0.046430 -0.010679 0.062321 0.069988 0.063441 0.070367 0.004053
0.251037 0.074364 0.274907 0.048048 -0.010185 0.061439 0.071456 0.063499 0.071720 0.003953
0.249477 0.078027 0.279193 0.049586 -0.009000 0.060625 0.073106 0.063623 0.073249 0.003870
0.247886 0.081748 0.283673 0.051028 -0.006821 0.060266 0.074621 0.063327 0.074682 0.004069
0.246247 0.085530 0.288388 0.052358 -0.003601 0.059923 0.075700 0.062655 0.075747 0.003988
0.244541 0.089372 0.293361 0.053561 0.000550 0.059446 0.076324 0.061739 0.076380 0.003914
0.242747 0.093273 0.298592 0.054625 0.005470 0.058923 0.076577 0.060724 0.076653 0.003880
0.240841 0.097230 0.304067 0.055542 0.010979 0.058495 0.076610 0.059786 0.076702 0.003900
0.238801 0.101237 0.309768 0.056307 0.016902 0.058269 0.076551 0.059146 0.076648 0.003891
0.236605 0.105289 0.315677 0.056917 0.023102 0.058345 0.076460 0.058981 0.076582 0.006695
0.234233 0.109382 0.321790 0.057373 0.029508 0.058801 0.076338 0.059415 0.076548 0.004430
0.231663 0.113510 0.328117 0.057678 0.036115 0.059737 0.076194 0.060369 0.076596 0.004149
0.228871 0.117666 0.334682 0.057840 0.042861 0.061537 0.076455 0.060925 0.076825 0.004306
0.225835 0.121844 0.341534 0.057865 0.049369 0.063770 0.076962 0.062025 0.077329 0.004069
0.222539 0.126038 0.348748 0.057762 0.055231 0.066344 0.077765 0.063986 0.078180 0.004228
0.218967 0.130243 0.356434 0.057542 0.060184 0.068949 0.079047 0.066416 0.079348 0.004298
0.215111 0.134452 0.364734 0.057211 0.064107 0.071408 0.080811 0.068803 0.081058 0.004117
0.210966 0.138660 0.373808 0.056774 0.066882 0.073516 0.082919 0.070207 0.083228 0.004123
0.206535 0.142858 0.383816 0.056223 0.068182 0.075070 0.084739 0.070621 0.085722 0.004353
0.201843 0.147030 0.394898 0.055545 0.067479 0.075681 0.085825 0.069715 0.087547 0.005282
0.196949 0.151154 0.407128 0.054725 0.064181 0.074750 0.085280 0.067947 0.087892 0.004844
0.191949 0.155191 0.420472 0.053752 0.057968 0.071352 0.082913 0.064064 0.085257 0.004653
0.186977 0.159096 0.434722 0.052622 0.048900 0.065105 0.077930 0.059115 0.079735 0.004357
0.182170 0.162825 0.449499 0.051343 0.037739 0.055576 0.071640 0.052705 0.070823 0.004367
0.177633 0.166346 0.464302 0.049929 0.025820 0.044882 0.064328 0.047147 0.061070 0.005623
0.173403 0.169654 0.478631 0.048399 0.014682 0.034721 0.058386 0.042621 0.051334 0.004703
0.169449 0.172766 0.492082 0.046772 0.005526 0.028242 0.053572 0.039885 0.044751 0.004845
0.165700 0.175715 0.504385 0.045064 -0.001062 0.024928 0.050780 0.038009 0.040869 0.004927
0.162079 0.178540 0.515385 0.043286 -0.004981 0.024299 0.049077 0.036551 0.040141 0.004474
0.158517 0.181276 0.525002 0.041439 -0.006444 0.024560 0.048859 0.035500 0.041062 0.004119
0.154964 0.183952 0.533212 0.039520 -0.005747 0.025861 0.049833 0.035042 0.043243 0.004353
0.151386 0.186594 0.540035 0.037521 -0.003220 0.027958 0.051903 0.035123 0.046188 0.004096
0.147763 0.189223 0.545530 0.035432 0.000765 0.031075 0.054656 0.035820 0.049812 0.004042
0.144089 0.191857 0.549795 0.033239 0.005751 0.035053 0.057597 0.037097 0.053909 0.003850
0.140362 0.194509 0.552962 0.030930 0.011175 0.039512 0.060177 0.038902 0.058178 0.003935
0.136587 0.197191 0.555184 0.028495 0.016389 0.044279 0.062031 0.041066 0.062207 0.003922
0.132766 0.199908 0.556621 0.025930 0.020659 0.048528 0.062553 0.042800 0.064993 0.004110
0.128900 0.202659 0.557395 0.023239 0.023234 0.050707 0.060889 0.043125 0.065454 0.004328
0.124990 0.205437 0.557529 0.020435 0.023561 0.049716 0.056459 0.040945 0.063364 0.004617
0.121036 0.208231 0.556910 0.017533 0.021366 0.046015 0.049379 0.035532 0.059647 0.004597
0.117029 0.211028 0.555335 0.014548 0.016460 0.042687 0.040819 0.029021 0.055552 0.005188
0.112947 0.213823 0.552604 0.011497 0.008501 0.042245 0.033581 0.024660 0.052111 0.005099
0.108745 0.216616 0.548614 0.008399 -0.002939 0.042677 0.030748 0.024652 0.050452 0.005387
0.104353 0.219420 0.543368 0.005264 -0.017865 0.041993 0.031743 0.027355 0.050478 0.005184
0.099690 0.222257 0.536936 0.002094 -0.035600 0.040403 0.034732 0.031707 0.051659 0.004868
0.094676 0.225149 0.529430 -0.001118 -0.054850 0.038941 0.038919 0.037814 0.053582 0.005183
0.089249 0.228127 0.520992 -0.004380 -0.073624 0.034498 0.043805 0.045409 0.054014 0.009736
0.083397 0.231216 0.511772 -0.007697 -0.089108 0.037331 0.050844 0.052923 0.056622 0.004641
0.077169 0.234440 0.502005 -0.011071 -0.099442 0.044809 0.059494 0.058019 0.061291 0.004889
0.070665 0.237807 0.492011 -0.014510 -0.104330 0.053321 0.069459 0.063408 0.066890 0.005118
0.064010 0.241303 0.482205 -0.018030 -0.104102 0.062794 0.080534 0.070423 0.072701 0.005072
0.057349 0.244879 0.473101 -0.021636 -0.099154 0.073326 0.089832 0.079059 0.076598 0.005338
0.050824 0.248463 0.465197 -0.025294 -0.090125 0.085485 0.089960 0.087979 0.071502 0.007166
0.044531 0.251980 0.458747 -0.028898 -0.078601 0.089891 0.090000 0.089952 0.064952 0.026593
0.038510 0.255378 0.453720 -0.032386 -0.065808 0.086342 0.090000 0.089998 0.061327 0.016558
0.032775 0.258647 0.449907 -0.035756 -0.050632 0.082509 0.090000 0.087514 0.059825 0.014678
0.027321 0.261804 0.447016 -0.039044 -0.033317 0.076927 0.090000 0.076546 0.058186 0.005669
0.022125 0.264897 0.444592 -0.042307 -0.016996 0.071525 0.076998 0.067498 0.055158 0.005093
0.017169 0.267978 0.442085 -0.045539 -0.003896 0.069885 0.064080 0.064756 0.052381 0.004774
0.012453 0.271066 0.439165 -0.048697 0.005413 0.071354 0.055654 0.067151 0.052374 0.005638
0.007972 0.274144 0.435784 -0.051734 0.011507 0.074323 0.051797 0.072901 0.054719 0.005236
0.003711 0.277178 0.432099 -0.054605 0.015838 0.078118 0.051156 0.080009 0.058030 0.004856
-0.000360 0.280129 0.428380 -0.057267 0.020167 0.082435 0.052827 0.086334 0.062127 0.005155
-0.004276 0.282965 0.424941 -0.059688 0.025707 0.086150 0.056634 0.089961 0.065873 0.005350
-0.008084 0.285671 0.422069 -0.061857 0.032399 0.089787 0.061156 0.089994 0.069622 0.004963
-0.011844 0.288240 0.419996 -0.063787 0.038941 0.089994 0.065666 0.090000 0.073874 0.004854
-0.015620 0.290675 0.418910 -0.065513 0.045051 0.090000 0.070235 0.090000 0.078538 0.005529
-0.019474 0.292979 0.418995 -0.067076 0.050750 0.090000 0.074708 0.089474 0.082658 0.004346
-0.023468 0.295154 0.420422 -0.068522 0.055770 0.090000 0.078961 0.088052 0.086474 0.004602
-0.027652 0.297198 0.423344 -0.069900 0.059482 0.090000 0.082393 0.086915 0.089570 0.004608
-0.032060 0.299107 0.427887 -0.071247 0.061334 0.090000 0.084275 0.086202 0.089995 0.004606
-0.036698 0.300872 0.434119 -0.072582 0.060980 0.090000 0.085005 0.085819 0.090000 0.004571
-0.041544 0.302483 0.442079 -0.073912 0.058264 0.090000 0.084733 0.085857 0.090000 0.004606
-0.046543 0.303922 0.451783 -0.075230 0.053274 0.090000 0.082852 0.086631 0.088180 0.004472
-0.051620 0.305166 0.463175 -0.076509 0.046422 0.090000 0.077839 0.087685 0.081765 0.004352
-0.056685 0.306201 0.476064 -0.077685 0.038204 0.090000 0.070027 0.087974 0.073158 0.004221
-0.061641 0.307026 0.490150 -0.078683 0.028772 0.088142 0.061356 0.085472 0.064102 0.003960
-0.066395 0.307655 0.505034 -0.079461 0.018319 0.079416 0.053998 0.080577 0.056299 0.003691
-0.070887 0.308111 0.520233 -0.080026 0.008439 0.070714 0.049328 0.075413 0.051176 0.003705
-0.075127 0.308410 0.535343 -0.080411 0.000529 0.065550 0.047250 0.071377 0.048959 0.003711
-0.079168 0.308558 0.550120 -0.080641 -0.005083 0.064076 0.046738 0.068330 0.048602 0.004138
-0.083064 0.308552 0.564446 -0.080734 -0.009025 0.064408 0.046860 0.066044 0.048916 0.008499
-0.086845 0.308384 0.578275 -0.080701 -0.012286 0.064895 0.047114 0.064455 0.049203 0.003785
-0.090514 0.308047 0.591590 -0.080549 -0.015662 0.064831 0.047317 0.063443 0.049282 0.003617
-0.094060 0.307538 0.604378 -0.080281 -0.019540 0.064266 0.047508 0.062847 0.049217 0.003623
-0.097468 0.306853 0.616621 -0.079905 -0.023695 0.061251 0.047786 0.064060 0.048842 0.003615
-0.100740 0.305993 0.628299 -0.079426 -0.026944 0.061188 0.049192 0.065111 0.049532 0.003617
-0.103903 0.304953 0.639438 -0.078847 -0.028797 0.062440 0.050681 0.065430 0.050376 0.003695
-0.106983 0.303732 0.650081 -0.078168 -0.029508 0.063950 0.052135 0.065643 0.051247 0.003871
-0.109995 0.302330 0.660278 -0.077392 -0.029538 0.065001 0.053271 0.065761 0.051929 0.003841
-0.112949 0.300754 0.670070 -0.076518 -0.029262 0.065690 0.054183 0.065840 0.052486 0.003964
-0.115848 0.299009 0.679489 -0.075550 -0.028918 0.065924 0.054813 0.065855 0.052884 0.003941
-0.118694 0.297106 0.688556 -0.074489 -0.028615 0.066062 0.055338 0.065827 0.053234 0.003850
-0.121488 0.295055 0.697286 -0.073338 -0.028409 0.065996 0.055712 0.065795 0.053514 0.003960
-0.124229 0.292867 0.705690 -0.072100 -0.028291 0.065966 0.056094 0.065823 0.053827 0.003995
-0.126920 0.290554 0.713780 -0.070776 -0.028222 0.065866 0.056455 0.065972 0.054161 0.003861
-0.129562 0.288126 0.721570 -0.069370 -0.028095 0.065832 0.056904 0.066292 0.054574 0.003587
-0.132161 0.285592 0.729079 -0.067884 -0.027753 0.065810 0.057388 0.066769 0.055078 0.003606
-0.134723 0.282962 0.736330 -0.066318 -0.026984 0.065799 0.057907 0.067355 0.055666 0.003653
-0.137261 0.280243 0.743346 -0.064674 -0.025532 0.065757 0.058401 0.067957 0.056281 0.003834
-0.139790 0.277443 0.750153 -0.062955 -0.023126 0.065672 0.058781 0.068419 0.056907 0.003785
-0.142331 0.274569 0.756767 -0.061162 -0.019540 0.065535 0.058982 0.068593 0.057480 0.004032
-0.144908 0.271627 0.763195 -0.059298 -0.014657 0.065410 0.058915 0.068294 0.057938 0.004308
-0.147548 0.268622 0.769430 -0.057367 -0.008566 0.065422 0.058545 0.067468 0.058296 0.004471
-0.150274 0.265560 0.775452 -0.055371 -0.001587 0.065453 0.057962 0.066481 0.058650 0.004107
-0.153106 0.262443 0.781238 -0.053313 0.005878 0.065446 0.057238 0.065605 0.059082 0.003880
-0.156056 0.259270 0.786764 -0.051197 0.013402 0.065859 0.056210 0.064376 0.059447 0.004108
-0.159128 0.256040 0.792006 -0.049023 0.020364 0.066503 0.055189 0.063467 0.059941 0.004012
-0.162319 0.252743 0.796955 -0.046791 0.026181 0.067039 0.054416 0.063378 0.060661 0.004369
-0.165616 0.249370 0.801620 -0.044497 0.030570 0.067394 0.053954 0.063926 0.061516 0.004176
-0.169003 0.245904 0.806026 -0.042142 0.033546 0.067603 0.053890 0.064800 0.062415 0.004153
-0.172462 0.242329 0.810203 -0.039723 0.035312 0.067717 0.054313 0.065763 0.063232 0.004233
-0.175975 0.238626 0.814186 -0.037241 0.036147 0.067790 0.055261 0.066641 0.063905 0.004106
-0.179524 0.234776 0.818012 -0.034698 0.036322 0.067800 0.056689 0.067328 0.064388 0.004099
-0.183091 0.230765 0.821715 -0.032100 0.036056 0.067715 0.058515 0.067679 0.064747 0.004096
-0.186660 0.226578 0.825325 -0.029452 0.035481 0.067504 0.060679 0.067617 0.065077 0.004117
-0.190214 0.222210 0.828872 -0.026766 0.034618 0.067141 0.063156 0.067142 0.065504 0.004173
-0.193741 0.217658 0.832385 -0.024057 0.033394 0.066608 0.065912 0.066295 0.066102 0.004124
-0.197228 0.212927 0.835898 -0.021347 0.031668 0.065874 0.068881 0.065147 0.066901 0.003944
-0.200668 0.208026 0.839450 -0.018657 0.029274 0.064915 0.071940 0.063751 0.067877 0.004072
-0.204055 0.202973 0.843081 -0.016018 0.026055 0.063796 0.074939 0.062157 0.068985 0.004003
-0.207388 0.197791 0.846841 -0.013458 0.021870 0.062580 0.077755 0.060503 0.070226 0.003922
-0.210667 0.192507 0.850778 -0.011008 0.016609 0.061370 0.080205 0.058861 0.071591 0.003593
-0.213896 0.187154 0.854943 -0.008697 0.010189 0.060168 0.082011 0.057233 0.072980 0.003865
-0.217075 0.181771 0.859380 -0.006552 0.002546 0.058871 0.082763 0.055529 0.074065 0.003939
-0.220202 0.176396 0.864100 -0.004592 -0.006358 0.057356 0.082183 0.053791 0.074431 0.003970
-0.223269 0.171067 0.869076 -0.002826 -0.016474 0.055486 0.080393 0.052299 0.073887 0.003872
-0.226264 0.165819 0.874233 -0.001255 -0.027562 0.053216 0.077795 0.051244 0.072637 0.006733
-0.229170 0.160678 0.879465 0.000129 -0.039161 0.050845 0.074943 0.050586 0.071004 0.003960
-0.231975 0.155662 0.884656 0.001337 -0.050642 0.048034 0.072200 0.050540 0.069301 0.003902
-0.234672 0.150780 0.889688 0.002379 -0.061183 0.045640 0.070150 0.050885 0.068010 0.003981
-0.237261 0.146032 0.894472 0.003264 -0.070011 0.044291 0.069141 0.051424 0.067493 0.003955
-0.239748 0.141414 0.898962 0.003997 -0.076617 0.044316 0.069247 0.051977 0.067886 0.003875
-0.242138 0.136919 0.903155 0.004576 -0.080855 0.045461 0.070108 0.052476 0.068997 0.004032
-0.244436 0.132542 0.907092 0.004999 -0.082893 0.047221 0.071226 0.053024 0.070437 0.003847
-0.246645 0.128276 0.910831 0.005261 -0.083064 0.049132 0.072106 0.053736 0.071721 0.003929
-0.248767 0.124118 0.914431 0.005361 -0.081727 0.050938 0.072352 0.054537 0.072358 0.003902
-0.250805 0.120062 0.917931 0.005305 -0.079196 0.052363 0.071510 0.055221 0.071752 0.004132
-0.252768 0.116104 0.921323 0.005107 -0.075746 0.053527 0.069314 0.055366 0.069179 0.004090
-0.254671 0.112238 0.924527 0.004795 -0.071755 0.054290 0.065249 0.054427 0.063889 0.004676
-0.256529 0.108460 0.927385 0.004406 -0.067837 0.055044 0.060064 0.052349 0.056514 0.005138
-0.258359 0.104765 0.929702 0.003984 -0.064855 0.055355 0.055142 0.050221 0.050000 0.004348
-0.260171 0.101145 0.931317 0.003560 -0.063239 0.052827 0.052009 0.051898 0.048375 0.005167
-0.261968 0.097589 0.932176 0.003148 -0.061897 0.052066 0.052285 0.056329 0.052558 0.005157
-0.263741 0.094083 0.932387 0.002747 -0.059518 0.056487 0.056217 0.059503 0.059745 0.004117
-0.265476 0.090614 0.932197 0.002345 -0.056237 0.062301 0.061603 0.062296 0.067124 0.004065
-0.267150 0.087175 0.931930 0.001926 -0.052803 0.067026 0.066775 0.067382 0.074204 0.003851
-0.268744 0.083761 0.931953 0.001480 -0.048998 0.070883 0.070477 0.074966 0.080518 0.003946
-0.270241 0.080371 0.932614 0.001011 -0.043298 0.072813 0.070965 0.081077 0.083433 0.003873
-0.271645 0.077000 0.934090 0.000540 -0.033946 0.072594 0.067774 0.081754 0.081765 0.003999
-0.272994 0.073630 0.936276 0.000090 -0.020635 0.071641 0.062075 0.077199 0.076828 0.004240
-0.274340 0.070239 0.938863 -0.000316 -0.004880 0.070239 0.055542 0.071187 0.071347 0.003860
-0.275718 0.066798 0.941501 -0.000664 0.011263 0.069603 0.049288 0.065692 0.066863 0.004362
-0.277134 0.063284 0.943913 -0.000939 0.025835 0.070819 0.045353 0.063001 0.063792 0.004379
-0.278569 0.059678 0.945969 -0.001120 0.037720 0.071260 0.044704 0.067085 0.063141 0.004710
-0.279999 0.055968 0.947679 -0.001184 0.048000 0.071073 0.043457 0.071832 0.061593 0.004606
-0.281409 0.052145 0.949075 -0.001100 0.058693 0.071958 0.042277 0.077467 0.059884 0.005200
-0.282790 0.048205 0.950208 -0.000828 0.071649 0.074734 0.041753 0.080504 0.057315 0.004766
-0.284140 0.044146 0.951136 -0.000333 0.087196 0.078433 0.045836 0.081944 0.057427 0.004980
-0.285471 0.039965 0.951979 0.000400 0.104396 0.081479 0.052550 0.081645 0.059639 0.004848
-0.286810 0.035656 0.952905 0.001357 0.121527 0.085141 0.060739 0.080735 0.063617 0.005042
-0.288203 0.031206 0.954152 0.002511 0.136316 0.088372 0.068955 0.080769 0.068573 0.005196
-0.289705 0.026593 0.956012 0.003822 0.146859 0.089991 0.076432 0.081191 0.073934 0.005068
-0.291357 0.021791 0.958788 0.005243 0.152105 0.089999 0.083042 0.081353 0.078891 0.004984
-0.293170 0.016773 0.962753 0.006714 0.151599 0.090000 0.089361 0.080899 0.083135 0.005490
-0.295106 0.011525 0.968139 0.008184 0.144780 0.090000 0.089980 0.080727 0.084274 0.004406
-0.297060 0.006051 0.975044 0.009635 0.131027 0.090000 0.090000 0.079406 0.082771 0.004438
-0.298865 0.000382 0.983469 0.011068 0.109417 0.090000 0.090000 0.078984 0.078712 0.004234
-0.300316 -0.005420 0.993310 0.012485 0.080372 0.078588 0.090000 0.074120 0.073454 0.004142
-0.301223 -0.011272 1.004173 0.013829 0.048079 0.060661 0.090000 0.064573 0.068580 0.004410
-0.301528 -0.017095 1.015535 0.015011 0.017267 0.044414 0.090000 0.055614 0.066735 0.004094
-0.301311 -0.022817 1.027023 0.015956 -0.009347 0.036429 0.090000 0.049342 0.067134 0.004354
-0.300714 -0.028376 1.038465 0.016624 -0.031513 0.035914 0.086626 0.044831 0.067718 0.009108
-0.299867 -0.033714 1.049750 0.017015 -0.050458 0.037435 0.080483 0.041885 0.067589 0.003955
-0.298854 -0.038790 1.060760 0.017153 -0.067531 0.039051 0.075554 0.040948 0.067181 0.003844
-0.297710 -0.043580 1.071400 0.017064 -0.083032 0.033644 0.070769 0.045208 0.067063 0.003839
-0.296458 -0.048083 1.081626 0.016765 -0.095151 0.035797 0.073164 0.049612 0.071071 0.004094
-0.295114 -0.052312 1.091600 0.016246 -0.103086 0.041349 0.078049 0.052195 0.078137 0.004398
-0.293672 -0.056277 1.101654 0.015471 -0.107784 0.053222 0.087641 0.054343 0.087118 0.004399
-0.292087 -0.059973 1.112258 0.014401 -0.111792 0.060972 0.088804 0.059092 0.089945 0.004688
-0.290288 -0.063383 1.123739 0.013057 -0.117335 0.076136 0.089998 0.064214 0.089996 0.005124
-0.288151 -0.066480 1.136316 0.011501 -0.126420 0.065408 0.080246 0.070969 0.089741 0.006040
-0.285588 -0.069263 1.149863 0.009790 -0.135123 0.079537 0.089946 0.075264 0.074991 0.005134
-0.282575 -0.071714 1.164265 0.008005 -0.142971 0.047815 0.055891 0.072914 0.078218 0.004806
-0.279274 -0.073868 1.178761 0.006180 -0.144717 0.065749 0.072179 0.060842 0.046771 0.004629
-0.275832 -0.075745 1.192925 0.004383 -0.145152 0.044021 0.041936 0.063426 0.031385 0.004360
-0.272391 -0.077312 1.206237 0.002653 -0.143242 0.062667 0.060956 0.034750 0.052107 0.004985
-0.268918 -0.078556 1.218656 0.000924 -0.145433 0.034117 0.032683 0.054965 0.025135 0.005449
-0.265432 -0.079491 1.229781 -0.000739 -0.142415 0.009053 0.007727 0.071450 0.046710 0.004876
-0.262093 -0.080201 1.239814 -0.002305 -0.124736 0.032259 0.025115 0.083124 0.064856 0.005826
-0.259107 -0.080803 1.249314 -0.003799 -0.092661 0.052852 0.046693 0.050629 0.073295 0.004921
-0.256602 -0.081390 1.258403 -0.005322 -0.060394 0.069780 0.040568 0.036492 0.066371 0.004251
-0.254483 -0.082020 1.267024 -0.006829 -0.037997 0.081344 0.038453 0.049261 0.057440 0.003841
-0.252555 -0.082725 1.275214 -0.008223 -0.027077 0.070526 0.038741 0.056734 0.056237 0.003897
-0.250673 -0.083523 1.282913 -0.009501 -0.021766 0.066259 0.045949 0.067047 0.057585 0.003929
-0.248785 -0.084431 1.290237 -0.010664 -0.016563 0.066451 0.048091 0.072123 0.058527 0.003850
-0.246901 -0.085467 1.297355 -0.011701 -0.009064 0.072001 0.050670 0.077072 0.062215 0.003967
-0.245050 -0.086657 1.304522 -0.012586 0.000892 0.077850 0.051657 0.080690 0.066374 0.004634
-0.243262 -0.088037 1.312068 -0.013289 0.012552 0.088816 0.055690 0.089922 0.074540 0.004125
-0.241558 -0.089670 1.320476 -0.013770 0.025156 0.089938 0.059376 0.089961 0.079147 0.004352
-0.239940 -0.091641 1.329958 -0.014047 0.038194 0.089999 0.067182 0.090000 0.079622 0.004425
-0.238384 -0.094034 1.340540 -0.014154 0.050463 0.090000 0.076774 0.079361 0.066023 0.004732
-0.236807 -0.096861 1.351956 -0.014129 0.056430 0.090000 0.087093 0.066312 0.049214 0.004852
-0.235072 -0.100009 1.363787 -0.014052 0.051425 0.062202 0.089696 0.043260 0.031004 0.004611
-0.233097 -0.103291 1.375318 -0.014019 0.039306 0.063911 0.055701 0.062044 0.051781 0.004354
-0.230882 -0.106605 1.386400 -0.013936 0.025905 0.066363 0.046966 0.072808 0.066702 0.004687
-0.228415 -0.109976 1.397349 -0.013749 0.015527 0.074665 0.040983 0.085101 0.079761 0.004877
-0.225664 -0.113480 1.408330 -0.013446 0.010045 0.048815 0.060170 0.056414 0.047992 0.004768
-0.222630 -0.117134 1.418559 -0.013103 0.006438 0.063605 0.036901 0.051155 0.036171 0.004386
-0.219319 -0.120901 1.427741 -0.012656 0.000566 0.056357 0.035218 0.068429 0.054540 0.004605
-0.215722 -0.124765 1.436086 -0.012070 -0.002741 0.072545 0.046322 0.070004 0.034976 0.004120
-0.211862 -0.128712 1.443734 -0.011292 -0.005482 0.060846 0.054396 0.068346 0.020938 0.004097
-0.207801 -0.132707 1.450549 -0.010358 -0.006339 0.057045 0.055902 0.053719 0.019720 0.004142
-0.203621 -0.136725 1.456344 -0.009336 -0.007516 0.049018 0.056793 0.052098 0.021338 0.003862
-0.199394 -0.140753 1.461056 -0.008261 -0.007945 0.049853 0.056127 0.052194 0.024228 0.003962
-0.195183 -0.144794 1.464758 -0.007134 -0.007325 0.054675 0.055143 0.056950 0.028331 0.003872
-0.191035 -0.148863 1.467649 -0.005928 -0.005784 0.063304 0.055972 0.063182 0.035204 0.011177
-0.186982 -0.152977 1.470054 -0.004605 -0.004348 0.072974 0.059214 0.068920 0.042739 0.005011
-0.183052 -0.157149 1.472380 -0.003135 -0.005002 0.080448 0.065199 0.072436 0.050808 0.004875
-0.179268 -0.161385 1.474998 -0.001516 -0.009867 0.081080 0.069494 0.070137 0.057088 0.004137
-0.175639 -0.165674 1.478031 0.000208 -0.019752 0.073576 0.068659 0.065252 0.059577 0.004669
-0.172154 -0.169995 1.481313 0.001982 -0.032807 0.064574 0.065045 0.061919 0.058813 0.004123
-0.168795 -0.174329 1.484601 0.003770 -0.046313 0.059306 0.062590 0.060906 0.057375 0.004139
-0.165546 -0.178662 1.487748 0.005562 -0.058615 0.059214 0.061476 0.060797 0.056174 0.005100
-0.162392 -0.182989 1.490722 0.007366 -0.069537 0.061223 0.061232 0.062185 0.054719 0.004604
-0.159315 -0.187303 1.493560 0.009202 -0.079406 0.064754 0.061200 0.063916 0.053277 0.004659
-0.156297 -0.191597 1.496328 0.011092 -0.088618 0.065278 0.060858 0.066391 0.052230 0.005475
-0.153323 -0.195861 1.499069 0.013054 -0.096613 0.065101 0.059965 0.067810 0.052192 0.004602
-0.150386 -0.200086 1.501794 0.015098 -0.102506 0.061687 0.057666 0.068622 0.052173 0.005100
-0.147489 -0.204265 1.504447 0.017222 -0.105136 0.060123 0.054348 0.066363 0.052532 0.004590
-0.144648 -0.208398 1.506929 0.019418 -0.104536 0.056642 0.050169 0.062558 0.052708 0.005040
-0.141880 -0.212497 1.509093 0.021671 -0.101183 0.055056 0.047066 0.057343 0.054158 0.004745
-0.139198 -0.216583 1.510818 0.023960 -0.096099 0.052622 0.045927 0.053966 0.057110 0.004344
-0.136600 -0.220678 1.512044 0.026256 -0.089811 0.051891 0.047103 0.052017 0.062131 0.004924
-0.134073 -0.224801 1.512806 0.028527 -0.082658 0.051364 0.050667 0.051936 0.068755 0.004113
-0.131596 -0.228956 1.513227 0.030731 -0.074688 0.051849 0.056383 0.052291 0.076704 0.004188
-0.129136 -0.233130 1.513515 0.032814 -0.066022 0.053326 0.063390 0.053715 0.084918 0.004101
-0.126657 -0.237293 1.513934 0.034723 -0.056822 0.055693 0.068801 0.056103 0.089931 0.004217
-0.124131 -0.241410 1.514680 0.036424 -0.047189 0.055547 0.069059 0.056802 0.089989 0.004092
-0.121547 -0.245454 1.515739 0.037913 -0.036947 0.051004 0.066777 0.054261 0.088216 0.003855
-0.118903 -0.249412 1.516918 0.039189 -0.025752 0.047146 0.064213 0.050466 0.082465 0.003897
-0.116199 -0.253274 1.517956 0.040269 -0.013729 0.045946 0.062922 0.047759 0.077977 0.004050
-0.113429 -0.257027 1.518679 0.041166 -0.001320 0.046551 0.063488 0.047483 0.075267 0.003936
-0.110586 -0.260650 1.519019 0.041893 0.010990 0.049207 0.065016 0.046124 0.072492 0.003887
-0.107666 -0.264119 1.518960 0.042462 0.022091 0.053385 0.068045 0.045284 0.070460 0.003927
-0.104675 -0.267406 1.518556 0.042879 0.030830 0.056157 0.072048 0.049618 0.071419 0.004239
-0.101631 -0.270491 1.517955 0.043146 0.037413 0.058183 0.074519 0.055024 0.072687 0.004232
-0.098562 -0.273359 1.517315 0.043274 0.042890 0.059986 0.074467 0.060843 0.073612 0.004367
-0.095493 -0.276007 1.516746 0.043288 0.048563 0.061222 0.070950 0.064111 0.071478 0.005380
-0.092444 -0.278437 1.516244 0.043233 0.055341 0.063241 0.066059 0.067783 0.068430 0.004589
-0.089435 -0.280648 1.515786 0.043163 0.063799 0.067043 0.063195 0.070755 0.065200 0.004875
-0.086490 -0.282640 1.515411 0.043130 0.073684 0.072478 0.064123 0.073416 0.065491 0.005276
-0.083652 -0.284409 1.515280 0.043168 0.083767 0.078927 0.067701 0.074766 0.066908 0.005178
-0.080978 -0.285959 1.515631 0.043291 0.091961 0.084441 0.073246 0.077104 0.071629 0.004751
-0.078535 -0.287305 1.516777 0.043495 0.096583 0.088117 0.079545 0.079325 0.076029 0.004853
-0.076369 -0.288471 1.519042 0.043758 0.096771 0.089988 0.086858 0.081793 0.082024 0.004659
-0.074493 -0.289487 1.522740 0.044038 0.092490 0.089998 0.089958 0.081902 0.085518 0.004408
-0.072858 -0.290389 1.528021 0.044301 0.083601 0.090000 0.089996 0.080106 0.086565 0.004615
-0.071344 -0.291209 1.534860 0.044525 0.069536 0.086085 0.090000 0.076506 0.085697 0.004179
-0.069778 -0.291969 1.543046 0.044670 0.050987 0.073678 0.090000 0.069822 0.081798 0.003848
-0.067986 -0.292684 1.552117 0.044679 0.030716 0.059761 0.083895 0.063070 0.074310 0.003890
-0.065871 -0.293358 1.561478 0.044535 0.011572 0.050381 0.076185 0.059034 0.065576 0.008242
-0.063430 -0.293984 1.570647 0.044260 -0.004807 0.047448 0.071222 0.056794 0.059497 0.003664
-0.060707 -0.294550 1.579362 0.043883 -0.018209 0.047845 0.068292 0.055114 0.056839 0.003792
-0.057752 -0.295038 1.587513 0.043423 -0.029230 0.049216 0.066296 0.054116 0.056208 0.003611
-0.054604 -0.295435 1.595066 0.042892 -0.038593 0.050678 0.064730 0.053951 0.056411 0.003695
-0.051284 -0.295733 1.602019 0.042300 -0.046744 0.050988 0.063247 0.054857 0.056863 0.003879
-0.047809 -0.295930 1.608380 0.041655 -0.053504 0.050635 0.062210 0.056706 0.057751 0.003859
-0.044194 -0.296026 1.614183 0.040964 -0.058311 0.052043 0.062301 0.058469 0.059528 0.003847
-0.040455 -0.296025 1.619511 0.040230 -0.060988 0.054471 0.062899 0.059916 0.061662 0.003849
-0.036601 -0.295928 1.624472 0.039458 -0.061788 0.057305 0.063797 0.061312 0.063809 0.004081
-0.032639 -0.295738 1.629187 0.038651 -0.061162 0.059949 0.064549 0.062563 0.065574 0.003848
-0.028572 -0.295456 1.633761 0.037813 -0.059580 0.062080 0.065044 0.063735 0.066789 0.004062
-0.024404 -0.295082 1.638280 0.036951 -0.057394 0.063627 0.065169 0.064704 0.067407 0.004021
-0.020137 -0.294620 1.642801 0.036071 -0.054831 0.064746 0.065015 0.065444 0.067535 0.003984
-0.015778 -0.294070 1.647356 0.035181 -0.052038 0.065444 0.064558 0.065894 0.067250 0.003600
-0.011332 -0.293436 1.651953 0.034290 -0.049105 0.065832 0.063978 0.066201 0.066719 0.003611
-0.006806 -0.292721 1.656589 0.033404 -0.046064 0.066066 0.063360 0.066406 0.066052 0.003589
-0.002208 -0.291929 1.661251 0.032531 -0.042908 0.066163 0.062815 0.066677 0.065350 0.003689
0.002452 -0.291062 1.665926 0.031678 -0.039555 0.066143 0.062392 0.067075 0.064688 0.003586
0.007166 -0.290123 1.670608 0.030850 -0.035824 0.066028 0.062109 0.067606 0.064084 0.003597
0.011920 -0.289115 1.675293 0.030054 -0.031452 0.065855 0.061906 0.068120 0.063486 0.003635
0.016696 -0.288040 1.679982 0.029294 -0.026163 0.065588 0.061697 0.068409 0.062812 0.003762
0.021474 -0.286899 1.684669 0.028573 -0.019742 0.065189 0.061445 0.068169 0.062002 0.003606
0.026228 -0.285697 1.689337 0.027893 -0.012162 0.064767 0.061128 0.067119 0.060982 0.003605
0.030931 -0.284433 1.693950 0.027252 -0.003678 0.064392 0.060723 0.065571 0.059703 0.003675
0.035563 -0.283113 1.698456 0.026650 0.005251 0.063969 0.060336 0.063872 0.058306 0.003698
0.040105 -0.281739 1.702791 0.026084 0.014069 0.063748 0.060029 0.061681 0.056972 0.003818
0.044552 -0.280315 1.706891 0.025551 0.022082 0.063711 0.059930 0.060093 0.056090 0.003604
0.048903 -0.278845 1.710705 0.025048 0.028734 0.063876 0.060107 0.059595 0.055981 0.003684
0.053164 -0.277332 1.714213 0.024573 0.033781 0.064247 0.060618 0.060222 0.056742 0.003840
0.057341 -0.275781 1.717433 0.024126 0.037294 0.064767 0.061427 0.061611 0.058145 0.003901
0.061440 -0.274195 1.720411 0.023705 0.039570 0.065370 0.062445 0.063322 0.059850 0.003934
0.065463 -0.272575 1.723215 0.023310 0.041001 0.066038 0.063523 0.064909 0.061563 0.003839
0.069410 -0.270924 1.725916 0.022940 0.041936 0.066716 0.064595 0.066222 0.063136 0.003952
0.073279 -0.269241 1.728586 0.022591 0.042622 0.067392 0.065572 0.067185 0.064512 0.003855
0.077070 -0.267524 1.731289 0.022261 0.043181 0.068060 0.066443 0.067904 0.065716 0.004120
0.080780 -0.265774 1.734080 0.021947 0.043628 0.068767 0.067144 0.068382 0.066770 0.003994
0.084409 -0.263986 1.737008 0.021648 0.043878 0.069519 0.067665 0.068801 0.067723 0.004011
0.087957 -0.262157 1.740116 0.021361 0.043786 0.070262 0.067897 0.069093 0.068521 0.003842
0.091425 -0.260284 1.743434 0.021088 0.043156 0.070959 0.067795 0.069219 0.069137 0.003936
0.094820 -0.258364 1.746982 0.020830 0.041757 0.071419 0.067320 0.069243 0.069523 0.003597
0.098152 -0.256392 1.750761 0.020589 0.039406 0.071521 0.066489 0.069105 0.069622 0.003703
0.101433 -0.254367 1.754753 0.020368 0.036008 0.071256 0.065424 0.068860 0.069479 0.003589
0.104682 -0.252288 1.758925 0.020170 0.031574 0.070766 0.064314 0.068591 0.069203 0.003682
0.107914 -0.250156 1.763240 0.019997 0.026197 0.070302 0.063356 0.068383 0.068899 0.003761
0.111149 -0.247973 1.767665 0.019852 0.019984 0.069998 0.062661 0.068240 0.068601 0.003603
0.114403 -0.245741 1.772175 0.019737 0.013016 0.069718 0.062241 0.068111 0.068282 0.005179
0.117695 -0.243464 1.776750 0.019652 0.005394 0.069079 0.062059 0.068024 0.067811 0.004973
0.121042 -0.241146 1.781367 0.019598 -0.002652 0.068145 0.061993 0.067853 0.067059 0.003693
0.124459 -0.238790 1.785995 0.019572 -0.010811 0.067083 0.061994 0.067554 0.066212 0.003607
0.127960 -0.236399 1.790602 0.019574 -0.018771 0.066074 0.062063 0.067206 0.065480 0.003676
0.131554 -0.233975 1.795158 0.019599 -0.026193 0.064638 0.062306 0.067304 0.064935 0.003702
0.135245 -0.231518 1.799646 0.019643 -0.032518 0.063601 0.062962 0.067758 0.064883 0.003615
0.139034 -0.229029 1.804081 0.019702 -0.037234 0.063794 0.064082 0.068173 0.065460 0.003662
0.142914 -0.226505 1.808510 0.019772 -0.040222 0.064724 0.065464 0.068543 0.066367 0.003860
0.146879 -0.223946 1.813007 0.019848 -0.041665 0.065929 0.066928 0.068964 0.067388 0.003852
0.150922 -0.221350 1.817650 0.019926 -0.041850 0.067056 0.068315 0.069420 0.068310 0.003897
0.155037 -0.218716 1.822515 0.020004 -0.041039 0.067980 0.069516 0.069853 0.069050 0.003844
0.159214 -0.216046 1.827667 0.020079 -0.039432 0.068611 0.070417 0.070142 0.069524 0.003907
0.163444 -0.213340 1.833148 0.020149 -0.037166 0.068863 0.070922 0.070224 0.069673 0.003849
0.167715 -0.210600 1.838982 0.020212 -0.034319 0.068741 0.070976 0.069989 0.069499 0.003599
0.172012 -0.207828 1.845162 0.020267 -0.030940 0.068226 0.070541 0.069387 0.068948 0.003944
0.176319 -0.205024 1.851654 0.020314 -0.027076 0.067410 0.069668 0.068440 0.068089 0.005160
0.180619 -0.202191 1.858398 0.020352 -0.022786 0.066392 0.068509 0.067244 0.067025 0.005735
0.184893 -0.199330 1.865322 0.020382 -0.018144 0.065313 0.067277 0.066031 0.065901 0.003633
0.189125 -0.196442 1.872348 0.020405 -0.013203 0.064305 0.066200 0.065006 0.064888 0.005374
0.193299 -0.193526 1.879410 0.020420 -0.007966 0.063401 0.065429 0.064308 0.064057 0.005091
0.197400 -0.190583 1.886455 0.020427 -0.002352 0.062567 0.064996 0.063930 0.063382 0.003769
0.201412 -0.187611 1.893445 0.020427 0.003807 0.061761 0.064837 0.063683 0.062749 0.004653
0.205313 -0.184609 1.900352 0.020418 0.010701 0.060950 0.064849 0.063201 0.061997 0.007416
0.209084 -0.181575 1.907142 0.020397 0.018417 0.060185 0.064895 0.062110 0.060959 0.006848
0.212703 -0.178506 1.913771 0.020362 0.026834 0.059363 0.064904 0.060580 0.059519 0.004890
0.216155 -0.175398 1.920175 0.020309 0.035662 0.058531 0.064914 0.058493 0.057631 0.004296
0.219434 -0.172247 1.926276 0.020234 0.044441 0.057889 0.064948 0.056175 0.055532 0.005995
0.222546 -0.169047 1.931991 0.020133 0.052636 0.057635 0.065170 0.054842 0.054032 0.006413
0.225506 -0.165794 1.937266 0.020006 0.059899 0.057934 0.065698 0.055012 0.054005 0.006312
0.228331 -0.162483 1.942094 0.019851 0.066172 0.058607 0.066511 0.056348 0.055554 0.005545
0.231038 -0.159111 1.946515 0.019666 0.071652 0.059402 0.067570 0.058221 0.058039 0.006614
0.233637 -0.155679 1.950604 0.019448 0.076683 0.060229 0.068852 0.060129 0.060850 0.006470
0.236131 -0.152183 1.954448 0.019191 0.081625 0.061127 0.070258 0.061705 0.063601 0.004256
0.238522 -0.148625 1.958140 0.018888 0.086710 0.062232 0.071654 0.062916 0.066168 0.004193
0.240804 -0.145000 1.961772 0.018530 0.091960 0.063733 0.072860 0.063792 0.068550 0.004578
0.242973 -0.141303 1.965434 0.018111 0.097114 0.065847 0.073766 0.064518 0.070873 0.004415
0.245023 -0.137527 1.969220 0.017630 0.101617 0.068466 0.074303 0.065350 0.073145 0.004366
0.246951 -0.133663 1.973227 0.017088 0.104712 0.071282 0.074339 0.066364 0.075208 0.004205
0.248763 -0.129699 1.977547 0.016492 0.105589 0.073754 0.073618 0.067473 0.076744 0.003876
0.250475 -0.125624 1.982247 0.015854 0.103575 0.075264 0.071774 0.068386 0.077353 0.004349
0.252117 -0.121435 1.987341 0.015192 0.098324 0.075320 0.068507 0.068750 0.076806 0.003978
0.253731 -0.117133 1.992772 0.014524 0.089941 0.073718 0.063909 0.068361 0.075233 0.021046
0.255363 -0.112733 1.998410 0.013868 0.078990 0.070986 0.058834 0.067503 0.073320 0.026059
0.257043 -0.108254 2.004105 0.013237 0.066343 0.068445 0.054778 0.066906 0.071865 0.004569
0.258779 -0.103721 2.009749 0.012638 0.052868 0.067456 0.052685 0.067022 0.070962 0.006115
0.260563 -0.099159 2.015306 0.012080 0.039086 0.067865 0.051976 0.067384 0.069791 0.006516
0.262381 -0.094590 2.020780 0.011573 0.025106 0.067885 0.051621 0.067234 0.067695 0.004600
0.264224 -0.090034 2.026150 0.011126 0.010960 0.066561 0.051357 0.066348 0.064788 0.004148
0.266090 -0.085509 2.031354 0.010742 -0.003037 0.063521 0.051056 0.065469 0.061801 0.003949
0.267975 -0.081027 2.036298 0.010419 -0.016005 0.059751 0.050897 0.064991 0.059211 0.007394
0.269872 -0.076592 2.040899 0.010149 -0.026790 0.057042 0.051276 0.064806 0.057679 0.004016
0.271763 -0.072202 2.045112 0.009928 -0.034571 0.056193 0.052348 0.064582 0.057370 0.004926
0.273631 -0.067852 2.048944 0.009748 -0.039169 0.056649 0.053918 0.064092 0.058017 0.004067
0.275460 -0.063538 2.052435 0.009600 -0.040943 0.057304 0.055633 0.063148 0.059118 0.004168
0.277238 -0.059251 2.055625 0.009474 -0.040496 0.057220 0.057165 0.061533 0.060389 0.005093
0.278951 -0.054989 2.058535 0.009350 -0.038451 0.055952 0.058327 0.058741 0.061700 0.004068
0.280588 -0.050746 2.061146 0.009205 -0.035440 0.053603 0.058904 0.054343 0.062854 0.004229
0.282138 -0.046518 2.063395 0.009008 -0.032226 0.050940 0.058634 0.048515 0.063211 0.005451
0.283589 -0.042295 2.065177 0.008733 -0.029718 0.048852 0.057448 0.043294 0.061939 0.004911
0.284936 -0.038066 2.066380 0.008369 -0.028604 0.047637 0.056374 0.041756 0.059576 0.005210
0.286175 -0.033812 2.066926 0.007917 -0.028522 0.042173 0.058779 0.046612 0.057079 0.005253
0.287304 -0.029514 2.066836 0.007376 -0.027388 0.045581 0.064046 0.053110 0.058810 0.005057
0.288330 -0.025155 2.066314 0.006751 -0.024263 0.054912 0.068689 0.057030 0.061508 0.004621
0.289262 -0.020731 2.065643 0.006057 -0.020180 0.063808 0.071962 0.062869 0.063644 0.003903
0.290111 -0.016249 2.065136 0.005327 -0.016132 0.071361 0.075566 0.070647 0.065283 0.004146
0.290887 -0.011724 2.065141 0.004599 -0.012059 0.077138 0.081364 0.079208 0.067104 0.004623
0.291603 -0.007178 2.066027 0.003902 -0.006764 0.079347 0.086502 0.084890 0.068226 0.004248
0.292263 -0.002627 2.068009 0.003247 0.001362 0.076586 0.085581 0.084365 0.066993 0.009213
0.292844 0.001925 2.070959 0.002628 0.013086 0.071847 0.080617 0.077906 0.063532 0.006468
0.293310 0.006490 2.074476 0.002029 0.027419 0.065872 0.074617 0.067866 0.057302 0.005092
0.293642 0.011087 2.078040 0.001433 0.042534 0.059219 0.069911 0.057517 0.048813 0.006152
0.293868 0.015734 2.081150 0.000823 0.056789 0.054350 0.065908 0.046957 0.040853 0.006003
0.294050 0.020440 2.083444 0.000186 0.068816 0.054530 0.065198 0.047688 0.042025 0.004808
0.294253 0.025196 2.084857 -0.000476 0.078580 0.055525 0.065022 0.051321 0.048523 0.005542
0.294521 0.029978 2.085472 -0.001169 0.087042 0.053599 0.066872 0.056787 0.054251 0.006317
0.294877 0.034753 2.085402 -0.001905 0.096323 0.050667 0.068038 0.059858 0.056935 0.009568
0.295336 0.039483 2.084711 -0.002698 0.108318 0.049340 0.069068 0.060996 0.060249 0.007008
0.295908 0.044126 2.083472 -0.003566 0.123928 0.050944 0.070607 0.062502 0.065905 0.009281
0.296573 0.048645 2.081857 -0.004528 0.143139 0.057396 0.073353 0.064171 0.074545 0.009136
0.297262 0.053017 2.080189 -0.005609 0.164520 0.066928 0.077637 0.065618 0.083879 0.007996
0.297838 0.057252 2.078905 -0.006831 0.185210 0.076797 0.083360 0.068121 0.089907 0.006248
0.298121 0.061393 2.078455 -0.008197 0.201862 0.085365 0.087484 0.071922 0.089983 0.005385
0.297957 0.065503 2.079180 -0.009673 0.211788 0.089932 0.088912 0.076713 0.090000 0.005262
0.297264 0.069653 2.081307 -0.011220 0.214462 0.089990 0.088241 0.081520 0.090000 0.005176
0.296056 0.073908 2.084951 -0.012804 0.211387 0.090000 0.085595 0.083241 0.090000 0.004963
0.294413 0.078315 2.090140 -0.014400 0.203330 0.090000 0.082220 0.083084 0.090000 0.006023
0.292457 0.082889 2.096853 -0.015987 0.190149 0.090000 0.078113 0.082968 0.090000 0.004298
0.290328 0.087612 2.105064 -0.017541 0.171750 0.090000 0.072651 0.083910 0.090000 0.005312
0.288163 0.092422 2.114739 -0.019028 0.148727 0.090000 0.064594 0.085515 0.090000 0.004677
0.286081 0.097217 2.125748 -0.020392 0.122017 0.090000 0.051996 0.084777 0.074358 0.005016
0.284222 0.101890 2.137666 -0.021522 0.092134 0.087500 0.039208 0.084985 0.056465 0.004717
0.282710 0.106365 2.150006 -0.022344 0.061729 0.074299 0.032654 0.082524 0.048170 0.004593
0.281580 0.110618 2.162307 -0.022879 0.035800 0.066807 0.031533 0.078488 0.047199 0.004382
0.280753 0.114655 2.174294 -0.023174 0.015904 0.065715 0.032474 0.074460 0.048027 0.004063
0.280127 0.118480 2.185854 -0.023255 0.001182 0.064264 0.032761 0.075173 0.046181 0.004644
0.279599 0.122096 2.196974 -0.023120 -0.007915 0.067978 0.035427 0.079445 0.046177 0.004808
0.279066 0.125507 2.207813 -0.022739 -0.011572 0.078296 0.040589 0.082462 0.048870 0.005083
0.278453 0.128705 2.218674 -0.022072 -0.012538 0.085306 0.046306 0.086655 0.049900 0.004500
0.277731 0.131674 2.229871 -0.021087 -0.012905 0.089947 0.053380 0.087841 0.056367 0.005645
0.276905 0.134393 2.241677 -0.019786 -0.014046 0.089018 0.059476 0.089995 0.055246 0.005612
0.276000 0.136847 2.254246 -0.018203 -0.015880 0.089999 0.066346 0.083264 0.071672 0.005209
0.275050 0.139025 2.267608 -0.016420 -0.017875 0.063973 0.066198 0.089974 0.044803 0.007740
0.273982 0.140987 2.281192 -0.014473 -0.013481 0.078443 0.050766 0.055913 0.063305 0.008464
0.272776 0.142771 2.294470 -0.012431 -0.013537 0.046949 0.047389 0.055064 0.034649 0.004972
0.271502 0.144379 2.306893 -0.010332 -0.013936 0.065049 0.056427 0.053884 0.054879 0.004804
0.270204 0.145838 2.318593 -0.008204 -0.016128 0.037755 0.048129 0.049691 0.036937 0.005016
0.268899 0.147185 2.329291 -0.006072 -0.016864 0.057488 0.062358 0.052234 0.056804 0.005236
0.267595 0.148456 2.339243 -0.003967 -0.017499 0.035839 0.049748 0.050016 0.046682 0.006675
0.266277 0.149681 2.348290 -0.001903 -0.015822 0.055882 0.067304 0.052397 0.064833 0.005351
0.264932 0.150878 2.356751 0.000076 -0.013279 0.029395 0.057532 0.048319 0.057137 0.005153
0.263527 0.152062 2.364466 0.001934 -0.007518 0.050402 0.073465 0.049461 0.073156 0.004156
0.262034 0.153245 2.371775 0.003621 -0.001012 0.041247 0.072259 0.043459 0.060761 0.004845
0.260450 0.154449 2.378627 0.005128 0.006250 0.047677 0.082194 0.055026 0.071308 0.004218
0.258762 0.155719 2.385314 0.006429 0.015457 0.045273 0.078562 0.048740 0.070663 0.004102
0.256950 0.157093 2.391848 0.007509 0.026093 0.048949 0.084355 0.053015 0.076778 0.004221
0.254987 0.158607 2.398398 0.008344 0.038184 0.047136 0.082565 0.051285 0.076845 0.004835
0.252846 0.160294 2.404990 0.008921 0.051736 0.050027 0.088092 0.052770 0.079467 0.005489
0.250494 0.162193 2.411757 0.009216 0.066522 0.049323 0.089686 0.052319 0.080785 0.004986
0.247905 0.164356 2.418758 0.009212 0.082484 0.051297 0.089999 0.052773 0.080602 0.004420
0.245065 0.166835 2.425999 0.008911 0.099107 0.052658 0.090000 0.050466 0.080077 0.005630
0.241986 0.169685 2.433467 0.008313 0.115152 0.055997 0.090000 0.049546 0.081240 0.005085
0.238699 0.172950 2.441217 0.007417 0.128996 0.058986 0.090000 0.049109 0.085203 0.005449
0.235254 0.176655 2.449383 0.006211 0.139089 0.061854 0.090000 0.050916 0.089969 0.004613
0.231707 0.180795 2.458142 0.004692 0.144479 0.063869 0.090000 0.054367 0.089990 0.005431
0.228132 0.185344 2.467626 0.002876 0.145112 0.065643 0.090000 0.059001 0.090000 0.004636
0.224616 0.190273 2.477955 0.000788 0.141638 0.066944 0.088316 0.062693 0.090000 0.004757
0.221257 0.195544 2.489195 -0.001542 0.134846 0.066977 0.086536 0.064425 0.090000 0.004766
0.218146 0.201107 2.501335 -0.004094 0.125365 0.065442 0.081096 0.063468 0.089290 0.004614
0.215372 0.206900 2.514158 -0.006828 0.113571 0.062119 0.069203 0.061232 0.075966 0.003919
0.213021 0.212856 2.527130 -0.009651 0.100224 0.056966 0.052637 0.058814 0.062674 0.004100
0.211130 0.218921 2.539672 -0.012475 0.086808 0.051518 0.035795 0.056156 0.055089 0.004352
0.209646 0.225048 2.551368 -0.015254 0.074784 0.047721 0.023443 0.053251 0.054947 0.004269
0.208440 0.231188 2.562028 -0.017984 0.064760 0.047149 0.019679 0.051263 0.059268 0.004125
0.207354 0.237288 2.571653 -0.020678 0.056404 0.050255 0.020746 0.051674 0.061808 0.004365
0.206225 0.243291 2.580337 -0.023335 0.048879 0.055531 0.021917 0.054789 0.059930 0.003975
0.204924 0.249140 2.588194 -0.025922 0.041451 0.061145 0.023656 0.059548 0.055040 0.003877
0.203361 0.254780 2.595338 -0.028389 0.033830 0.066260 0.025895 0.064646 0.049422 0.004353
0.201489 0.260166 2.601886 -0.030679 0.026091 0.070575 0.028523 0.069409 0.044774 0.004060
0.199291 0.265258 2.607964 -0.032746 0.018514 0.074121 0.031476 0.073624 0.041690 0.004247
0.196774 0.270027 2.613702 -0.034550 0.011446 0.077114 0.034747 0.077225 0.040110 0.004808
0.193955 0.274445 2.619231 -0.036062 0.005177 0.079615 0.038234 0.080288 0.039713 0.004376
0.190862 0.278492 2.624679 -0.037261 -0.000069 0.081698 0.041861 0.082879 0.040278 0.004380
0.187524 0.282155 2.630168 -0.038134 -0.004114 0.083301 0.045499 0.084974 0.041595 0.011006
0.183970 0.285424 2.635810 -0.038676 -0.006791 0.084223 0.048998 0.086444 0.043421 0.004302
0.180223 0.288297 2.641695 -0.038889 -0.007902 0.084128 0.052147 0.086995 0.045441 0.004382
0.176298 0.290779 2.647867 -0.038787 -0.007219 0.082741 0.054675 0.086157 0.047287 0.004499
0.172203 0.292887 2.654304 -0.038398 -0.004599 0.079730 0.056276 0.083362 0.048394 0.004445
0.167934 0.294648 2.660891 -0.037761 -0.000126 0.075117 0.056733 0.078348 0.048393 0.005564
0.163486 0.296100 2.667420 -0.036926 0.005771 0.069464 0.056089 0.071332 0.047199 0.005519
0.158862 0.297285 2.673621 -0.035947 0.012295 0.063659 0.054704 0.063400 0.045159 0.005444
0.154076 0.298249 2.679219 -0.034868 0.018486 0.058832 0.053033 0.056046 0.043064 0.004841
0.149160 0.299033 2.683993 -0.033726 0.023462 0.055391 0.051514 0.050581 0.041506 0.004532
0.144146 0.299672 2.687796 -0.032542 0.026644 0.053401 0.050473 0.047465 0.040995 0.004573
0.139065 0.300195 2.690564 -0.031329 0.027748 0.052842 0.050056 0.046285 0.041811 0.004128
0.133938 0.300624 2.692302 -0.030094 0.026649 0.053251 0.050377 0.046715 0.044173 0.004052
0.128776 0.300973 2.693075 -0.028843 0.023414 0.053962 0.051614 0.048797 0.048013 0.004255
0.123583 0.301250 2.693002 -0.027582 0.018498 0.054462 0.053757 0.052267 0.052931 0.003891
0.118358 0.301458 2.692236 -0.026321 0.012867 0.054485 0.056370 0.056135 0.058054 0.004003
0.113103 0.301598 2.690936 -0.025075 0.007818 0.053829 0.058629 0.058989 0.062330 0.004213
0.107824 0.301669 2.689210 -0.023860 0.004570 0.052350 0.059760 0.059713 0.064982 0.004116
0.102534 0.301672 2.687084 -0.022693 0.003850 0.050195 0.059520 0.058027 0.065878 0.004510
0.097249 0.301609 2.684488 -0.021589 0.005726 0.047863 0.058526 0.054873 0.065468 0.004437
0.091984 0.301484 2.681306 -0.020563 0.009806 0.046033 0.057774 0.051703 0.064302 0.005305
0.086755 0.301304 2.677423 -0.019622 0.015575 0.044946 0.057757 0.049530 0.062845 0.005129
0.081580 0.301077 2.672758 -0.018772 0.022626 0.044391 0.058391 0.048253 0.061737 0.004616
0.076477 0.300817 2.667256 -0.018015 0.030438 0.045485 0.058619 0.043670 0.059977 0.005204
0.071454 0.300538 2.660877 -0.017357 0.037670 0.047911 0.060585 0.042012 0.060623 0.006173
0.066499 0.300256 2.653680 -0.016806 0.043433 0.048421 0.063430 0.045305 0.063009 0.004813
0.061593 0.299983 2.645793 -0.016370 0.048211 0.048854 0.066051 0.048527 0.065157 0.005076
0.056716 0.299728 2.637352 -0.016057 0.052822 0.050235 0.068669 0.052257 0.067233 0.005093
0.051860 0.299496 2.628503 -0.015872 0.057948 0.053020 0.071304 0.055479 0.069062 0.004834
0.047016 0.299289 2.619411 -0.015816 0.063805 0.057116 0.074802 0.058685 0.071749 0.006051
0.042168 0.299099 2.610294 -0.015889 0.070117 0.063022 0.078655 0.062329 0.075120 0.004952
0.037275 0.298917 2.601447 -0.016091 0.076085 0.070129 0.083812 0.066544 0.079578 0.005435
0.032267 0.298722 2.593266 -0.016422 0.080534 0.077950 0.089616 0.071975 0.084629 0.005902
0.027049 0.298490 2.586221 -0.016872 0.082255 0.085931 0.089984 0.078520 0.087770 0.005708
0.021534 0.298195 2.580711 -0.017394 0.080501 0.089944 0.090000 0.084186 0.089272 0.005785
0.015679 0.297812 2.576997 -0.017952 0.075603 0.089993 0.090000 0.084593 0.089176 0.005599
0.009494 0.297322 2.575157 -0.018535 0.067738 0.090000 0.090000 0.083977 0.088383 0.006369
0.003030 0.296704 2.575209 -0.019142 0.056713 0.090000 0.090000 0.083910 0.087329 0.005893
-0.003625 0.295948 2.577177 -0.019766 0.042462 0.090000 0.090000 0.083994 0.085617 0.004480
-0.010347 0.295054 2.581054 -0.020394 0.025200 0.089008 0.087758 0.085063 0.081258 0.006873
-0.016985 0.294043 2.586681 -0.020997 0.006389 0.079766 0.079776 0.083401 0.075523 0.003839
-0.023414 0.292951 2.593602 -0.021561 -0.010810 0.071944 0.072593 0.080127 0.070625 0.004405
-0.029587 0.291807 2.601346 -0.022083 -0.024460 0.067877 0.068107 0.076729 0.067692 0.003640
-0.035511 0.290625 2.609582 -0.022565 -0.034366 0.066846 0.065954 0.073719 0.066337 0.004878
-0.041213 0.289413 2.618121 -0.023010 -0.041352 0.067061 0.065066 0.071453 0.065792 0.014430
-0.046715 0.288170 2.626864 -0.023421 -0.046435 0.067351 0.064680 0.069972 0.065509 0.003894
-0.052033 0.286893 2.635753 -0.023802 -0.050366 0.067358 0.064454 0.069057 0.065262 0.003792
-0.057173 0.285579 2.644753 -0.024154 -0.053549 0.067100 0.064281 0.068502 0.065018 0.003807
-0.062140 0.284225 2.653834 -0.024479 -0.056130 0.066764 0.064180 0.068143 0.064799 0.003835
-0.066940 0.282826 2.662971 -0.024779 -0.058114 0.066342 0.064138 0.068048 0.064615 0.003705
-0.071581 0.281381 2.672145 -0.025055 -0.059295 0.065583 0.064270 0.068913 0.064525 0.003635
-0.076079 0.279888 2.681352 -0.025306 -0.059278 0.066543 0.064822 0.068789 0.064935 0.003920
-0.080453 0.278347 2.690603 -0.025534 -0.058301 0.066765 0.064869 0.068372 0.064800 0.003732
-0.084721 0.276758 2.699887 -0.025738 -0.056648 0.066647 0.064704 0.067798 0.064502 0.003800
-0.088898 0.275123 2.709180 -0.025921 -0.054501 0.066110 0.064298 0.067085 0.063920 0.003764
-0.093001 0.273445 2.718445 -0.026082 -0.051948 0.065455 0.063847 0.066367 0.063294 0.003708
-0.097043 0.271729 2.727638 -0.026224 -0.049020 0.064790 0.063429 0.065710 0.062687 0.003811
-0.101039 0.269978 2.736720 -0.026348 -0.045710 0.064148 0.063104 0.065256 0.062183 0.003609
-0.105005 0.268197 2.745658 -0.026455 -0.041949 0.063599 0.062894 0.064994 0.061800 0.003636
-0.108958 0.266394 2.754426 -0.026545 -0.037625 0.063152 0.062738 0.064934 0.061475 0.003629
-0.112918 0.264575 2.763006 -0.026620 -0.032621 0.062978 0.062573 0.064744 0.061180 0.003605
-0.116905 0.262747 2.771378 -0.026679 -0.026943 0.062979 0.062378 0.064395 0.060903 0.003737
-0.120941 0.260916 2.779527 -0.026722 -0.020717 0.063072 0.062197 0.064025 0.060660 0.003697
-0.125043 0.259092 2.787439 -0.026747 -0.014117 0.063243 0.062081 0.063751 0.060509 0.003701
-0.129225 0.257281 2.795107 -0.026754 -0.007407 0.064213 0.061863 0.062979 0.060379 0.003821
-0.133497 0.255489 2.802535 -0.026742 -0.001176 0.065479 0.061919 0.062760 0.060647 0.003740
-0.137857 0.253719 2.809753 -0.026706 0.004028 0.066767 0.062383 0.063461 0.061394 0.003714
-0.142295 0.251975 2.816824 -0.026643 0.007953 0.068017 0.063259 0.064918 0.062543 0.003711
-0.146802 0.250255 2.823836 -0.026551 0.010634 0.069223 0.064442 0.066722 0.063895 0.003874
-0.151368 0.248560 2.830890 -0.026427 0.012280 0.070294 0.065777 0.068494 0.065308 0.003932
-0.155984 0.246889 2.838089 -0.026270 0.013153 0.071109 0.067032 0.069859 0.066611 0.003890
-0.160644 0.245244 2.845519 -0.026081 0.013464 0.071589 0.067971 0.070541 0.067693 0.003892
-0.165341 0.243626 2.853239 -0.025863 0.013303 0.071604 0.068399 0.070499 0.068459 0.003904
-0.170066 0.242039 2.861271 -0.025622 0.012651 0.071060 0.068147 0.069745 0.068783 0.003981
-0.174807 0.240483 2.869598 -0.025363 0.011428 0.069945 0.067168 0.068398 0.068571 0.004008
-0.179549 0.238954 2.878158 -0.025094 0.009552 0.068323 0.065551 0.066647 0.067837 0.003864
-0.184274 0.237446 2.886859 -0.024817 0.007011 0.066210 0.063582 0.064864 0.066691 0.003957
-0.188963 0.235946 2.895586 -0.024537 0.003943 0.063869 0.061489 0.063082 0.065286 0.004012
-0.193604 0.234438 2.904216 -0.024257 0.000574 0.061673 0.059674 0.061511 0.063904 0.003825
-0.198187 0.232904 2.912638 -0.023978 -0.002857 0.059900 0.058407 0.060276 0.062782 0.003642
-0.202709 0.231327 2.920764 -0.023704 -0.006166 0.058826 0.057830 0.059350 0.062060 0.003683
-0.207168 0.229689 2.928538 -0.023437 -0.009314 0.058526 0.057930 0.058696 0.061836 0.003616
-0.211564 0.227973 2.935939 -0.023179 -0.012429 0.058867 0.058590 0.058296 0.062024 0.009243
-0.215889 0.226166 2.942973 -0.022936 -0.015775 0.059604 0.059586 0.058077 0.062471 0.003724
-0.220133 0.224256 2.949668 -0.022709 -0.019689 0.060418 0.060684 0.058001 0.062936 0.003736
-0.224279 0.222231 2.956059 -0.022502 -0.024485 0.060922 0.061566 0.057968 0.063167 0.003734
-0.228306 0.220087 2.962174 -0.022318 -0.030318 0.060754 0.062205 0.058219 0.063084 0.003882
-0.232189 0.217819 2.968027 -0.022159 -0.037053 0.060169 0.062622 0.058596 0.062785 0.003798
-0.235909 0.215428 2.973619 -0.022026 -0.044360 0.059543 0.062896 0.058944 0.062407 0.007080
-0.239451 0.212919 2.978945 -0.021919 -0.051864 0.058813 0.063075 0.059392 0.062032 0.003752
-0.242804 0.210299 2.983994 -0.021839 -0.059075 0.057521 0.063227 0.060359 0.061751 0.012761
-0.245963 0.207575 2.988758 -0.021787 -0.065287 0.057172 0.063853 0.061337 0.061972 0.005490
-0.248933 0.204759 2.993252 -0.021764 -0.070022 0.057754 0.064788 0.062188 0.062642 0.019053
-0.251719 0.201858 2.997515 -0.021770 -0.073151 0.059033 0.065890 0.063011 0.063672 0.012842
-0.254325 0.198882 3.001605 -0.021806 -0.074800 0.060640 0.066876 0.063824 0.064820 0.004297
-0.256757 0.195836 3.005590 -0.021872 -0.075225 0.062279 0.067583 0.064682 0.065879 0.004236
-0.259019 0.192724 3.009535 -0.021964 -0.074706 0.063784 0.067891 0.065502 0.066625 0.004115
-0.261116 0.189551 3.013494 -0.022078 -0.073486 0.064971 0.067764 0.066263 0.066916 0.004232
-0.263055 0.186318 3.017501 -0.022207 -0.071742 0.065897 0.067257 0.066793 0.066659 0.004114
-0.264842 0.183028 3.021566 -0.022340 -0.069617 0.066347 0.066380 0.067075 0.065905 0.004008
-0.266488 0.179681 3.025676 -0.022469 -0.067187 0.066506 0.065417 0.067129 0.064895 0.004291
-0.268004 0.176279 3.029804 -0.022583 -0.064491 0.066453 0.064542 0.067104 0.063898 0.004208
-0.269399 0.172825 3.033923 -0.022676 -0.061516 0.066449 0.064008 0.067254 0.063238 0.003762
-0.270685 0.169321 3.038017 -0.022741 -0.058199 0.066654 0.063792 0.067708 0.062948 0.003916
-0.271873 0.165769 3.042092 -0.022775 -0.054420 0.066958 0.063677 0.068543 0.062889 0.003949
-0.272977 0.162169 3.046162 -0.022770 -0.049944 0.067104 0.063291 0.069583 0.062999 0.003692
-0.274014 0.158525 3.050243 -0.022722 -0.044389 0.066906 0.062441 0.070572 0.063223 0.003847
-0.275008 0.154835 3.054336 -0.022623 -0.037288 0.066494 0.061082 0.071037 0.063381 0.003863
-0.275989 0.151099 3.058417 -0.022469 -0.028346 0.066186 0.058984 0.070315 0.063136 0.003888
