0.300000 0.000000 0.040000 0.000000 0.000000 0.065500 0.065500 0.065500 0.065500 0.004131
0.300000 0.000000 0.040002 0.000000 0.000000 0.065581 0.065581 0.065581 0.065581 0.004751
0.300000 0.000000 0.040021 0.000033 0.000425 0.074250 0.054544 0.079669 0.054627 0.005337
0.299998 0.000000 0.040220 0.000240 0.002896 0.086169 0.051555 0.089765 0.068673 0.004710
0.299984 -0.000001 0.040989 0.000687 0.007259 0.080763 0.056725 0.082942 0.060258 0.006252
0.299940 -0.000007 0.042255 0.001348 0.012440 0.084964 0.061475 0.082916 0.066900 0.007188
0.299847 -0.000022 0.044081 0.002191 0.016774 0.078289 0.064477 0.075090 0.060097 0.006018
0.299697 -0.000047 0.046313 0.003166 0.019796 0.078979 0.068654 0.077963 0.067589 0.005911
0.299480 -0.000082 0.049059 0.004232 0.022145 0.074704 0.073286 0.073911 0.066966 0.006145
0.299191 -0.000121 0.052341 0.005346 0.024305 0.076034 0.076179 0.078062 0.070840 0.004808
0.298815 -0.000154 0.056302 0.006487 0.027149 0.074623 0.079464 0.076134 0.071654 0.004554
0.298329 -0.000166 0.061014 0.007629 0.030743 0.075753 0.081915 0.077371 0.074666 0.004145
0.297708 -0.000132 0.066576 0.008751 0.035045 0.074661 0.083322 0.075524 0.075022 0.004011
0.296923 -0.000020 0.072997 0.009834 0.039762 0.074732 0.083522 0.074600 0.075984 0.003932
0.295950 0.000207 0.080255 0.010866 0.044474 0.073694 0.082201 0.072560 0.075230 0.003632
0.294778 0.000592 0.088261 0.011845 0.048742 0.073065 0.079935 0.070852 0.074343 0.003625
0.293409 0.001177 0.096897 0.012774 0.052151 0.072058 0.076875 0.069204 0.072783 0.003528
0.291862 0.001997 0.106026 0.013666 0.054439 0.071154 0.073524 0.067939 0.071097 0.003574
0.290169 0.003079 0.115509 0.014533 0.055483 0.070186 0.070032 0.066989 0.069250 0.003776
0.288369 0.004438 0.125216 0.015391 0.055300 0.069267 0.066548 0.066277 0.067392 0.003948
0.286501 0.006079 0.135022 0.016257 0.053986 0.068351 0.063101 0.065716 0.065559 0.003955
0.284605 0.007995 0.144815 0.017146 0.051691 0.067442 0.059757 0.065236 0.063810 0.003954
0.282713 0.010170 0.154490 0.018072 0.048594 0.066522 0.056612 0.064764 0.062206 0.003845
0.280851 0.012580 0.163953 0.019047 0.044878 0.065590 0.053821 0.064317 0.060795 0.003821
0.279034 0.015197 0.173123 0.020081 0.040734 0.064699 0.051539 0.063882 0.059609 0.004005
0.277272 0.017988 0.181935 0.021181 0.036334 0.063918 0.049894 0.063496 0.058648 0.003779
0.275563 0.020922 0.190339 0.022351 0.031824 0.063320 0.048933 0.063189 0.057873 0.003830
0.273903 0.023966 0.198301 0.023593 0.027303 0.062933 0.048606 0.062971 0.057264 0.003794
0.272284 0.027095 0.205806 0.024908 0.022824 0.062701 0.048792 0.062835 0.056832 0.003969
0.270699 0.030286 0.212850 0.026295 0.018408 0.062579 0.049399 0.062763 0.056560 0.003795
0.269138 0.033521 0.219439 0.027754 0.014062 0.062481 0.050318 0.062751 0.056465 0.003837
0.267597 0.036788 0.225587 0.029280 0.009804 0.062368 0.051470 0.062778 0.056591 0.003788
0.266070 0.040077 0.231310 0.030869 0.005890 0.060034 0.052688 0.063861 0.056634 0.004241
0.264547 0.043386 0.236623 0.032512 0.003281 0.059798 0.055162 0.064833 0.058182 0.005585
0.263010 0.046714 0.241586 0.034199 0.002373 0.061439 0.058066 0.064816 0.060237 0.004501
0.261443 0.050066 0.246291 0.035916 0.002695 0.062864 0.060841 0.064584 0.062253 0.004054
0.259835 0.053446 0.250829 0.037650 0.003601 0.063855 0.063246 0.064070 0.064201 0.004096
0.258179 0.056859 0.255272 0.039385 0.004565 0.063515 0.065138 0.063457 0.065724 0.004212
0.256473 0.060308 0.259669 0.041104 0.005364 0.063375 0.066674 0.062537 0.067223 0.004038
0.254718 0.063795 0.264051 0.042789 0.005823 0.061821 0.067753 0.061598 0.068112 0.004168
0.252913 0.067323 0.268423 0.044423 0.005988 0.061776 0.068710 0.060548 0.069256 0.004129
0.251061 0.070894 0.272798 0.045991 0.005729 0.059825 0.069307 0.059815 0.069634 0.003943
0.249164 0.074507 0.277170 0.047480 0.005232 0.060351 0.070038 0.059332 0.070554 0.003779
0.247226 0.078166 0.281557 0.048880 0.004428 0.058883 0.070534 0.059472 0.070845 0.003896
0.245248 0.081870 0.285971 0.050186 0.003663 0.059489 0.071328 0.060153 0.071678 0.003797
0.243230 0.085623 0.290450 0.051393 0.003174 0.058882 0.072099 0.061365 0.072336 0.003786
0.241167 0.089428 0.295038 0.052495 0.003557 0.058064 0.073803 0.062627 0.073639 0.004010
0.239047 0.093286 0.299788 0.053482 0.005448 0.058112 0.075147 0.062717 0.074774 0.003786
0.236847 0.097200 0.304739 0.054343 0.008928 0.058374 0.075892 0.062095 0.075488 0.004025
0.234544 0.101169 0.309908 0.055070 0.013717 0.058588 0.076122 0.061225 0.075753 0.005086
0.232111 0.105193 0.315292 0.055658 0.019440 0.058847 0.076088 0.060597 0.075755 0.003795
0.229523 0.109268 0.320879 0.056105 0.025796 0.059257 0.075903 0.060520 0.075609 0.004633
0.226757 0.113390 0.326666 0.056414 0.032615 0.059978 0.075599 0.061114 0.075435 0.004841
0.223787 0.117556 0.332661 0.056593 0.039758 0.061495 0.075575 0.061196 0.075344 0.003893
0.220590 0.121763 0.338884 0.056648 0.046768 0.063482 0.075857 0.061705 0.075574 0.004046
0.217150 0.126007 0.345389 0.056586 0.053156 0.065611 0.076425 0.063451 0.076289 0.004102
0.213451 0.130287 0.352265 0.056417 0.058733 0.067742 0.077448 0.065821 0.077379 0.006398
0.209479 0.134603 0.359632 0.056149 0.063542 0.069815 0.079079 0.068225 0.079058 0.006364
0.205219 0.138953 0.367637 0.055783 0.067631 0.071886 0.081295 0.069738 0.081412 0.004750
0.200657 0.143333 0.376447 0.055311 0.070736 0.074098 0.083763 0.070574 0.084933 0.004356
0.195790 0.147735 0.386251 0.054718 0.072228 0.076394 0.085898 0.070841 0.088439 0.004581
0.190642 0.152139 0.397235 0.053985 0.071254 0.077849 0.087310 0.070825 0.089990 0.007267
0.185276 0.156512 0.409520 0.053103 0.067110 0.077374 0.087232 0.069087 0.089999 0.004851
0.179811 0.160811 0.423098 0.052062 0.059379 0.074019 0.084685 0.065736 0.088771 0.005103
0.174408 0.164979 0.437785 0.050854 0.048267 0.066512 0.079519 0.059569 0.082177 0.004341
0.169236 0.168953 0.453146 0.049486 0.034746 0.055604 0.071654 0.052962 0.072386 0.004295
0.164419 0.172686 0.468598 0.047977 0.020575 0.042383 0.063680 0.046484 0.060219 0.004575
0.159989 0.176164 0.483559 0.046349 0.007666 0.031513 0.056412 0.042552 0.049900 0.004628
0.155895 0.179405 0.497591 0.044629 -0.002620 0.024600 0.051794 0.040076 0.042028 0.004839
0.152043 0.182445 0.510417 0.042836 -0.009708 0.022711 0.048687 0.038569 0.038787 0.004528
0.148334 0.185325 0.521891 0.040981 -0.013641 0.022356 0.047555 0.036910 0.037976 0.004206
0.144690 0.188086 0.531939 0.039066 -0.014746 0.023475 0.047648 0.035791 0.039302 0.004074
0.141051 0.190760 0.540544 0.037086 -0.013441 0.025074 0.049137 0.035141 0.041487 0.004343
0.137380 0.193380 0.547728 0.035033 -0.010151 0.027827 0.051489 0.035251 0.044549 0.003776
0.133657 0.195970 0.553558 0.032895 -0.005345 0.031459 0.054292 0.035943 0.048280 0.004012
0.129876 0.198554 0.558132 0.030661 0.000420 0.035834 0.057006 0.037261 0.052597 0.003868
0.126040 0.201150 0.561582 0.028320 0.006495 0.040361 0.059202 0.039067 0.056968 0.003971
0.122155 0.203769 0.564059 0.025864 0.012196 0.044749 0.060623 0.041058 0.060845 0.004103
0.118227 0.206418 0.565707 0.023290 0.016827 0.048294 0.060730 0.042341 0.063312 0.004062
0.114259 0.209094 0.566622 0.020602 0.019707 0.049664 0.058663 0.041795 0.063485 0.005410
0.110254 0.211791 0.566800 0.017810 0.020294 0.048040 0.053846 0.038298 0.061371 0.004542
0.106211 0.214498 0.566114 0.014926 0.018216 0.044715 0.046447 0.032487 0.057781 0.005890
0.102119 0.217202 0.564372 0.011965 0.013156 0.042724 0.038319 0.026830 0.053875 0.005119
0.097952 0.219901 0.561414 0.008946 0.004787 0.041611 0.032819 0.024950 0.050734 0.005681
0.093661 0.222598 0.557164 0.005883 -0.006724 0.038737 0.031727 0.026873 0.049055 0.004816
0.089183 0.225308 0.551628 0.002781 -0.020575 0.039862 0.033958 0.029577 0.050429 0.004883
0.084448 0.228052 0.544893 -0.000363 -0.036176 0.037833 0.037060 0.033559 0.051178 0.005132
0.079392 0.230856 0.537072 -0.003555 -0.052345 0.039109 0.042010 0.040103 0.053983 0.005276
0.073976 0.233748 0.528349 -0.006799 -0.067718 0.040660 0.048143 0.046656 0.056812 0.004847
0.068197 0.236751 0.518958 -0.010102 -0.080783 0.044754 0.055909 0.054275 0.060838 0.004571
0.062100 0.239879 0.509207 -0.013469 -0.090068 0.050794 0.065133 0.061803 0.065318 0.005405
0.055785 0.243130 0.499481 -0.016906 -0.094421 0.058696 0.075847 0.069554 0.070131 0.005060
0.049397 0.246472 0.490258 -0.020421 -0.093195 0.068842 0.087347 0.077798 0.075141 0.004608
0.043099 0.249847 0.482056 -0.023998 -0.086531 0.080015 0.089920 0.086352 0.073750 0.004987
0.037018 0.253186 0.475203 -0.027560 -0.075586 0.088186 0.089997 0.089942 0.067406 0.004582
0.031211 0.256431 0.469760 -0.031028 -0.062348 0.086571 0.090000 0.089994 0.063091 0.006727
0.025691 0.259557 0.465560 -0.034386 -0.046818 0.082848 0.090000 0.086997 0.061069 0.004632
0.020445 0.262572 0.462324 -0.037666 -0.029541 0.077894 0.090000 0.077562 0.059221 0.004301
0.015448 0.265512 0.459639 -0.040917 -0.013131 0.073118 0.078590 0.069541 0.056514 0.004930
0.010677 0.268422 0.457001 -0.044135 0.000458 0.070709 0.066961 0.066011 0.054017 0.006379
0.006122 0.271321 0.454076 -0.047289 0.010661 0.071269 0.059512 0.067565 0.053608 0.008187
0.001776 0.274200 0.450779 -0.050339 0.018026 0.072889 0.055697 0.072042 0.054776 0.006826
-0.002377 0.277032 0.447191 -0.053246 0.023914 0.075584 0.054043 0.077669 0.056514 0.009683
-0.006360 0.279786 0.443483 -0.055973 0.029768 0.078989 0.053277 0.082314 0.058534 0.007487
-0.010202 0.282437 0.439857 -0.058483 0.036409 0.083157 0.054251 0.086503 0.061429 0.006244
-0.013946 0.284964 0.436555 -0.060749 0.043981 0.087553 0.056637 0.089478 0.065070 0.004796
-0.017647 0.287359 0.433834 -0.062755 0.051924 0.089982 0.060451 0.089995 0.069231 0.005152
-0.021373 0.289621 0.431911 -0.064517 0.059521 0.089997 0.065128 0.089958 0.073939 0.004702
-0.025191 0.291758 0.430965 -0.066074 0.066578 0.090000 0.069859 0.088768 0.078497 0.005092
-0.029169 0.293778 0.431162 -0.067474 0.072612 0.090000 0.074550 0.087515 0.083020 0.005576
-0.033365 0.295684 0.432673 -0.068768 0.077033 0.090000 0.079159 0.086430 0.087051 0.004537
-0.037825 0.297476 0.435672 -0.070006 0.079351 0.090000 0.082722 0.085848 0.089981 0.009398
-0.042568 0.299147 0.440303 -0.071224 0.079261 0.090000 0.084650 0.085276 0.089996 0.004784
-0.047581 0.300688 0.446637 -0.072436 0.076522 0.090000 0.085395 0.085017 0.090000 0.005021
-0.052816 0.302087 0.454720 -0.073650 0.071043 0.090000 0.084919 0.085233 0.090000 0.005801
-0.058193 0.303325 0.464571 -0.074855 0.063002 0.090000 0.082193 0.086304 0.087635 0.005944
-0.063605 0.304377 0.476112 -0.076014 0.052898 0.090000 0.075948 0.087160 0.079747 0.004042
-0.068931 0.305229 0.489103 -0.077054 0.041132 0.090000 0.067092 0.087038 0.069685 0.003936
-0.074047 0.305886 0.503188 -0.077897 0.028002 0.084317 0.058060 0.083938 0.060087 0.003705
-0.078856 0.306368 0.517893 -0.078520 0.014894 0.074492 0.051150 0.079053 0.053230 0.003733
-0.083337 0.306699 0.532737 -0.078940 0.003773 0.067270 0.047297 0.074452 0.049931 0.003604
-0.087540 0.306893 0.547379 -0.079187 -0.004444 0.064373 0.045850 0.070812 0.049152 0.003611
-0.091537 0.306948 0.561639 -0.079285 -0.010121 0.064296 0.045668 0.067994 0.049404 0.003529
-0.095381 0.306852 0.575440 -0.079246 -0.014307 0.064966 0.045953 0.065980 0.049744 0.003583
-0.099097 0.306590 0.588752 -0.079078 -0.018026 0.065237 0.046331 0.064690 0.049860 0.003635
-0.102687 0.306151 0.601557 -0.078788 -0.021605 0.062544 0.046670 0.065789 0.049184 0.003540
-0.106164 0.305525 0.613832 -0.078381 -0.024012 0.062065 0.048097 0.067152 0.049414 0.003732
-0.109562 0.304705 0.625598 -0.077857 -0.024639 0.064038 0.049931 0.067385 0.050290 0.003874
-0.112917 0.303689 0.636904 -0.077217 -0.023931 0.065675 0.051520 0.067452 0.050988 0.003820
-0.116250 0.302475 0.647802 -0.076461 -0.022532 0.067106 0.052833 0.067251 0.051735 0.003843
-0.119569 0.301070 0.658333 -0.075591 -0.021009 0.067165 0.053596 0.067041 0.052004 0.003821
-0.122875 0.299481 0.668514 -0.074611 -0.019626 0.067579 0.054202 0.066297 0.052506 0.003841
-0.126164 0.297721 0.678350 -0.073527 -0.018658 0.066229 0.054238 0.065782 0.052243 0.003779
-0.129431 0.295803 0.687824 -0.072344 -0.018060 0.066674 0.054619 0.064596 0.052792 0.003799
-0.132667 0.293740 0.696924 -0.071071 -0.018090 0.064522 0.054298 0.064206 0.052177 0.004086
-0.135865 0.291547 0.705624 -0.069713 -0.018522 0.065628 0.054960 0.063113 0.053094 0.003856
-0.139016 0.289234 0.713927 -0.068277 -0.019655 0.063476 0.054766 0.063361 0.052648 0.007338
-0.142114 0.286815 0.721825 -0.066767 -0.021066 0.064636 0.055902 0.063315 0.053869 0.004538
-0.145153 0.284297 0.729351 -0.065188 -0.022782 0.063703 0.056437 0.064349 0.054307 0.003664
-0.148132 0.281689 0.736538 -0.063542 -0.024299 0.064147 0.057688 0.065535 0.055566 0.003538
-0.151056 0.278998 0.743440 -0.061832 -0.025178 0.064073 0.058720 0.066994 0.056631 0.004415
-0.153938 0.276230 0.750110 -0.060060 -0.024847 0.064025 0.059632 0.068274 0.057689 0.008009
-0.156799 0.273392 0.756588 -0.058228 -0.022778 0.063959 0.060173 0.068930 0.058513 0.003861
-0.159671 0.270490 0.762897 -0.056338 -0.018712 0.064111 0.060194 0.068559 0.059001 0.003635
-0.162585 0.267531 0.769030 -0.054393 -0.012872 0.064570 0.059713 0.067227 0.059226 0.003542
-0.165571 0.264524 0.774961 -0.052396 -0.006016 0.065636 0.058680 0.065038 0.059198 0.006154
-0.168645 0.261471 0.780657 -0.050348 0.000633 0.067009 0.057494 0.063193 0.059277 0.003804
-0.171807 0.258372 0.786100 -0.048246 0.005888 0.068232 0.056699 0.062822 0.059778 0.003917
-0.175043 0.255224 0.791311 -0.046085 0.009116 0.069057 0.056498 0.063925 0.060655 0.003790
-0.178332 0.252016 0.796339 -0.043861 0.010339 0.069505 0.056728 0.065640 0.061636 0.004210
-0.181654 0.248738 0.801244 -0.041569 0.009979 0.069595 0.057177 0.067139 0.062532 0.004076
-0.184990 0.245377 0.806074 -0.039207 0.008544 0.069339 0.057671 0.067863 0.063280 0.004126
-0.188322 0.241921 0.810857 -0.036780 0.006450 0.068465 0.058285 0.068067 0.063976 0.004177
-0.191633 0.238360 0.815595 -0.034295 0.004054 0.067307 0.058772 0.067209 0.064373 0.004036
-0.194909 0.234683 0.820265 -0.031764 0.001583 0.065362 0.059603 0.066702 0.064875 0.004037
-0.198139 0.230882 0.824831 -0.029203 -0.000626 0.063762 0.059969 0.064551 0.064497 0.004189
-0.201311 0.226951 0.829235 -0.026627 -0.002485 0.061020 0.061169 0.064504 0.064976 0.004036
-0.204420 0.222888 0.833426 -0.024053 -0.003550 0.060112 0.061281 0.060905 0.063543 0.004049
-0.207462 0.218694 0.837338 -0.021495 -0.004094 0.057306 0.063430 0.062480 0.064974 0.004365
-0.210439 0.214373 0.840958 -0.018970 -0.003538 0.057873 0.063732 0.058011 0.063186 0.003786
-0.213352 0.209933 0.844251 -0.016491 -0.002614 0.056391 0.067284 0.060593 0.066046 0.006931
-0.216206 0.205384 0.847285 -0.014076 -0.000922 0.057921 0.068946 0.057341 0.065728 0.005898
-0.219008 0.200738 0.850106 -0.011742 0.000649 0.058764 0.073282 0.058400 0.068875 0.006470
-0.221765 0.196010 0.852850 -0.009512 0.001718 0.060502 0.076790 0.057228 0.070844 0.007701
-0.224486 0.191217 0.855657 -0.007412 0.001478 0.062032 0.080581 0.056622 0.073421 0.007525
-0.227175 0.186379 0.858676 -0.005466 -0.000850 0.062772 0.083058 0.055579 0.075201 0.007075
-0.229833 0.181522 0.862012 -0.003697 -0.005824 0.062225 0.083552 0.054339 0.075758 0.006701
-0.232448 0.176677 0.865690 -0.002115 -0.013558 0.060090 0.081922 0.053309 0.074939 0.007378
-0.235000 0.171873 0.869643 -0.000720 -0.023505 0.056265 0.078785 0.052885 0.073084 0.005659
-0.237469 0.167135 0.873734 0.000496 -0.034402 0.051152 0.075077 0.053202 0.070816 0.004920
-0.239844 0.162478 0.877800 0.001546 -0.044518 0.046467 0.072134 0.054158 0.069163 0.004399
-0.242128 0.157911 0.881717 0.002437 -0.052262 0.044688 0.071292 0.055140 0.069149 0.004288
-0.244332 0.153434 0.885448 0.003172 -0.056861 0.046025 0.072396 0.055546 0.070816 0.003925
-0.246466 0.149047 0.889047 0.003742 -0.058502 0.049006 0.074429 0.055683 0.073462 0.004194
-0.248537 0.144750 0.892620 0.004138 -0.057945 0.052297 0.076444 0.056197 0.076294 0.004075
-0.250549 0.140543 0.896299 0.004349 -0.056018 0.055321 0.078003 0.057351 0.078777 0.003972
-0.252503 0.136426 0.900216 0.004369 -0.053342 0.058096 0.078987 0.059018 0.080611 0.004184
-0.254400 0.132399 0.904485 0.004202 -0.050294 0.060463 0.079291 0.061150 0.081754 0.004070
-0.256242 0.128459 0.909200 0.003856 -0.047060 0.063375 0.079331 0.063087 0.082079 0.004817
-0.258030 0.124600 0.914429 0.003350 -0.043750 0.063761 0.077422 0.065764 0.081539 0.003786
-0.259770 0.120812 0.920189 0.002710 -0.040340 0.070441 0.077816 0.065117 0.079798 0.004131
-0.261462 0.117086 0.926471 0.001965 -0.037357 0.057926 0.069136 0.071115 0.077716 0.004888
-0.263130 0.113403 0.933053 0.001125 -0.033255 0.073772 0.079904 0.043692 0.072667 0.004330
-0.264745 0.109758 0.939806 0.000157 -0.035610 0.055279 0.064279 0.056894 0.075890 0.004044
-0.266246 0.106139 0.946473 -0.000907 -0.040604 0.071698 0.063414 0.050920 0.056846 0.005129
-0.267581 0.102536 0.952881 -0.001983 -0.049411 0.048546 0.055835 0.068166 0.065089 0.005771
-0.268737 0.098939 0.958996 -0.003057 -0.054414 0.066338 0.063470 0.069051 0.056535 0.004427
-0.269745 0.095345 0.964958 -0.004073 -0.056137 0.058554 0.055420 0.076896 0.056899 0.003951
-0.270656 0.091755 0.970785 -0.004997 -0.051948 0.068114 0.058455 0.076002 0.060691 0.003962
-0.271533 0.088163 0.976607 -0.005813 -0.043800 0.069356 0.056487 0.074728 0.060639 0.005142
-0.272425 0.084561 0.982417 -0.006517 -0.033098 0.068126 0.054112 0.073634 0.060040 0.003830
-0.273378 0.080937 0.988114 -0.007108 -0.020333 0.068018 0.050215 0.069241 0.058673 0.003916
-0.274425 0.077275 0.993536 -0.007586 -0.007429 0.070055 0.044996 0.062087 0.056462 0.004580
-0.275555 0.073556 0.998524 -0.007949 0.002459 0.072847 0.042568 0.059882 0.055929 0.005678
-0.276722 0.069762 1.003059 -0.008183 0.007568 0.074761 0.043815 0.064938 0.057360 0.004047
-0.277872 0.065873 1.007273 -0.008267 0.008569 0.077403 0.046687 0.071792 0.058346 0.004179
-0.278963 0.061872 1.011379 -0.008172 0.007266 0.079300 0.049957 0.080506 0.060311 0.004302
-0.279966 0.057741 1.015602 -0.007862 0.005529 0.084805 0.052413 0.080475 0.056971 0.005331
-0.280856 0.053465 1.020071 -0.007321 0.003812 0.073831 0.054338 0.089943 0.067971 0.004049
-0.281633 0.049026 1.024848 -0.006576 0.006000 0.085860 0.070956 0.073455 0.038508 0.004494
-0.282318 0.044443 1.029751 -0.005651 0.007937 0.052753 0.061083 0.085581 0.058116 0.004775
-0.282980 0.039749 1.034565 -0.004641 0.017178 0.069702 0.076222 0.052538 0.054839 0.005749
-0.283683 0.034971 1.039196 -0.003668 0.025913 0.039923 0.070577 0.069530 0.071351 0.004778
-0.284482 0.030131 1.043665 -0.002823 0.039338 0.059293 0.083438 0.039784 0.071240 0.004870
-0.285428 0.025242 1.048063 -0.002189 0.050838 0.046798 0.075006 0.059177 0.083933 0.004909
-0.286546 0.020308 1.052515 -0.001789 0.062178 0.064927 0.086535 0.031184 0.076083 0.005498
-0.287842 0.015331 1.057079 -0.001649 0.067136 0.052313 0.080950 0.051936 0.085582 0.004046
-0.289300 0.010323 1.061852 -0.001771 0.068447 0.069352 0.084073 0.037270 0.076227 0.004379
-0.290883 0.005294 1.066895 -0.002113 0.061809 0.066271 0.081251 0.057082 0.080569 0.003826
-0.292530 0.000262 1.072358 -0.002620 0.050437 0.068328 0.076535 0.060847 0.071651 0.004200
-0.294175 -0.004760 1.078246 -0.003202 0.035752 0.081749 0.074254 0.073422 0.069097 0.004131
-0.295748 -0.009750 1.084778 -0.003737 0.017271 0.081312 0.066181 0.074254 0.064110 0.003903
-0.297140 -0.014689 1.091799 -0.004174 -0.004293 0.070135 0.065875 0.067641 0.056316 0.003795
-0.298272 -0.019553 1.098911 -0.004547 -0.026867 0.060099 0.062496 0.062551 0.053540 0.003847
-0.299123 -0.024320 1.105771 -0.004892 -0.048457 0.052833 0.058392 0.060093 0.050519 0.003912
-0.299714 -0.028979 1.112118 -0.005220 -0.066932 0.042588 0.052850 0.063132 0.046705 0.003783
-0.300109 -0.033534 1.117782 -0.005521 -0.078927 0.042295 0.052584 0.067629 0.048225 0.004121
-0.300382 -0.037997 1.122824 -0.005784 -0.082986 0.051763 0.057057 0.068122 0.053881 0.004391
-0.300581 -0.042378 1.127478 -0.006008 -0.080822 0.059688 0.060081 0.070641 0.060402 0.004535
-0.300729 -0.046686 1.132067 -0.006196 -0.075275 0.074823 0.071307 0.067595 0.066510 0.004162
-0.300817 -0.050918 1.136924 -0.006351 -0.071980 0.075058 0.047848 0.064061 0.076379 0.004463
-0.300806 -0.055091 1.141876 -0.006453 -0.075945 0.086766 0.065776 0.035278 0.045309 0.005098
-0.300599 -0.059209 1.146525 -0.006489 -0.093467 0.053453 0.038728 0.055410 0.056910 0.004882
-0.300143 -0.063275 1.150417 -0.006479 -0.115569 0.070256 0.058300 0.031902 0.029261 0.005475
-0.299430 -0.067299 1.153324 -0.006412 -0.144953 0.040375 0.033030 0.052549 0.025664 0.004879
-0.298518 -0.071293 1.154954 -0.006265 -0.173563 0.050940 0.053508 0.054316 0.012629 0.005146
-0.297446 -0.075285 1.155432 -0.006020 -0.198770 0.034563 0.026346 0.070939 0.034151 0.005039
-0.296252 -0.079309 1.154795 -0.005643 -0.214743 0.044369 0.047765 0.063670 0.017025 0.005413
-0.294933 -0.083408 1.153175 -0.005131 -0.222501 0.048785 0.050451 0.078210 0.011193 0.004895
-0.293427 -0.087639 1.150918 -0.004437 -0.218169 0.043669 0.052398 0.089079 0.034231 0.005371
-0.291636 -0.092061 1.148477 -0.003567 -0.197626 0.062379 0.069419 0.082031 0.054033 0.005034
-0.289503 -0.096713 1.146367 -0.002581 -0.168251 0.077220 0.039693 0.069770 0.070716 0.004967
-0.287082 -0.101577 1.144805 -0.001467 -0.139896 0.088355 0.059102 0.080773 0.083541 0.004469
-0.284364 -0.106587 1.144459 -0.000233 -0.114512 0.089933 0.067271 0.087734 0.089855 0.004876
-0.281394 -0.111664 1.145775 0.001095 -0.089857 0.086676 0.076721 0.089967 0.089982 0.004073
-0.278296 -0.116751 1.148829 0.002471 -0.063584 0.079837 0.070628 0.082468 0.090000 0.004860
-0.275244 -0.121819 1.153247 0.003840 -0.036162 0.071324 0.064944 0.068783 0.089904 0.004294
-0.272366 -0.126868 1.158399 0.005148 -0.010476 0.066907 0.052099 0.051810 0.073644 0.004894
-0.269681 -0.131920 1.163451 0.006426 0.009229 0.065116 0.040690 0.039310 0.061436 0.005343
-0.267097 -0.136991 1.167799 0.007696 0.021264 0.049900 0.037982 0.038118 0.065676 0.005379
-0.264505 -0.142076 1.171102 0.008931 0.028452 0.052086 0.039976 0.032415 0.044422 0.004538
-0.261819 -0.147143 1.173104 0.010148 0.032486 0.025117 0.041722 0.052985 0.062995 0.005206
-0.259001 -0.152139 1.173860 0.011306 0.039448 0.046694 0.060779 0.033100 0.034390 0.004883
-0.256033 -0.157016 1.173309 0.012417 0.046216 0.023296 0.032706 0.053567 0.054661 0.004772
-0.252894 -0.161723 1.171363 0.013503 0.056324 0.045099 0.053233 0.028673 0.027337 0.004938
-0.249563 -0.166207 1.167975 0.014567 0.065397 0.033379 0.042212 0.049780 0.048625 0.004839
-0.246047 -0.170424 1.163283 0.015614 0.075499 0.053804 0.061183 0.034961 0.029787 0.004870
-0.242380 -0.174355 1.157488 0.016645 0.082784 0.051182 0.060582 0.055142 0.050738 0.004840
-0.238653 -0.178018 1.151058 0.017662 0.090004 0.068451 0.075835 0.070319 0.060168 0.005081
-0.234970 -0.181440 1.144776 0.018678 0.096589 0.081841 0.087338 0.065712 0.063576 0.005219
-0.231481 -0.184697 1.139237 0.019682 0.097283 0.089818 0.089919 0.078411 0.078139 0.005120
-0.228348 -0.187854 1.135062 0.020680 0.092554 0.089971 0.089997 0.087202 0.089027 0.005628
-0.225627 -0.190929 1.132659 0.021672 0.085862 0.090000 0.090000 0.089741 0.089940 0.006225
-0.223284 -0.193916 1.132151 0.022660 0.078816 0.090000 0.090000 0.089754 0.090000 0.005420
-0.221265 -0.196812 1.133558 0.023645 0.071607 0.090000 0.090000 0.089519 0.090000 0.005127
-0.219512 -0.199609 1.136882 0.024628 0.064162 0.090000 0.090000 0.089635 0.090000 0.005732
-0.217965 -0.202303 1.142131 0.025609 0.056540 0.090000 0.090000 0.089996 0.090000 0.004788
-0.216560 -0.204887 1.149314 0.026589 0.048884 0.090000 0.090000 0.090000 0.090000 0.004609
-0.215238 -0.207355 1.158429 0.027567 0.041104 0.090000 0.089629 0.088765 0.090000 0.004444
-0.213925 -0.209703 1.169415 0.028533 0.032801 0.085503 0.088675 0.084788 0.090000 0.004665
-0.212538 -0.211940 1.181992 0.029425 0.024006 0.068165 0.089230 0.066439 0.090000 0.004387
-0.210993 -0.214085 1.195582 0.030103 0.014994 0.052354 0.088309 0.057256 0.087911 0.004250
-0.209254 -0.216151 1.209755 0.030488 0.006897 0.054165 0.087852 0.052249 0.084941 0.003817
-0.207299 -0.218138 1.224324 0.030584 -0.001487 0.054907 0.082622 0.052788 0.080447 0.004026
-0.205087 -0.220035 1.239129 0.030440 -0.010865 0.060386 0.079376 0.053336 0.076755 0.003900
-0.202553 -0.221838 1.254072 0.030100 -0.021255 0.046651 0.073039 0.058989 0.082832 0.004367
-0.199702 -0.223580 1.268830 0.029577 -0.029116 0.033350 0.052647 0.039789 0.051933 0.004044
-0.196614 -0.225309 1.282632 0.028938 -0.035044 0.036465 0.059923 0.045163 0.066757 0.004073
-0.193334 -0.227033 1.295542 0.028174 -0.039832 0.050024 0.059250 0.037374 0.047663 0.004313
-0.189859 -0.228749 1.307515 0.027326 -0.046071 0.039721 0.058341 0.048969 0.065626 0.005327
-0.186174 -0.230443 1.318682 0.026382 -0.051959 0.059042 0.063968 0.043006 0.047447 0.004118
-0.182260 -0.232105 1.329084 0.025382 -0.059892 0.040933 0.056146 0.056150 0.065452 0.004355
-0.178111 -0.233723 1.338790 0.024317 -0.065925 0.060128 0.067634 0.052548 0.047338 0.004043
-0.173744 -0.235289 1.347896 0.023224 -0.071984 0.046006 0.053043 0.061707 0.065364 0.004812
-0.169178 -0.236796 1.356471 0.022113 -0.074823 0.064284 0.069037 0.065378 0.047495 0.004542
-0.164448 -0.238237 1.364716 0.021032 -0.075872 0.056439 0.049168 0.065845 0.064962 0.004317
-0.159590 -0.239611 1.372662 0.019997 -0.073634 0.064618 0.065200 0.076267 0.052673 0.003951
-0.154660 -0.240919 1.380547 0.019053 -0.066001 0.059241 0.047991 0.079264 0.061350 0.004069
-0.149773 -0.242162 1.388475 0.018223 -0.051827 0.074796 0.063675 0.075096 0.065152 0.003765
-0.145010 -0.243344 1.396722 0.017495 -0.036733 0.075213 0.052448 0.068555 0.063046 0.003840
-0.140400 -0.244478 1.405136 0.016880 -0.023706 0.071715 0.053026 0.070367 0.063095 0.003703
-0.135947 -0.245582 1.413605 0.016371 -0.011529 0.068689 0.052110 0.068564 0.060446 0.003648
-0.131667 -0.246673 1.422007 0.015959 0.000344 0.068231 0.051205 0.065646 0.059866 0.003589
-0.127568 -0.247764 1.430249 0.015636 0.010859 0.070288 0.051749 0.061211 0.059930 0.003872
-0.123622 -0.248867 1.438299 0.015392 0.018035 0.072753 0.055178 0.062811 0.061669 0.003913
-0.119779 -0.249990 1.446256 0.015226 0.021424 0.074650 0.059621 0.068886 0.064262 0.003911
-0.115995 -0.251137 1.454328 0.015147 0.022373 0.076805 0.063011 0.075784 0.066818 0.003865
-0.112248 -0.252317 1.462750 0.015173 0.022635 0.079731 0.064821 0.080177 0.068118 0.004218
-0.108536 -0.253540 1.471717 0.015326 0.023147 0.081725 0.064801 0.083809 0.068924 0.004113
-0.104865 -0.254822 1.481348 0.015630 0.024147 0.084563 0.065302 0.082063 0.067464 0.004123
-0.101228 -0.256183 1.491672 0.016097 0.024970 0.081293 0.063258 0.087410 0.069757 0.004278
-0.097626 -0.257645 1.502671 0.016728 0.025948 0.088306 0.069561 0.069512 0.059955 0.004600
-0.093991 -0.259216 1.514114 0.017473 0.023300 0.056609 0.064613 0.082639 0.075349 0.004367
-0.090330 -0.260902 1.525727 0.018232 0.025833 0.063120 0.078932 0.050251 0.044486 0.004159
-0.086701 -0.262680 1.537068 0.018957 0.027666 0.053113 0.056972 0.067707 0.063047 0.004229
-0.083128 -0.264511 1.547971 0.019664 0.031355 0.054080 0.069769 0.038291 0.045398 0.004163
-0.079617 -0.266370 1.558216 0.020315 0.032495 0.057945 0.054527 0.057935 0.063790 0.004696
-0.076136 -0.268233 1.567845 0.020940 0.032003 0.052020 0.060374 0.038165 0.041620 0.004061
-0.072646 -0.270088 1.576630 0.021537 0.028585 0.059191 0.056039 0.057830 0.060696 0.003995
-0.069123 -0.271915 1.584798 0.022132 0.023596 0.059714 0.052682 0.051672 0.053411 0.004375
-0.065537 -0.273715 1.592310 0.022742 0.016736 0.057739 0.060219 0.059942 0.054823 0.003802
-0.061876 -0.275479 1.599268 0.023361 0.010040 0.057133 0.061995 0.058583 0.052650 0.003536
-0.058153 -0.277199 1.605705 0.023983 0.003731 0.059196 0.064556 0.057697 0.053259 0.003834
-0.054373 -0.278864 1.611679 0.024599 -0.003015 0.060342 0.065508 0.057721 0.054522 0.004337
-0.050534 -0.280468 1.617246 0.025207 -0.010605 0.060498 0.065223 0.058273 0.055899 0.003548
-0.046629 -0.282008 1.622426 0.025805 -0.018757 0.058639 0.063617 0.059909 0.056580 0.004916
-0.042652 -0.283482 1.627214 0.026398 -0.026163 0.055879 0.061421 0.063285 0.057340 0.004907
-0.038611 -0.284896 1.631632 0.026992 -0.031042 0.057727 0.061707 0.065557 0.059761 0.004408
-0.034522 -0.286251 1.635793 0.027594 -0.032981 0.061084 0.062711 0.067079 0.062604 0.003796
-0.030395 -0.287544 1.639856 0.028207 -0.032594 0.065371 0.065116 0.067873 0.065544 0.003850
-0.026238 -0.288771 1.643987 0.028832 -0.030911 0.067031 0.065933 0.069228 0.067618 0.004858
-0.022057 -0.289924 1.648313 0.029466 -0.028500 0.070426 0.069312 0.068869 0.069742 0.003794
-0.017855 -0.290995 1.652935 0.030104 -0.025980 0.066539 0.066043 0.071149 0.070071 0.004066
-0.013641 -0.291979 1.657874 0.030742 -0.023016 0.076230 0.075463 0.065411 0.072701 0.004167
-0.009405 -0.292865 1.663190 0.031372 -0.023044 0.068425 0.049057 0.065314 0.071153 0.005030
-0.005123 -0.293670 1.668401 0.032028 -0.025876 0.064022 0.066749 0.043978 0.046718 0.004307
-0.000761 -0.294412 1.673036 0.032684 -0.032617 0.048757 0.042506 0.062631 0.062499 0.004102
0.003691 -0.295103 1.676980 0.033351 -0.037345 0.057493 0.061425 0.055270 0.052793 0.003875
0.008227 -0.295747 1.680334 0.034022 -0.041014 0.053467 0.046602 0.065908 0.064052 0.004126
0.012841 -0.296342 1.683215 0.034710 -0.041657 0.059259 0.064767 0.060561 0.060412 0.003830
0.017530 -0.296882 1.685792 0.035392 -0.040882 0.059422 0.054492 0.064751 0.066416 0.004404
0.022288 -0.297362 1.688162 0.036067 -0.038327 0.058736 0.071078 0.063712 0.067301 0.003786
0.027111 -0.297770 1.690546 0.036686 -0.033340 0.056635 0.072066 0.069159 0.072353 0.003845
0.031976 -0.298099 1.693161 0.037222 -0.024932 0.064765 0.075291 0.062960 0.076856 0.003747
0.036853 -0.298339 1.696142 0.037654 -0.016311 0.062661 0.072510 0.061350 0.075477 0.003527
0.041717 -0.298490 1.699398 0.037981 -0.008081 0.060376 0.070569 0.061076 0.073770 0.003621
0.046543 -0.298553 1.702819 0.038212 0.000332 0.059269 0.068800 0.060572 0.071919 0.003565
0.051310 -0.298529 1.706313 0.038354 0.009144 0.059024 0.067335 0.059593 0.070064 0.003605
0.055995 -0.298418 1.709804 0.038420 0.018032 0.059766 0.065951 0.057643 0.068034 0.003639
0.060583 -0.298223 1.713211 0.038419 0.026118 0.061012 0.065087 0.055932 0.066306 0.003671
0.065070 -0.297943 1.716479 0.038361 0.032450 0.062268 0.065166 0.055806 0.065488 0.003584
0.069458 -0.297578 1.719593 0.038252 0.036551 0.063254 0.066144 0.057491 0.065712 0.003862
0.073751 -0.297128 1.722591 0.038099 0.038590 0.064050 0.067557 0.060137 0.066573 0.003788
0.077952 -0.296590 1.725546 0.037905 0.039155 0.064815 0.068938 0.062804 0.067576 0.004028
0.082062 -0.295962 1.728540 0.037673 0.038908 0.065608 0.069973 0.064871 0.068360 0.003849
0.086084 -0.295243 1.731647 0.037407 0.038336 0.066344 0.070635 0.066259 0.068852 0.003799
0.090017 -0.294433 1.734921 0.037111 0.037711 0.066908 0.070957 0.067107 0.069070 0.003860
0.093862 -0.293534 1.738397 0.036788 0.037156 0.067290 0.071016 0.067537 0.069080 0.003986
0.097620 -0.292545 1.742092 0.036442 0.036692 0.067526 0.070867 0.067664 0.068951 0.003892
0.101293 -0.291467 1.746006 0.036076 0.036280 0.067639 0.070552 0.067636 0.068745 0.004026
0.104883 -0.290303 1.750131 0.035691 0.035863 0.067630 0.070071 0.067484 0.068461 0.003949
0.108392 -0.289051 1.754451 0.035292 0.035361 0.067653 0.069407 0.067119 0.068111 0.003559
0.111825 -0.287714 1.758940 0.034881 0.034638 0.067598 0.068651 0.066836 0.067782 0.003718
0.115188 -0.286293 1.763569 0.034462 0.033570 0.067625 0.067745 0.066377 0.067415 0.003588
0.118490 -0.284788 1.768308 0.034037 0.031975 0.067692 0.066831 0.065963 0.067122 0.003541
0.121743 -0.283202 1.773125 0.033611 0.029649 0.067807 0.065911 0.065522 0.066860 0.003534
0.124960 -0.281536 1.777990 0.033188 0.026367 0.067961 0.065029 0.065056 0.066602 0.003590
0.128159 -0.279792 1.782872 0.032771 0.021895 0.067974 0.064196 0.064623 0.066277 0.003618
0.131364 -0.277975 1.787736 0.032363 0.016093 0.067534 0.063368 0.064373 0.065776 0.003626
0.134598 -0.276087 1.792542 0.031967 0.009071 0.066456 0.062541 0.064399 0.065038 0.003530
0.137883 -0.274132 1.797241 0.031584 0.001307 0.064683 0.061701 0.064856 0.064081 0.003629
0.141236 -0.272114 1.801781 0.031217 -0.006314 0.062621 0.060983 0.065798 0.063125 0.005300
0.144661 -0.270037 1.806130 0.030867 -0.012706 0.061530 0.060784 0.066916 0.062711 0.003539
0.148153 -0.267899 1.810294 0.030538 -0.017068 0.062166 0.061373 0.067904 0.063137 0.003546
0.151700 -0.265700 1.814332 0.030232 -0.019231 0.064155 0.062634 0.068665 0.064188 0.003851
0.155290 -0.263439 1.818339 0.029952 -0.019582 0.066497 0.064194 0.069361 0.065390 0.003950
0.158911 -0.261112 1.822421 0.029698 -0.018720 0.068505 0.065760 0.070066 0.066482 0.003868
0.162555 -0.258718 1.826676 0.029471 -0.017160 0.069929 0.067158 0.070684 0.067357 0.003892
0.166213 -0.256256 1.831183 0.029271 -0.015248 0.070779 0.068305 0.071091 0.068032 0.003914
0.169879 -0.253726 1.835998 0.029096 -0.013186 0.071114 0.069136 0.071147 0.068499 0.003917
0.173545 -0.251130 1.841150 0.028941 -0.011091 0.070865 0.069566 0.070835 0.068694 0.004015
0.177206 -0.248469 1.846638 0.028801 -0.009011 0.070222 0.069551 0.070050 0.068620 0.003820
0.180856 -0.245744 1.852433 0.028671 -0.006993 0.068989 0.069009 0.068825 0.068112 0.003943
0.184490 -0.242958 1.858472 0.028543 -0.005054 0.067563 0.068036 0.067224 0.067336 0.003683
0.188103 -0.240113 1.864670 0.028413 -0.003241 0.065818 0.066733 0.065485 0.066209 0.003526
0.191695 -0.237213 1.870928 0.028276 -0.001585 0.064449 0.065452 0.063778 0.065242 0.003787
0.195262 -0.234259 1.877157 0.028129 -0.000157 0.063066 0.064410 0.062584 0.064299 0.003603
0.198805 -0.231255 1.883284 0.027970 0.001098 0.062261 0.063959 0.062114 0.063905 0.003570
0.202323 -0.228200 1.889274 0.027796 0.002349 0.061585 0.064124 0.062474 0.063792 0.003527
0.205811 -0.225095 1.895122 0.027607 0.003986 0.061041 0.064794 0.063490 0.063904 0.003622
0.209260 -0.221939 1.900851 0.027401 0.006588 0.060474 0.065664 0.064621 0.063875 0.003631
0.212649 -0.218730 1.906488 0.027177 0.010762 0.059917 0.066419 0.065164 0.063414 0.003597
0.215954 -0.215466 1.912043 0.026933 0.016857 0.059536 0.066854 0.064274 0.062317 0.004543
0.219146 -0.212145 1.917494 0.026668 0.024671 0.059256 0.066948 0.062284 0.060702 0.003569
0.222203 -0.208766 1.922779 0.026377 0.033485 0.059417 0.066714 0.058916 0.058804 0.003795
0.225119 -0.205325 1.927817 0.026057 0.042103 0.059897 0.066479 0.056166 0.057599 0.003857
0.227904 -0.201820 1.932539 0.025705 0.049457 0.060578 0.066629 0.055425 0.057910 0.003896
0.230575 -0.198249 1.936932 0.025319 0.055043 0.061290 0.067334 0.056578 0.059763 0.003783
0.233153 -0.194611 1.941038 0.024895 0.058959 0.061888 0.068558 0.058821 0.062522 0.004042
0.235651 -0.190902 1.944940 0.024429 0.061716 0.062392 0.070084 0.061203 0.065404 0.006106
0.238075 -0.187121 1.948740 0.023912 0.063950 0.062849 0.071629 0.063101 0.067882 0.006182
0.240426 -0.183264 1.952533 0.023336 0.066173 0.063330 0.072930 0.064253 0.069778 0.004260
0.242703 -0.179327 1.956396 0.022695 0.068650 0.063874 0.073898 0.064983 0.071157 0.004086
0.244903 -0.175305 1.960386 0.021983 0.071446 0.064588 0.074400 0.065424 0.072104 0.004303
0.247025 -0.171192 1.964544 0.021197 0.074437 0.065706 0.074427 0.065803 0.072802 0.004302
0.249069 -0.166983 1.968901 0.020342 0.077325 0.067214 0.073978 0.066328 0.073301 0.004628
0.251034 -0.162672 1.973486 0.019426 0.079680 0.069093 0.072976 0.066938 0.073601 0.003795
0.252928 -0.158254 1.978321 0.018463 0.080964 0.070989 0.071328 0.067692 0.073563 0.005189
0.254761 -0.153727 1.983413 0.017472 0.080650 0.072478 0.068817 0.068236 0.072989 0.004227
0.256552 -0.149092 1.988740 0.016478 0.078310 0.073088 0.065380 0.068456 0.071812 0.003797
0.258323 -0.144358 1.994240 0.015503 0.073758 0.072573 0.061212 0.068199 0.070196 0.003829
0.260098 -0.139536 1.999814 0.014567 0.067114 0.071342 0.057013 0.067697 0.068687 0.003786
0.261892 -0.134645 2.005365 0.013687 0.058707 0.070352 0.053748 0.067375 0.067831 0.003532
0.263709 -0.129705 2.010833 0.012871 0.048838 0.070393 0.051881 0.067475 0.067598 0.003885
0.265544 -0.124735 2.016210 0.012129 0.037590 0.070978 0.050940 0.067690 0.067191 0.005299
0.267393 -0.119756 2.021507 0.011467 0.024952 0.070247 0.050173 0.067562 0.065796 0.003771
0.269256 -0.114786 2.026698 0.010889 0.011354 0.067112 0.049405 0.067111 0.063210 0.003945
0.271130 -0.109844 2.031695 0.010393 -0.001876 0.061370 0.048815 0.067360 0.059980 0.005643
0.273001 -0.104937 2.036393 0.009971 -0.012538 0.057160 0.049562 0.068262 0.057591 0.004153
0.274843 -0.100070 2.040750 0.009620 -0.018965 0.057931 0.052040 0.068873 0.057401 0.004054
0.276625 -0.095239 2.044831 0.009335 -0.021131 0.061393 0.055465 0.068996 0.058367 0.003923
0.278322 -0.090443 2.048762 0.009117 -0.020167 0.065234 0.058926 0.069334 0.059946 0.004026
0.279918 -0.085682 2.052686 0.008963 -0.017352 0.067640 0.062113 0.070040 0.061212 0.003787
0.281401 -0.080957 2.056730 0.008868 -0.013538 0.070050 0.064461 0.070455 0.063209 0.003819
0.282763 -0.076274 2.060996 0.008827 -0.009186 0.068042 0.067533 0.071456 0.062820 0.004089
0.283994 -0.071636 2.065543 0.008827 -0.004488 0.076225 0.066694 0.067730 0.069100 0.004040
0.285098 -0.067049 2.070416 0.008864 -0.002062 0.065958 0.077781 0.065973 0.045720 0.005121
0.286116 -0.062504 2.075286 0.008929 -0.003103 0.079956 0.046425 0.036863 0.064052 0.004377
0.287133 -0.057993 2.079767 0.009022 -0.014046 0.048145 0.064624 0.056741 0.047585 0.004458
0.288208 -0.053513 2.083643 0.009107 -0.026449 0.066015 0.040949 0.048208 0.065563 0.004393
0.289355 -0.049057 2.086904 0.009203 -0.040782 0.036898 0.051177 0.066066 0.052898 0.004746
0.290554 -0.044623 2.089573 0.009309 -0.048680 0.056771 0.054338 0.071450 0.069817 0.004219
0.291778 -0.040204 2.092065 0.009419 -0.049076 0.039489 0.070957 0.072725 0.057966 0.004103
0.292990 -0.035796 2.094503 0.009481 -0.040254 0.058932 0.073531 0.066254 0.073804 0.004248
0.294156 -0.031395 2.097227 0.009456 -0.027673 0.067907 0.082446 0.067381 0.069827 0.003566
0.295248 -0.027001 2.100498 0.009353 -0.014709 0.070120 0.080844 0.070808 0.070618 0.003842
0.296236 -0.022612 2.104360 0.009195 -0.001408 0.067257 0.078851 0.069328 0.067878 0.003890
0.297085 -0.018222 2.108654 0.008988 0.012774 0.063337 0.076509 0.066646 0.064419 0.003786
0.297764 -0.013818 2.113135 0.008729 0.028001 0.060057 0.074516 0.060449 0.059776 0.003882
0.298261 -0.009384 2.117504 0.008409 0.043037 0.057459 0.071855 0.049715 0.054036 0.003878
0.298607 -0.004900 2.121437 0.008017 0.055588 0.056576 0.069698 0.043022 0.050982 0.003782
0.298861 -0.000349 2.124742 0.007546 0.064249 0.056850 0.069990 0.045181 0.053430 0.003866
0.299080 0.004274 2.127434 0.006993 0.069236 0.057281 0.071258 0.048860 0.059790 0.003883
0.299299 0.008970 2.129645 0.006341 0.071612 0.055904 0.074571 0.054674 0.066806 0.004121
0.299534 0.013734 2.131552 0.005562 0.073203 0.053806 0.075835 0.055138 0.071339 0.004746
0.299796 0.018560 2.133243 0.004628 0.075400 0.049672 0.078072 0.059101 0.071845 0.004915
0.300094 0.023441 2.134703 0.003524 0.079543 0.048645 0.071278 0.048769 0.070869 0.005199
0.300445 0.028361 2.135747 0.002256 0.085318 0.041820 0.074033 0.066518 0.065201 0.005111
0.300853 0.033299 2.136331 0.000849 0.095728 0.046383 0.062753 0.037312 0.072420 0.004898
0.301331 0.038227 2.136240 -0.000732 0.106440 0.035082 0.072315 0.057118 0.068475 0.005855
0.301856 0.043115 2.135562 -0.002511 0.119834 0.047835 0.067851 0.029537 0.081860 0.005084
0.302390 0.047943 2.134400 -0.004545 0.131092 0.042591 0.075995 0.050524 0.080894 0.004604
0.302858 0.052701 2.133004 -0.006819 0.142725 0.061495 0.074820 0.058759 0.074076 0.004649
0.303182 0.057387 2.131704 -0.009234 0.153595 0.076540 0.077446 0.074422 0.084575 0.004907
0.303225 0.062011 2.131111 -0.011710 0.161862 0.087856 0.077671 0.073628 0.083821 0.004665
0.302880 0.066598 2.131570 -0.014194 0.163277 0.089926 0.078407 0.080555 0.089673 0.004929
0.302081 0.071162 2.133346 -0.016659 0.158292 0.089998 0.074259 0.081110 0.087460 0.004652
0.300849 0.075700 2.136406 -0.019064 0.147421 0.090000 0.066109 0.080696 0.080766 0.004376
0.299264 0.080185 2.140524 -0.021337 0.130724 0.090000 0.055462 0.081571 0.070262 0.004296
0.297434 0.084574 2.145420 -0.023382 0.108893 0.090000 0.044452 0.083575 0.057687 0.006525
0.295473 0.088820 2.150850 -0.025110 0.083036 0.090000 0.036839 0.083942 0.047886 0.004926
0.293488 0.092885 2.156640 -0.026472 0.054171 0.086291 0.033499 0.084846 0.043093 0.004800
0.291577 0.096745 2.162612 -0.027466 0.025858 0.072461 0.030563 0.085840 0.038700 0.004544
0.289774 0.100406 2.168510 -0.028124 0.004653 0.069589 0.030733 0.089987 0.037850 0.005839
0.288040 0.103888 2.174328 -0.028438 -0.006914 0.082018 0.036161 0.089992 0.044676 0.005275
0.286327 0.107200 2.180260 -0.028385 -0.012525 0.080231 0.039044 0.090000 0.036768 0.005231
0.284607 0.110350 2.186291 -0.027979 -0.015559 0.089948 0.044154 0.071106 0.056662 0.005038
0.282903 0.113327 2.192419 -0.027297 -0.023295 0.069916 0.046267 0.083833 0.037787 0.005649
0.281240 0.116127 2.198449 -0.026357 -0.029079 0.082943 0.040189 0.068572 0.057515 0.004918
0.279634 0.118750 2.204367 -0.025193 -0.037079 0.064051 0.049347 0.081933 0.036885 0.006767
0.278088 0.121202 2.210041 -0.023812 -0.041527 0.078502 0.039124 0.066205 0.056760 0.004721
0.276602 0.123491 2.215470 -0.022236 -0.047177 0.062205 0.053999 0.080143 0.037717 0.005381
0.275177 0.125626 2.220627 -0.020469 -0.048942 0.077087 0.039581 0.069311 0.057456 0.005928
0.273807 0.127619 2.225584 -0.018508 -0.050692 0.066382 0.057564 0.082488 0.038987 0.004799
0.272486 0.129481 2.230435 -0.016340 -0.048399 0.080277 0.046844 0.076436 0.058515 0.005071
0.271206 0.131225 2.235351 -0.013957 -0.045469 0.073760 0.062418 0.084283 0.043643 0.005070
0.269956 0.132865 2.240491 -0.011357 -0.039701 0.085807 0.062392 0.083819 0.062358 0.005080
0.268723 0.134422 2.246190 -0.008541 -0.033363 0.082204 0.068142 0.089020 0.054588 0.005335
0.267481 0.135922 2.252539 -0.005543 -0.025174 0.076227 0.080984 0.073639 0.071154 0.004467
0.266198 0.137408 2.259615 -0.002503 -0.016911 0.079389 0.075131 0.084935 0.072349 0.004923
0.264835 0.138913 2.267480 0.000542 -0.006996 0.057250 0.086820 0.058045 0.084760 0.005533
0.263333 0.140461 2.275858 0.003359 0.003562 0.045037 0.089912 0.046659 0.085855 0.004282
0.261653 0.142075 2.284539 0.005828 0.014518 0.042705 0.089996 0.043253 0.085883 0.004667
0.259765 0.143779 2.293433 0.007921 0.025762 0.041384 0.090000 0.042896 0.084491 0.004549
0.257642 0.145606 2.302477 0.009639 0.037455 0.040065 0.090000 0.041770 0.082999 0.004554
0.255264 0.147595 2.311602 0.010983 0.049513 0.040865 0.090000 0.038481 0.081638 0.004782
0.252626 0.149790 2.320756 0.011952 0.060787 0.045798 0.090000 0.032307 0.083139 0.004944
0.249756 0.152233 2.329962 0.012540 0.069524 0.044723 0.090000 0.037996 0.085115 0.005053
0.246694 0.154954 2.339303 0.012742 0.075937 0.048961 0.090000 0.034393 0.089134 0.004577
0.243482 0.157966 2.348873 0.012550 0.080003 0.040178 0.090000 0.051426 0.086058 0.004145
0.240134 0.161276 2.358627 0.012021 0.084920 0.059503 0.059285 0.046249 0.089992 0.004594
0.236641 0.164808 2.368290 0.011272 0.088759 0.031460 0.074830 0.055665 0.068994 0.004465
0.232965 0.168496 2.377533 0.010330 0.095929 0.052171 0.058658 0.036628 0.072813 0.004348
0.229088 0.172315 2.386192 0.009227 0.101581 0.044614 0.074343 0.053279 0.062665 0.004389
0.225006 0.176251 2.394363 0.007988 0.107188 0.063151 0.057067 0.044194 0.068370 0.004793
0.220734 0.180293 2.402112 0.006661 0.109374 0.051137 0.073101 0.061933 0.068681 0.004064
0.216259 0.184417 2.409633 0.005243 0.111931 0.068415 0.056247 0.050670 0.065838 0.004366
0.211594 0.188602 2.416920 0.003789 0.110338 0.062744 0.072458 0.063032 0.069244 0.005070
0.206747 0.192817 2.424227 0.002308 0.106572 0.077327 0.053947 0.064343 0.062219 0.004591
0.201755 0.197033 2.431598 0.000887 0.098406 0.068455 0.070647 0.065068 0.067045 0.003773
0.196665 0.201221 2.439130 -0.000505 0.088236 0.070067 0.051297 0.070153 0.059594 0.004073
0.191523 0.205361 2.446684 -0.001820 0.077135 0.068970 0.068543 0.060312 0.061645 0.003829
0.186375 0.209440 2.454339 -0.003121 0.062382 0.071999 0.068835 0.057952 0.067390 0.004050
0.181315 0.213447 2.462256 -0.004441 0.043753 0.061544 0.069983 0.072549 0.068430 0.003600
0.176404 0.217381 2.470456 -0.005773 0.027896 0.059902 0.059294 0.065962 0.063354 0.003558
0.171644 0.221249 2.478619 -0.007091 0.014640 0.060687 0.052978 0.062499 0.060920 0.003604
0.167022 0.225033 2.486532 -0.008377 0.002332 0.060779 0.049664 0.061252 0.059142 0.003620
0.162529 0.228703 2.494092 -0.009614 -0.009525 0.059441 0.047862 0.061590 0.056897 0.003527
0.158149 0.232232 2.501219 -0.010794 -0.020107 0.056007 0.046119 0.064156 0.053884 0.003885
0.153850 0.235605 2.507837 -0.011901 -0.027458 0.055943 0.046402 0.067216 0.052409 0.003854
0.149590 0.238822 2.513950 -0.012920 -0.030476 0.060715 0.048820 0.069225 0.052974 0.003780
0.145329 0.241886 2.519653 -0.013833 -0.029893 0.066549 0.051892 0.070893 0.054118 0.004126
0.141045 0.244798 2.525096 -0.014622 -0.027298 0.071737 0.054968 0.072366 0.055747 0.003879
0.136726 0.247558 2.530439 -0.015276 -0.024135 0.073759 0.057195 0.073843 0.056451 0.003789
0.132372 0.250163 2.535797 -0.015789 -0.021072 0.076170 0.059397 0.073716 0.058681 0.003938
0.127984 0.252613 2.541248 -0.016166 -0.018514 0.071740 0.059782 0.074757 0.056674 0.004316
0.123562 0.254910 2.546784 -0.016420 -0.016081 0.079701 0.062875 0.068852 0.064048 0.003862
0.119121 0.257054 2.552446 -0.016573 -0.016402 0.064206 0.059322 0.069610 0.050682 0.004067
0.114680 0.259055 2.557963 -0.016650 -0.018185 0.078621 0.062324 0.047628 0.068052 0.004597
0.110296 0.260907 2.563360 -0.016718 -0.026675 0.047090 0.060456 0.065598 0.054116 0.004286
0.106001 0.262612 2.568452 -0.016798 -0.032747 0.065163 0.065831 0.060160 0.069030 0.003837
0.101796 0.264181 2.573427 -0.016902 -0.037658 0.050964 0.061822 0.070486 0.055714 0.004058
0.097664 0.265629 2.578214 -0.017004 -0.037811 0.066572 0.069987 0.065936 0.068952 0.003793
0.093589 0.266973 2.583010 -0.017120 -0.036000 0.056427 0.064909 0.069030 0.058883 0.003835
0.089542 0.268232 2.587675 -0.017238 -0.030737 0.063667 0.068684 0.065386 0.065480 0.003711
0.085498 0.269427 2.592264 -0.017374 -0.024143 0.062312 0.068187 0.063366 0.064044 0.003641
0.081441 0.270571 2.596746 -0.017539 -0.016984 0.061010 0.068566 0.063562 0.064539 0.003557
0.077354 0.271681 2.601097 -0.017738 -0.008879 0.060320 0.068507 0.063353 0.064374 0.003642
0.073216 0.272773 2.605292 -0.017974 0.000298 0.060571 0.068331 0.062341 0.063899 0.003552
0.069009 0.273860 2.609297 -0.018249 0.009926 0.062563 0.067675 0.059636 0.063326 0.003694
0.064722 0.274957 2.613096 -0.018560 0.018440 0.065166 0.067593 0.058282 0.064188 0.003809
0.060357 0.276071 2.616745 -0.018905 0.024485 0.067176 0.068962 0.060171 0.066881 0.003968
0.055918 0.277202 2.620395 -0.019286 0.027891 0.068405 0.071683 0.064097 0.070459 0.003863
0.051411 0.278347 2.624254 -0.019710 0.029507 0.069435 0.074988 0.067954 0.073924 0.003868
0.046835 0.279506 2.628539 -0.020188 0.030424 0.070347 0.078268 0.070863 0.076845 0.003940
0.042186 0.280683 2.633437 -0.020733 0.031443 0.071276 0.080722 0.072187 0.079057 0.003883
0.037457 0.281885 2.639082 -0.021357 0.032843 0.071906 0.082508 0.073040 0.080580 0.003778
0.032641 0.283127 2.645559 -0.022070 0.034524 0.073118 0.082390 0.071926 0.081202 0.003899
0.027736 0.284422 2.652897 -0.022874 0.035869 0.073328 0.082661 0.073309 0.080909 0.003854
0.022750 0.285782 2.661094 -0.023759 0.036476 0.075579 0.078442 0.068540 0.079450 0.003836
0.017715 0.287211 2.670066 -0.024709 0.035049 0.072637 0.079179 0.075590 0.076522 0.003856
0.012665 0.288713 2.679724 -0.025695 0.032643 0.076007 0.065576 0.059869 0.072963 0.004149
0.007670 0.290272 2.689742 -0.026694 0.026566 0.061951 0.071857 0.075283 0.066656 0.004119
0.002758 0.291877 2.699895 -0.027700 0.023462 0.051960 0.041675 0.055950 0.070323 0.006128
-0.002124 0.293500 2.709558 -0.028709 0.021756 0.061642 0.052875 0.055908 0.041464 0.005217
-0.006978 0.295105 2.718487 -0.029655 0.017657 0.062886 0.038035 0.045239 0.050256 0.004474
-0.011744 0.296668 2.726636 -0.030540 0.009564 0.053619 0.055707 0.063661 0.052666 0.003545
-0.016414 0.298163 2.734222 -0.031379 0.003541 0.056592 0.047466 0.064388 0.052987 0.003725
-0.021026 0.299594 2.741270 -0.032149 0.000389 0.061989 0.048219 0.064467 0.055429 0.003621
-0.025612 0.300946 2.747842 -0.032837 -0.001729 0.064627 0.047921 0.062530 0.056674 0.003644
-0.030181 0.302193 2.753980 -0.033442 -0.004546 0.066073 0.048664 0.062167 0.057319 0.003673
-0.034725 0.303301 2.759723 -0.033964 -0.008813 0.066091 0.049877 0.062821 0.057338 0.003676
-0.039230 0.304244 2.765110 -0.034406 -0.014355 0.065508 0.051291 0.063642 0.057092 0.003618
-0.043682 0.304999 2.770163 -0.034768 -0.020606 0.064729 0.052768 0.064432 0.056850 0.003819
-0.048069 0.305556 2.774896 -0.035056 -0.026705 0.062152 0.053901 0.066260 0.056246 0.003537
-0.052388 0.305914 2.779307 -0.035274 -0.031232 0.062173 0.056003 0.067646 0.056647 0.003578
-0.056642 0.306077 2.783431 -0.035424 -0.033588 0.063842 0.058455 0.068471 0.057649 0.003581
-0.060837 0.306054 2.787341 -0.035509 -0.034053 0.066275 0.060859 0.068950 0.059107 0.003535
-0.064976 0.305851 2.791124 -0.035532 -0.033327 0.067971 0.062673 0.069386 0.060437 0.003521
-0.069060 0.305475 2.794860 -0.035495 -0.031995 0.069317 0.064009 0.069519 0.061690 0.003794
-0.073090 0.304932 2.798608 -0.035403 -0.030500 0.069320 0.064609 0.069522 0.062301 0.003852
-0.077066 0.304229 2.802394 -0.035260 -0.028986 0.069574 0.065059 0.069017 0.062885 0.003783
-0.080989 0.303374 2.806223 -0.035071 -0.027629 0.068361 0.064788 0.068429 0.062586 0.003781
-0.084861 0.302373 2.810068 -0.034843 -0.026389 0.068363 0.064829 0.067237 0.062647 0.003950
-0.088682 0.301236 2.813900 -0.034580 -0.025472 0.066327 0.063979 0.066422 0.061654 0.003932
-0.092452 0.299972 2.817662 -0.034288 -0.024721 0.066577 0.064085 0.065133 0.061689 0.003530
-0.096171 0.298590 2.821324 -0.033972 -0.024377 0.064711 0.063302 0.064680 0.060825 0.003721
-0.099838 0.297099 2.824846 -0.033634 -0.024192 0.064980 0.063716 0.064332 0.061248 0.003612
-0.103452 0.295509 2.828229 -0.033278 -0.024151 0.064200 0.063730 0.064790 0.061451 0.003541
-0.107014 0.293826 2.831480 -0.032907 -0.023891 0.064164 0.064331 0.065691 0.062347 0.003600
-0.110526 0.292057 2.834634 -0.032523 -0.022984 0.063985 0.064839 0.066824 0.063280 0.003695
-0.113997 0.290208 2.837722 -0.032128 -0.020923 0.063835 0.065200 0.067816 0.064144 0.003572
-0.117439 0.288284 2.840771 -0.031722 -0.017284 0.063892 0.065008 0.068165 0.064553 0.003564
-0.120871 0.286288 2.843780 -0.031305 -0.011983 0.064311 0.064348 0.067542 0.064569 0.003527
-0.124314 0.284226 2.846725 -0.030876 -0.005395 0.064691 0.063384 0.066487 0.064361 0.003540
-0.127786 0.282097 2.849569 -0.030432 0.001840 0.065474 0.061884 0.064865 0.063773 0.004656
-0.131302 0.279902 2.852261 -0.029968 0.008730 0.066912 0.059861 0.062909 0.062817 0.003534
-0.134865 0.277636 2.854755 -0.029474 0.014090 0.067945 0.058240 0.062427 0.062158 0.004001
-0.138472 0.275291 2.857033 -0.028939 0.017301 0.068362 0.057078 0.063077 0.061690 0.003938
-0.142113 0.272857 2.859096 -0.028354 0.018386 0.068342 0.056348 0.064124 0.061324 0.003785
-0.145776 0.270326 2.860951 -0.027710 0.017734 0.067851 0.055964 0.064991 0.061046 0.003948
-0.149448 0.267689 2.862596 -0.027003 0.015861 0.067026 0.055939 0.065309 0.060881 0.003785
-0.153118 0.264940 2.864022 -0.026236 0.013239 0.065907 0.056398 0.065263 0.060917 0.004068
-0.156773 0.262075 2.865214 -0.025415 0.010299 0.064644 0.057252 0.064969 0.061015 0.004159
-0.160402 0.259093 2.866156 -0.024549 0.007431 0.063300 0.058347 0.064666 0.061180 0.004288
-0.163996 0.255995 2.866832 -0.023649 0.005010 0.062094 0.059423 0.064207 0.061297 0.004729
-0.167548 0.252784 2.867228 -0.022728 0.003313 0.061228 0.060577 0.063847 0.061641 0.004777
-0.171053 0.249467 2.867340 -0.021795 0.002500 0.060980 0.061909 0.063583 0.062239 0.004314
-0.174506 0.246049 2.867187 -0.020861 0.002569 0.061488 0.063719 0.063761 0.063405 0.004199
-0.177908 0.242535 2.866822 -0.019934 0.003386 0.062784 0.066091 0.064275 0.065045 0.005487
-0.181258 0.238931 2.866340 -0.019025 0.004670 0.064701 0.069192 0.065186 0.067256 0.003791
-0.184561 0.235239 2.865878 -0.018144 0.006021 0.067053 0.072947 0.066132 0.069755 0.003887
-0.187822 0.231460 2.865607 -0.017307 0.006875 0.069587 0.077261 0.066911 0.072409 0.003778
-0.191052 0.227594 2.865726 -0.016532 0.006513 0.071820 0.081597 0.067309 0.074860 0.003872
-0.194259 0.223646 2.866429 -0.015840 0.004179 0.073096 0.084945 0.067151 0.076626 0.003952
-0.197444 0.219625 2.867864 -0.015250 -0.000679 0.073031 0.086194 0.066799 0.077169 0.003792
-0.200595 0.215549 2.870088 -0.014775 -0.008092 0.071010 0.084845 0.066371 0.076550 0.003636
-0.203688 0.211446 2.873047 -0.014413 -0.017384 0.067826 0.081564 0.065671 0.074938 0.003860
-0.206694 0.207341 2.876603 -0.014159 -0.027541 0.064634 0.077698 0.064868 0.072866 0.003636
-0.209588 0.203258 2.880588 -0.013998 -0.037437 0.061166 0.074047 0.065745 0.071132 0.003590
-0.212358 0.199213 2.884868 -0.013918 -0.045609 0.059803 0.071934 0.067036 0.070589 0.003750
-0.215003 0.195212 2.889383 -0.013905 -0.051140 0.061295 0.071692 0.067947 0.071386 0.003816
-0.217528 0.191259 2.894162 -0.013953 -0.054126 0.064223 0.072498 0.068807 0.072978 0.004017
-0.219939 0.187352 2.899294 -0.014056 -0.055265 0.067501 0.073741 0.069902 0.074801 0.003802
-0.222237 0.183489 2.904899 -0.014209 -0.055358 0.070321 0.074818 0.071344 0.076403 0.003788
-0.224418 0.179669 2.911095 -0.014408 -0.054989 0.072719 0.075712 0.072903 0.077622 0.003784
-0.226478 0.175886 2.917990 -0.014643 -0.054498 0.074367 0.076068 0.074480 0.078271 0.003772
-0.228410 0.172134 2.925659 -0.014905 -0.053965 0.075646 0.076158 0.075720 0.078402 0.003785
-0.230212 0.168408 2.934144 -0.015182 -0.053318 0.075559 0.075262 0.076707 0.077691 0.003780
-0.231887 0.164699 2.943430 -0.015462 -0.052238 0.075554 0.074203 0.076483 0.076450 0.003918
-0.233450 0.160999 2.953444 -0.015736 -0.050492 0.072483 0.071219 0.076145 0.073775 0.003798
-0.234932 0.157300 2.964031 -0.015993 -0.047538 0.072318 0.069181 0.072660 0.071242 0.003932
-0.236371 0.153594 2.974993 -0.016229 -0.043869 0.065791 0.063885 0.070514 0.066030 0.003548
-0.237810 0.149875 2.986049 -0.016438 -0.039126 0.067549 0.062201 0.063744 0.063235 0.003631
-0.239269 0.146140 2.996976 -0.016622 -0.035034 0.060301 0.056880 0.061339 0.057319 0.003607
-0.240752 0.142388 3.007524 -0.016779 -0.031244 0.062600 0.057092 0.057535 0.056221 0.003729
-0.242250 0.138621 3.017607 -0.016910 -0.028756 0.059697 0.055599 0.057973 0.054221 0.003597
-0.243745 0.134843 3.027171 -0.017011 -0.026935 0.059414 0.056482 0.060092 0.054816 0.003789
-0.245235 0.131058 3.036250 -0.017082 -0.024770 0.058762 0.056985 0.063009 0.055676 0.003533
-0.246740 0.127272 3.044892 -0.017117 -0.021108 0.058806 0.056605 0.064710 0.056063 0.003572
